   tcont2 Ip_div ref_ramp Ip_rd   trd_ref  ! control_data2.dat
    2.     3.3      3.    4.4     70.
c_a_tpl1 c_a_tpl1_eob  c_a_tpl2  c_a_tpl_min  y0   c1_y0     c2_y0
  5.         1.5         5.       0.75        1.   1.8        4.
ktime  ! volt.dat
24
time    CSU3 CSU2 CS1 CSL2 CSL3   PF1 PF2 PF3 PF4 PF5 PF6
     2.000000e+00     0.000000e+00     0.000000e+00     0.000000e+00     0.000000e+00    -0.000000e+00    -0.000000e+00    -0.000000e+00    -0.000000e+00    -0.000000e+00    -0.000000e+00    -0.000000e+00
     4.000000e+00     1.856463e+03     1.723565e+03     3.588550e+03     2.100000e+03    -2.100000e+03    -1.493832e+03    -3.150000e+03    -4.554941e+02    -7.219726e+02    -2.717822e+02    -2.100000e+03
     1.507769e+02     2.100000e+03     1.360587e+03     3.016172e+03     1.069754e+03    -2.100000e+03     1.201323e+03    -3.150000e+03     2.581564e+03     3.150000e+03    -6.976393e+02    -2.100000e+03
     2.995537e+02     2.100000e+03     1.528713e+03     2.384132e+03     1.099683e+03    -2.100000e+03     1.688813e+03    -3.150000e+03     1.958822e+03    -5.384188e+02    -3.150000e+03    -2.100000e+03
     4.483306e+02     2.100000e+03     1.220329e+03    -9.675606e+02     3.505608e+02    -2.100000e+03     1.152411e+03    -3.150000e+03    -1.718281e+03    -3.145925e+03    -3.150000e+03    -2.100000e+03
     5.971074e+02     2.100000e+03     9.654736e+02    -2.776936e+03    -9.868364e+02    -2.100000e+03     3.570328e+02    -3.150000e+03    -3.150000e+03    -3.150000e+03    -3.150000e+03    -2.100000e+03
     7.458843e+02     2.100000e+03     1.354863e+03    -1.469933e+03    -2.100000e+03    -2.100000e+03    -7.558959e+02    -3.150000e+03    -3.150000e+03    -3.150000e+03    -3.150000e+03    -2.100000e+03
     8.946612e+02     2.100000e+03     1.166977e+03     1.053793e+03    -2.100000e+03    -2.100000e+03    -2.096222e+03    -3.150000e+03    -3.150000e+03    -3.150000e+03    -3.150000e+03    -2.100000e+03
     1.043438e+03     2.094743e+03    -1.675152e+03     2.121286e+03    -2.100000e+03    -2.100000e+03    -2.100000e+03    -3.150000e+03    -3.150000e+03    -3.150000e+03    -3.150000e+03    -2.100000e+03
     1.192215e+03     2.100000e+03    -2.100000e+03     3.360543e+03    -4.917141e+01    -2.100000e+03     7.535132e+02    -1.266642e+03    -3.150000e+03    -3.150000e+03    -2.601487e+03    -2.019640e+03
     1.340992e+03     2.081321e+03    -2.039778e+03    -1.979114e+03     1.061978e+03     7.900327e+01     1.066476e+03     1.657775e+03    -2.491799e+03    -1.476171e+03     1.420809e+02     1.738695e+02
     1.489769e+03     9.831321e+02     4.937477e+02     1.671457e+03    -1.770250e+02     2.917695e+02     7.268434e+02    -1.603931e+03    -2.816213e+03    -2.583295e+03    -9.641683e+02     4.060495e+02
     1.638545e+03     8.616834e+00     5.527458e+02     1.804702e+03     6.542932e+02    -1.256253e+02     1.436829e+03    -2.902762e+02    -2.745555e+03    -3.031865e+03    -1.439858e+03     9.269585e+02
     1.802000e+03    -2.268085e+02    -2.336385e+02     1.766039e+03     7.865092e+02    -1.529398e+02     1.634145e+03    -2.126608e+02    -2.755653e+03    -2.762394e+03    -1.418057e+03     1.457904e+03
     2.002000e+03     5.904705e+02     9.159034e+00     2.295375e+03    -2.161655e+02     4.850459e+02     1.654662e+03    -1.140103e+03    -2.931014e+03    -3.024873e+03    -1.595112e+03     1.506876e+03
     2.502000e+03     3.752814e+02    -5.433014e+02     7.128763e+02    -7.727340e+02    -3.586875e+02     4.470963e+02    -8.815751e+02    -2.983919e+03    -3.034446e+03    -1.641876e+03    -3.508714e+02
     3.002000e+03    -2.656820e+02    -1.127043e+03    -1.117894e+03    -8.087817e+02    -6.621146e+02    -1.767557e+02    -8.890554e+02    -2.343226e+03    -2.607855e+03    -1.415669e+03    -6.579072e+02
     3.502000e+03    -5.979957e+02    -8.844019e+02    -1.730966e+03    -1.441036e+01    -7.924406e+02    -6.369344e+02    -1.207019e+03    -1.592207e+03    -2.013441e+03    -1.796565e+03    -8.505506e+02
     7.502000e+03    -7.327000e-01    -1.212800e+00     7.888000e-01    -2.361800e+00    -2.479000e-01    -3.177700e+00    -4.172300e+00    -5.643800e+00    -7.129500e+00    -7.823400e+00     3.897700e+00
     1.200200e+04    -6.707000e-01    -1.493300e+00    -7.096000e-01    -1.345000e+00    -5.773000e-01    -1.518900e+00    -4.184000e+00    -6.105700e+00    -5.721600e+00    -2.087600e+00    -1.139600e+00
     1.201200e+04    -6.721000e-01    -1.494800e+00    -7.134000e-01    -1.346100e+00    -5.784000e-01    -1.516700e+00    -4.183800e+00    -6.104400e+00    -5.721800e+00    -2.091900e+00    -1.137300e+00
     2.039800e+04    -1.486400e+00    -2.388400e+00    -2.977000e+00    -2.014000e+00    -1.263500e+00    -1.764000e-01    -4.049000e+00    -5.296600e+00    -5.841100e+00    -4.679700e+00     2.403000e-01
     6.519800e+04     0.000000e+00     0.000000e+00     0.000000e+00     0.000000e+00     0.000000e+00     0.000000e+00     0.000000e+00     0.000000e+00     0.000000e+00     0.000000e+00     0.000000e+00
     9.000000e+08     0.000000e+00     0.000000e+00     0.000000e+00     0.000000e+00     0.000000e+00     0.000000e+00     0.000000e+00     0.000000e+00     0.000000e+00     0.000000e+00     0.000000e+00
ktime  ! elong_ref.dat
 7
time[S] elong_ref
  0.     1.1
  3.5    1.1
  7.5    1.31
  1.2    1.67
  1.8    1.72
  2.5    1.77
  100.   1.77
ktime  ! g1.dat
 2
time   
  0.     0.
  6000.  0. 
ktime  ! g1_term.dat
 2
time
  0.     0.
  66.  -19. 
ktime  ! g2.dat
 2
time
  0      0.
  6000   0. 
ktime   ! g2_term.dat
 2
time
  0.     0.
  66.    0. 
ktime  ! g3.dat
 6
time
  0.   773.5
  3.5  773.5
  7.5  803.
  12.  820.
  6.563559e+001  820.
  6.100100e+003  820.
ktime  ! g3_term.dat
 4
time
  0.   820.
  30.  820.
  50.  795.
  66.  795.
ktime  ! g4.dat
 6
time
  0.              148.9
  3.5000e+00      148.9
  1.200000e+001   25.
  2.035960e+001   24.
  6.519600e+001   22.7609
  6.100100e+003   22.7609
ktime  ! g4_term.dat
 4
time
  0.   22.7609
  30   70.
  45   138
  66   241
ktime  ! g5.dat
 5
time
  0.          265.5
  3.5000e+00  265.5
  1.2000e+01  100.
  65.196       59.5995
  6.1001e+03   59.5995 
ktime   ! g5_term.dat
 4
time
  0.    59.5995
  30.  161.
  45.  232.
  66.  373.
ktime  ! g6.dat
 8
time
  0.0000e+00     410.5
  3.5000e+00     410.5
  1.0000e+01     410.5
  1.2000e+01     416.0
  20.3596        421.4
  2.0000e+02     421.4
  5.0000e+02     428.
  6.1001e+03     428. 
ktime  ! g6_term.dat
 3
time
  0    428.
  30.  420.
  66.  428. 
   VS1_max(V)    VS3_max(V)  CS3U_max(V)  CS2U_max(V)  CS1_max(V)  CS2L_max(V) CS3L_max(V)       PF1_max(V)  PF2_max(V) PF3_max(V) PF4_max(V) PF5_max(V) PF6_max(V)      Tu(s) ! control_data.dat
  6e3           575.        2.1e3 2.1e3 4.2e3 2.1e3 2.1e3   2.1e3 3.15e3 3.15e3 3.15e3 3.15e3 2.1e3     0.04
 c_cur_max      CS3U_max(kA)  CS2U_max(kA)  CS1_max(kA)  CS2L_max(kA) CS3L_max(kA)        PF1_max(kA)  PF2_max(kA) PF3_max(kA) PF4_max(kA) PF5_max(kA) PF6_max(kA)
  0.98        45.  45.  45.  45.  45.   48.  55.  55.  55.  52.  52.
CS3U CS2U CS1 CS2L CS3L PF1 PF2 PF3 PF4 PF5 PF6 VS3 Virt1 Virt2 Virt3 Virt4 Virt5 ! n_turn
554. 554. 554. 554. 554. 248.6 115.2 185.9 169.9 216.8 459.4 1 1 1 1 1 1  
 