ktime   !scr_data.dat
76
Time[s]   Ip   I_CSU3   I_CSU2   I_CS1   I_CSL2   I_CSL3   I_PF1   I_PF2   I_PF3   I_PF4   I_PF5   I_PF6   
0.0  0.001  11.07961  11.07972  11.08042  11.08034  11.08005  5.715803  0.6290786  0.0103436  0.155108  -0.09960567  4.96985  
0.05  0.001  10.9961  11.02794  10.95928  11.08295  10.81931  5.570511  0.6011849  0.00347555  0.1461828  -0.1077962  4.91173  
0.1  0.001  10.92274  10.99605  10.85362  11.10279  10.5622  5.425592  0.5662291  0.0003201145  0.1399596  -0.1164258  4.857315  
0.15  0.001  10.84833  10.96891  10.75201  11.12201  10.31305  5.287411  0.5329216  0.00286639  0.1383851  -0.123581  4.807214  
0.2  0.001  10.77208  10.94588  10.6537  11.14005  10.0707  5.154864  0.500648  0.01085716  0.1412588  -0.1295461  4.760516  
0.25  0.001  10.69539  10.92543  10.55799  11.15746  9.833826  5.027183  0.4692735  0.02141587  0.1462688  -0.1349175  4.71605  
0.3  0.001  10.61989  10.90607  10.46427  11.17492  9.601289  4.903787  0.4388561  0.03163617  0.1511076  -0.1401797  4.672856  
0.35  0.001  10.54517  10.8873  10.37216  11.19203  9.372706  4.784236  0.4092049  0.04155421  0.1558407  -0.1453701  4.630697  
0.4  0.001  10.47093  10.86874  10.28133  11.20847  9.147774  4.668183  0.3801623  0.0511747  0.1604973  -0.1505355  4.589391  
0.45  0.001  10.39517  10.84338  10.18885  11.21785  8.929803  4.555535  0.3517133  0.05982035  0.1642532  -0.1560792  4.548659  
0.5  0.001  10.31598  10.8043  10.09197  11.21371  8.722325  4.446298  0.3239025  0.06680256  0.1662648  -0.1623776  4.508272  
0.55  0.001  10.2334  10.75191  9.990923  11.19638  8.525005  4.340329  0.2966849  0.07216417  0.1665986  -0.1694069  4.468196  
0.6  0.001  10.14748  10.68655  9.885888  11.16618  8.337538  4.237515  0.2700331  0.07593567  0.1653029  -0.1771507  4.428416  
0.65  0.001  10.06349  10.60803  9.782433  11.12275  8.159415  4.137468  0.2439419  0.07809302  0.1621422  -0.1854556  4.388791  
0.7  0.001  9.986896  10.51594  9.686056  11.06565  7.990131  4.039767  0.2184149  0.07861129  0.1568627  -0.1941554  4.349187  
0.75  0.001  9.917408  10.41036  9.596261  10.9951  7.82943  3.944315  0.1934472  0.07751439  0.1495013  -0.2032347  4.309621  
0.8  0.001  9.854767  10.29141  9.512665  10.91133  7.677055  3.851032  0.169033  0.07481975  0.1400852  -0.2126802  4.270111  
0.85  0.001  9.800394  10.16348  9.434433  10.81781  7.53199  3.759678  0.1450277  0.07158114  0.1299009  -0.2220399  4.230609  
0.9  0.001  9.75574  10.03103  9.360717  10.71809  7.393163  3.669986  0.1212387  0.06885971  0.1202468  -0.2308979  4.191028  
0.95  0.001  9.720476  9.893885  9.291266  10.61219  7.260351  3.581868  0.09761422  0.06657769  0.1110362  -0.2393246  4.151328  
1.0  0.001  9.69432  9.751967  9.225858  10.50013  7.13334  3.495247  0.07410734  0.06467553  0.1022034  -0.2473736  4.111478  
1.05  0.001  9.670304  9.620391  9.16874  10.38219  7.013533  3.412382  0.05698995  0.06235818  0.09358933  -0.25458  4.073567  
1.1  0.001  9.640941  9.514457  9.124009  10.25853  6.902294  3.335352  0.05262386  0.05868403  0.08501439  -0.2605016  4.039656  
1.15  0.0505  9.606046  9.432627  9.090031  10.12893  6.799195  3.263605  0.06047091  0.05344018  0.07633413  -0.2652867  4.009464  
1.2  0.1  9.565388  9.37332  9.064756  9.992839  6.703791  3.196612  0.08003056  0.0463098  0.06725273  -0.2691599  3.982701  
1.25  0.1545455  9.520417  9.323466  9.031986  9.867877  6.615087  3.13414  0.1001488  0.03845056  0.05778794  -0.2713169  3.958048  
1.3  0.2090909  9.472911  9.27  8.974753  9.771952  6.53194  3.076378  0.1094645  0.031209  0.04788085  -0.2709516  3.934065  
1.35  0.2636364  9.423169  9.213966  8.895735  9.704198  6.454065  3.023539  0.108555  0.02471635  0.03753689  -0.2681757  3.910614  
1.4  0.3181818  9.371551  9.15629  8.79705  9.66414  6.381322  2.975823  0.09787399  0.01916818  0.02687495  -0.262995  3.887621  
1.45  0.3727273  9.311602  9.099603  8.693479  9.638686  6.306427  2.934482  0.08557297  0.0139739  0.01612786  -0.2580981  3.865882  
1.5  0.4272727  9.236427  9.046176  8.599318  9.61444  6.222036  2.900506  0.07984863  0.008327886  0.005520254  -0.2562434  3.846448  
1.55  0.4818182  9.146459  8.995917  8.51391  9.591797  6.128687  2.873597  0.0803776  0.002189037  -0.00489423  -0.2572661  3.829478  
1.6  0.5363636  9.042037  8.948687  8.436816  9.570985  6.026802  2.853494  0.08696873  -0.004475837  -0.01507715  -0.2610523  3.815093  
1.65  0.5909091  8.931756  8.89972  8.366072  9.550283  5.922243  2.8378  0.09666671  -0.01173785  -0.02496657  -0.2664186  3.802863  
1.7  0.6454545  8.824644  8.844257  8.300228  9.527959  5.821032  2.82418  0.1065713  -0.01956656  -0.03445117  -0.2721391  3.792262  
1.75  0.7  8.72062  8.782452  8.239007  9.504169  5.723087  2.812685  0.1168361  -0.02791597  -0.04350932  -0.2782047  3.783285  
1.8  0.7266667  8.61962  8.714389  8.182073  9.478962  5.62833  2.803321  0.1275331  -0.03678443  -0.05216476  -0.2846269  3.775913  
1.85  0.7533333  8.524633  8.643024  8.129576  9.446747  5.540275  2.795341  0.1352731  -0.04592141  -0.06078018  -0.2914736  3.769104  
1.9  0.78  8.438786  8.571317  8.081748  9.40181  5.462633  2.788063  0.1366079  -0.05498752  -0.0697095  -0.2987821  3.761814  
1.95  0.8066667  8.361905  8.499158  8.03847  9.344619  5.395163  2.781632  0.131809  -0.06389914  -0.07892293  -0.3065217  3.754117  
2.0  0.8333333  8.293852  8.426527  7.999615  9.275561  5.337624  2.776151  0.1210576  -0.07259154  -0.0883982  -0.3146699  3.746075  
2.05  0.86  8.230139  8.352539  7.961253  9.199337  5.283878  2.76977  0.1078654  -0.08111615  -0.09799923  -0.3229806  3.736738  
2.1  0.8866667  8.166171  8.276491  7.919493  9.120842  5.227622  2.760517  0.0957937  -0.08959976  -0.1075989  -0.3311909  3.725171  
2.15  0.9133333  8.102114  8.198687  7.874638  9.040173  5.169035  2.748504  0.08472484  -0.09807149  -0.1172005  -0.3392835  3.711516  
2.2  0.94  8.03806  8.119349  7.826914  8.957427  5.108245  2.733821  0.07459587  -0.1065504  -0.1268034  -0.3472401  3.695873  
2.25  0.9666667  7.974061  8.038638  7.776496  8.87269  5.045349  2.716546  0.06536739  -0.1150506  -0.136406  -0.3550437  3.678319  
2.3  0.9933333  7.910144  7.95667  7.723517  8.786033  4.980432  2.696745  0.05701297  -0.1235833  -0.1460063  -0.3626795  3.658914  
2.35  1.02  7.846319  7.873525  7.668077  8.697515  4.91356  2.674481  0.04951361  -0.1321575  -0.1556032  -0.3701355  3.637709  
2.4  1.046667  7.782585  7.789261  7.610254  8.607182  4.844793  2.649812  0.04285495  -0.1407807  -0.1651961  -0.3774026  3.614745  
2.45  1.073333  7.718936  7.703917  7.550113  8.515072  4.774184  2.622791  0.03702576  -0.1494586  -0.1747847  -0.3844734  3.590058  
2.5  1.1  7.655361  7.617523  7.487706  8.421213  4.701777  2.593469  0.03201685  -0.1581959  -0.1843687  -0.3913428  3.563679  
2.55  1.125  7.591206  7.530742  7.423354  8.327409  4.628607  2.562802  0.02755762  -0.1668113  -0.1938986  -0.3979127  3.536522  
2.6  1.15  7.525765  7.444239  7.35735  8.235461  4.555681  2.531764  0.02335732  -0.1751137  -0.2033296  -0.4041026  3.509482  
2.65  1.175  7.459032  7.357971  7.289694  8.14522  4.482918  2.500336  0.0194097  -0.1831115  -0.2126702  -0.4099376  3.482484  
2.7  1.2  7.39101  7.271902  7.220402  8.056572  4.410264  2.468511  0.01570887  -0.1908094  -0.2219257  -0.4154364  3.455475  
2.75  1.225  7.321707  7.186005  7.149503  7.969432  4.337684  2.436283  0.01225018  -0.1982099  -0.2310991  -0.4206134  3.42842  
2.8  1.25  7.251137  7.100262  7.077033  7.883729  4.265153  2.403655  0.009030396  -0.2053137  -0.2401917  -0.42548  3.401291  
2.85  1.275  7.179314  7.014655  7.00303  7.799406  4.192655  2.370627  0.006047505  -0.2121203  -0.2492035  -0.4300445  3.37407  
2.9  1.3  7.106257  6.929171  6.927533  7.716419  4.120181  2.337205  0.003300396  -0.2186287  -0.2581337  -0.4343131  3.346744  
2.95  1.325  7.031982  6.843798  6.850574  7.634726  4.047724  2.303393  0.000788229  -0.2248377  -0.2669818  -0.4382905  3.319303  
3.0  1.35  6.956511  6.758522  6.772188  7.554291  3.975283  2.269198  -0.001489476  -0.2307462  -0.275747  -0.4419802  3.29174  
3.05  1.375  6.880035  6.67466  6.692694  7.477102  3.902786  2.234729  -0.003989456  -0.2362978  -0.2843467  -0.4455927  3.264195  
3.1  1.4  6.802749  6.593569  6.612488  7.4052  3.830142  2.200116  -0.007171121  -0.2414174  -0.2926803  -0.4493404  3.236816  
3.15  1.425  6.724663  6.515178  6.531672  7.338452  3.757348  2.165373  -0.01099251  -0.2460799  -0.3007243  -0.4532036  3.209601  
3.2  1.45  6.645797  6.439417  6.450263  7.276737  3.684408  2.130513  -0.01542657  -0.2502677  -0.3084629  -0.4571684  3.182545  
3.25  1.475  6.566171  6.366204  6.368211  7.219932  3.611331  2.095543  -0.02045888  -0.2539735  -0.3158916  -0.4612288  3.15564  
3.3  1.5  6.485801  6.295456  6.285451  7.167915  3.538125  2.060467  -0.02608362  -0.2571971  -0.3230141  -0.4653853  3.128879  
3.35  1.525  6.404704  6.227087  6.201911  7.120564  3.4648  2.025284  -0.03230071  -0.2599428  -0.3298388  -0.4696427  3.10225  
3.4  1.55  6.322895  6.16101  6.117525  7.077762  3.391364  1.989992  -0.03911396  -0.262218  -0.3363769  -0.4740087  3.075744  
3.45  1.575  6.240386  6.097143  6.032234  7.039393  3.317826  1.954588  -0.04652968  -0.2640318  -0.3426414  -0.4784929  3.049348  
3.5  1.6  6.15719  6.035405  5.945987  7.005346  3.244193  1.919066  -0.05455591  -0.2653945  -0.3486461  -0.483106  3.023049  
7.5  2.5  5.1585  4.8968  2.45  3.8637  2.0227  4.3629  -1.372  -0.55463  -0.3417  -1.5609  4.8794  
12.0  3.0  0.10762  0.29995  -0.4872  3.2373  -1.2409  5.9792  -1.4467  -0.80486  -0.71757  -2.6596  7.0  
20.0  5.1  -4.4528  0.10251  -7.1222  -1.1209  1.0947  3.658  -1.3739  -1.4964  -1.3543  -2.7143  6.0087  
45.0  5.1  -6.1003  -3.2225  -11.649  -3.8521  -0.056799  1.466  -0.90334  -1.9156  -2.0908  -0.89082  1.7758  
450.0  5.1  -6.1003  -3.2225  -11.649  -3.8521  -0.056799  1.466  -0.90334  -1.9156  -2.0908  -0.89082  1.7758  
tt_rampup   !tt_kavin2.dat
5600   
dt_end_sim   dtpl_term_l   cIp_end   
50           15            -0.4   
Ics1_eob(kA)   rms_noise(m/s)   
-16.8          0.2   
