Time(s),Ip,I(CSU3),I(CSU2),I(CS1),I(CSL2)
   0.0000000e+00   0.0000000e+00   2.3168280e+01   2.2244208e+01   2.2140610e+01   2.2296284e+01   2.3254704e+01   1.0062334e+01   1.2555648e+00   2.2553388e-02   5.3008800e-01  -1.7449148e-01   9.6418872e+00
   1.0000000e-02   3.7714286e-03   2.3155488e+01   2.2232181e+01   2.2115201e+01   2.2283864e+01   2.3231743e+01   1.0026810e+01   1.2552931e+00   2.2166322e-02   5.2949564e-01  -1.7370035e-01   9.6221381e+00
   2.0000000e-02   7.5428571e-03   2.3148018e+01   2.2224512e+01   2.2094261e+01   2.2278110e+01   2.3205180e+01   9.9887890e+00   1.2516619e+00   2.0887274e-02   5.2779015e-01  -1.7405401e-01   9.6016827e+00
   3.0000000e-02   1.1314286e-02   2.3143294e+01   2.2219052e+01   2.2075643e+01   2.2275781e+01   2.3176801e+01   9.9497018e+00   1.2463928e+00   1.9278149e-02   5.2562935e-01  -1.7492833e-01   9.5810284e+00
   4.0000000e-02   1.5085714e-02   2.3139993e+01   2.2214723e+01   2.2058264e+01   2.2275227e+01   2.3147515e+01   9.9102634e+00   1.2403547e+00   1.7621718e-02   5.2334625e-01  -1.7601026e-01   9.5604181e+00
   5.0000000e-02   1.8857143e-02   2.3137429e+01   2.2210981e+01   2.2041577e+01   2.2275611e+01   2.3117780e+01   9.8708266e+00   1.2339827e+00   1.6058879e-02   5.2110826e-01  -1.7714452e-01   9.5399631e+00
   6.0000000e-02   2.2628571e-02   2.3135248e+01   2.2207551e+01   2.2025304e+01   2.2276503e+01   2.3087824e+01   9.8315609e+00   1.2274924e+00   1.4658704e-02   5.1899858e-01  -1.7825548e-01   9.5197104e+00
   7.0000000e-02   2.6400000e-02   2.3133264e+01   2.2204296e+01   2.2009300e+01   2.2277686e+01   2.3057760e+01   9.7925441e+00   1.2209882e+00   1.3454104e-02   5.1705775e-01  -1.7930751e-01   9.4996754e+00
   8.0000000e-02   3.0171429e-02   2.3131379e+01   2.2201147e+01   2.1993490e+01   2.2279047e+01   2.3027641e+01   9.7538083e+00   1.2145188e+00   1.2459929e-02   5.1530483e-01  -1.8028491e-01   9.4798592e+00
   9.0000000e-02   3.3942857e-02   2.3129536e+01   2.2198069e+01   2.1977835e+01   2.2280527e+01   2.2997488e+01   9.7153632e+00   1.2081050e+00   1.1682112e-02   5.1374816e-01  -1.8118179e-01   9.4602563e+00
   1.0000000e-01   3.7714286e-02   2.3127706e+01   2.2195045e+01   2.1962312e+01   2.2282097e+01   2.2967309e+01   9.6772076e+00   1.2017541e+00   1.1122268e-02   5.1239081e-01  -1.8199700e-01   9.4408584e+00
   1.1000000e-01   4.1485714e-02   2.3125868e+01   2.2192065e+01   2.1946907e+01   2.2283739e+01   2.2937105e+01   9.6393357e+00   1.1954667e+00   1.0779973e-02   5.1123326e-01  -1.8273160e-01   9.4216564e+00
   1.2000000e-01   4.5257143e-02   2.3124011e+01   2.2189123e+01   2.1931614e+01   2.2285442e+01   2.2906873e+01   9.6017395e+00   1.1892404e+00   1.0653894e-02   5.1027484e-01  -1.8338765e-01   9.4026416e+00
   1.3000000e-01   4.9028571e-02   2.3122123e+01   2.2186217e+01   2.1916426e+01   2.2287201e+01   2.2876608e+01   9.5644105e+00   1.1830715e+00   1.0742324e-02   5.0951433e-01  -1.8396759e-01   9.3838053e+00
   1.4000000e-01   5.2800000e-02   2.3120198e+01   2.2183344e+01   2.1901338e+01   2.2289010e+01   2.2846304e+01   9.5273402e+00   1.1769556e+00   1.1043441e-02   5.0895033e-01  -1.8447397e-01   9.3651396e+00
   1.5000000e-01   5.6571429e-02   2.3118230e+01   2.2180501e+01   2.1886348e+01   2.2290866e+01   2.2815958e+01   9.4905203e+00   1.1708883e+00   1.1555416e-02   5.0858138e-01  -1.8490930e-01   9.3466370e+00
   1.6000000e-01   6.0342857e-02   2.3116211e+01   2.2177686e+01   2.1871451e+01   2.2292765e+01   2.2785564e+01   9.4539431e+00   1.1648654e+00   1.2276460e-02   5.0840601e-01  -1.8527605e-01   9.3282908e+00
   1.7000000e-01   6.4114286e-02   2.3114137e+01   2.2174896e+01   2.1856645e+01   2.2294703e+01   2.2755116e+01   9.4176012e+00   1.1588827e+00   1.3204841e-02   5.0842282e-01  -1.8557659e-01   9.3100944e+00
   1.8000000e-01   6.7885714e-02   2.3112003e+01   2.2172128e+01   2.1841928e+01   2.2296677e+01   2.2724611e+01   9.3814880e+00   1.1529361e+00   1.4338881e-02   5.0863044e-01  -1.8581317e-01   9.2920419e+00
   1.9000000e-01   7.1657143e-02   2.3109805e+01   2.2169380e+01   2.1827296e+01   2.2298685e+01   2.2694043e+01   9.3455968e+00   1.1470217e+00   1.5676958e-02   5.0902754e-01  -1.8598799e-01   9.2741278e+00
   2.0000000e-01   7.5428571e-02   2.3107536e+01   2.2166648e+01   2.1812747e+01   2.2300722e+01   2.2663410e+01   9.3099216e+00   1.1411360e+00   1.7217499e-02   5.0961284e-01  -1.8610314e-01   9.2563470e+00
   2.1000000e-01   7.9200000e-02   2.3105197e+01   2.2163930e+01   2.1798276e+01   2.2302787e+01   2.2632711e+01   9.2744569e+00   1.1352768e+00   1.8948918e-02   5.1037588e-01  -1.8616272e-01   9.2386932e+00
   2.2000000e-01   8.2971429e-02   2.3102799e+01   2.2161219e+01   2.1783863e+01   2.2304897e+01   2.2601963e+01   9.2391984e+00   1.1294520e+00   2.0796068e-02   5.1124812e-01  -1.8618363e-01   9.2211512e+00
   2.3000000e-01   8.6742857e-02   2.3100352e+01   2.2158512e+01   2.1769490e+01   2.2307064e+01   2.2571184e+01   9.2041420e+00   1.1236682e+00   2.2695490e-02   5.1217182e-01  -1.8617976e-01   9.2037082e+00
   2.4000000e-01   9.0514286e-02   2.3097861e+01   2.2155804e+01   2.1755146e+01   2.2309292e+01   2.2540379e+01   9.1692834e+00   1.1179279e+00   2.4615124e-02   5.1311802e-01  -1.8615821e-01   9.1863563e+00
   2.5000000e-01   9.4285714e-02   2.3095324e+01   2.2153091e+01   2.1740827e+01   2.2311582e+01   2.2509551e+01   9.1346184e+00   1.1122315e+00   2.6538891e-02   5.1407241e-01  -1.8612271e-01   9.1690903e+00
   2.6000000e-01   9.8057143e-02   2.3092742e+01   2.2150371e+01   2.1726528e+01   2.2313932e+01   2.2478699e+01   9.1001430e+00   1.1065784e+00   2.8458804e-02   5.1502805e-01  -1.8607529e-01   9.1519062e+00
   2.7000000e-01   1.0182857e-01   2.3090112e+01   2.2147640e+01   2.1712247e+01   2.2316341e+01   2.2447823e+01   9.0658531e+00   1.1009672e+00   3.0370962e-02   5.1598173e-01  -1.8601716e-01   9.1348008e+00
   2.8000000e-01   1.0560000e-01   2.3087430e+01   2.2144895e+01   2.1697981e+01   2.2318807e+01   2.2416919e+01   9.0317450e+00   1.0953965e+00   3.2273499e-02   5.1693209e-01  -1.8594913e-01   9.1177714e+00
   2.9000000e-01   1.0937143e-01   2.3084694e+01   2.2142132e+01   2.1683728e+01   2.2321325e+01   2.2385987e+01   8.9978152e+00   1.0898646e+00   3.4165556e-02   5.1787865e-01  -1.8587184e-01   9.1008155e+00
   3.0000000e-01   1.1314286e-01   2.3081903e+01   2.2139350e+01   2.1669487e+01   2.2323895e+01   2.2355024e+01   8.9640602e+00   1.0843700e+00   3.6046759e-02   5.1882137e-01  -1.8578584e-01   9.0839309e+00
   3.1000000e-01   1.1691429e-01   2.3079052e+01   2.2136545e+01   2.1655255e+01   2.2326512e+01   2.2324029e+01   8.9304767e+00   1.0789110e+00   3.7916958e-02   5.1976037e-01  -1.8569163e-01   9.0671154e+00
   3.2000000e-01   1.2068571e-01   2.3076140e+01   2.2133714e+01   2.1641032e+01   2.2329175e+01   2.2292999e+01   8.8970616e+00   1.0734861e+00   3.9776100e-02   5.2069589e-01  -1.8558969e-01   9.0503672e+00
   3.3000000e-01   1.2445714e-01   2.3073164e+01   2.2130855e+01   2.1626816e+01   2.2331881e+01   2.2261933e+01   8.8638121e+00   1.0680939e+00   4.1624166e-02   5.2162813e-01  -1.8548050e-01   9.0336844e+00
   3.4000000e-01   1.2822857e-01   2.3070123e+01   2.2127964e+01   2.1612604e+01   2.2334627e+01   2.2230829e+01   8.8307253e+00   1.0627328e+00   4.3461144e-02   5.2255733e-01  -1.8536453e-01   9.0170651e+00
   3.5000000e-01   1.3200000e-01   2.3067013e+01   2.2125041e+01   2.1598397e+01   2.2337412e+01   2.2199685e+01   8.7977984e+00   1.0574016e+00   4.5287014e-02   5.2348369e-01  -1.8524224e-01   9.0005079e+00
   3.6000000e-01   1.3577143e-01   2.3063834e+01   2.2122081e+01   2.1584192e+01   2.2340232e+01   2.2168501e+01   8.7650291e+00   1.0520989e+00   4.7101746e-02   5.2440738e-01  -1.8511407e-01   8.9840111e+00
   3.7000000e-01   1.3954286e-01   2.3060582e+01   2.2119083e+01   2.1569988e+01   2.2343087e+01   2.2137274e+01   8.7324148e+00   1.0468236e+00   4.8905296e-02   5.2532856e-01  -1.8498047e-01   8.9675732e+00
   3.8000000e-01   1.4331429e-01   2.3057258e+01   2.2116045e+01   2.1555783e+01   2.2345974e+01   2.2106004e+01   8.6999532e+00   1.0415743e+00   5.0697608e-02   5.2624737e-01  -1.8484186e-01   8.9511930e+00
   3.9000000e-01   1.4708571e-01   2.3053857e+01   2.2112964e+01   2.1541577e+01   2.2348891e+01   2.2074690e+01   8.6676421e+00   1.0363501e+00   5.2478614e-02   5.2716393e-01  -1.8469866e-01   8.9348689e+00
   4.0000000e-01   1.5085714e-01   2.3050380e+01   2.2109838e+01   2.1527368e+01   2.2351836e+01   2.2043329e+01   8.6354794e+00   1.0311497e+00   5.4248238e-02   5.2807833e-01  -1.8455126e-01   8.9185999e+00
   4.1000000e-01   1.5462857e-01   2.3046815e+01   2.2106658e+01   2.1513142e+01   2.2354783e+01   2.2011936e+01   8.6034636e+00   1.0259725e+00   5.6005466e-02   5.2898752e-01  -1.8440033e-01   8.9023840e+00
   4.2000000e-01   1.5840000e-01   2.3043090e+01   2.2103372e+01   2.1498797e+01   2.2357553e+01   2.1980613e+01   8.5715975e+00   1.0208187e+00   5.7743432e-02   5.2986852e-01  -1.8424811e-01   8.8862153e+00
   4.3000000e-01   1.6217143e-01   2.3039142e+01   2.2099937e+01   2.1484252e+01   2.2359992e+01   2.1949447e+01   8.5398834e+00   1.0156888e+00   5.9456421e-02   5.3070195e-01  -1.8409636e-01   8.8700886e+00
   4.4000000e-01   1.6594286e-01   2.3034941e+01   2.2096329e+01   2.1469464e+01   2.2362025e+01   2.1918484e+01   8.5083217e+00   1.0105826e+00   6.1141645e-02   5.3147817e-01  -1.8394597e-01   8.8540008e+00
   4.5000000e-01   1.6971429e-01   2.3030470e+01   2.2092539e+01   2.1454414e+01   2.2363615e+01   2.1887746e+01   8.4769119e+00   1.0054997e+00   6.2797794e-02   5.3219252e-01  -1.8379736e-01   8.8379499e+00
   4.6000000e-01   1.7348571e-01   2.3025723e+01   2.2088562e+01   2.1439095e+01   2.2364743e+01   2.1857243e+01   8.4456533e+00   1.0004395e+00   6.4424300e-02   5.3284285e-01  -1.8365075e-01   8.8219346e+00
   4.7000000e-01   1.7725714e-01   2.3020693e+01   2.2084396e+01   2.1423503e+01   2.2365400e+01   2.1826982e+01   8.4145447e+00   9.9540168e-01   6.6020956e-02   5.3342828e-01  -1.8350626e-01   8.8059538e+00
   4.8000000e-01   1.8102857e-01   2.3015381e+01   2.2080038e+01   2.1407636e+01   2.2365584e+01   2.1796963e+01   8.3835851e+00   9.9038552e-01   6.7587734e-02   5.3394854e-01  -1.8336395e-01   8.7900068e+00
   4.9000000e-01   1.8480000e-01   2.3009783e+01   2.2075490e+01   2.1391497e+01   2.2365293e+01   2.1767188e+01   8.3527733e+00   9.8539056e-01   6.9124686e-02   5.3440368e-01  -1.8322387e-01   8.7740929e+00
   5.0000000e-01   1.8857143e-01   2.3003901e+01   2.2070752e+01   2.1375087e+01   2.2364528e+01   2.1737658e+01   8.3221080e+00   9.8041629e-01   7.0631901e-02   5.3479389e-01  -1.8308605e-01   8.7582113e+00
   5.1000000e-01   1.9234286e-01   2.2997734e+01   2.2065823e+01   2.1358407e+01   2.2363290e+01   2.1708371e+01   8.2915883e+00   9.7546222e-01   7.2109483e-02   5.3511942e-01  -1.8295053e-01   8.7423618e+00
   5.2000000e-01   1.9611429e-01   2.2991282e+01   2.2060703e+01   2.1341459e+01   2.2361580e+01   2.1679328e+01   8.2612130e+00   9.7052792e-01   7.3557535e-02   5.3538055e-01  -1.8281733e-01   8.7265436e+00
   5.3000000e-01   1.9988571e-01   2.2984546e+01   2.2055394e+01   2.1324244e+01   2.2359399e+01   2.1650527e+01   8.2309811e+00   9.6561297e-01   7.4976163e-02   5.3557753e-01  -1.8268646e-01   8.7107565e+00
   5.4000000e-01   2.0365714e-01   2.2977524e+01   2.2049895e+01   2.1306766e+01   2.2356749e+01   2.1621968e+01   8.2008916e+00   9.6071699e-01   7.6365466e-02   5.3571066e-01  -1.8255795e-01   8.6950000e+00
   5.5000000e-01   2.0742857e-01   2.2970217e+01   2.2044207e+01   2.1289024e+01   2.2353631e+01   2.1593651e+01   8.1709435e+00   9.5583961e-01   7.7725540e-02   5.3578017e-01  -1.8243179e-01   8.6792738e+00
   5.6000000e-01   2.1120000e-01   2.2962627e+01   2.2038330e+01   2.1271020e+01   2.2350045e+01   2.1565574e+01   8.1411359e+00   9.5098051e-01   7.9056476e-02   5.3578632e-01  -1.8230801e-01   8.6635776e+00
   5.7000000e-01   2.1497143e-01   2.2954751e+01   2.2032264e+01   2.1252757e+01   2.2345995e+01   2.1537738e+01   8.1114678e+00   9.4613937e-01   8.0358362e-02   5.3572935e-01  -1.8218659e-01   8.6479110e+00
   5.8000000e-01   2.1874286e-01   2.2946592e+01   2.2026010e+01   2.1234234e+01   2.2341479e+01   2.1510142e+01   8.0819385e+00   9.4131592e-01   8.1631281e-02   5.3560948e-01  -1.8206753e-01   8.6322739e+00
   5.9000000e-01   2.2251429e-01   2.2938149e+01   2.2019567e+01   2.1215455e+01   2.2336501e+01   2.1482785e+01   8.0525470e+00   9.3650988e-01   8.2875315e-02   5.3542693e-01  -1.8195082e-01   8.6166659e+00
   6.0000000e-01   2.2628571e-01   2.2929422e+01   2.2012936e+01   2.1196419e+01   2.2331061e+01   2.1455667e+01   8.0232926e+00   9.3172103e-01   8.4090539e-02   5.3518189e-01  -1.8183645e-01   8.6010870e+00
   6.1000000e-01   2.3005714e-01   2.2920442e+01   2.2006079e+01   2.1177154e+01   2.2325156e+01   2.1428787e+01   7.9941729e+00   9.2695130e-01   8.5273874e-02   5.3487373e-01  -1.8172401e-01   8.5855370e+00
   6.2000000e-01   2.3382857e-01   2.2911429e+01   2.1998721e+01   2.1157849e+01   2.2318763e+01   2.1402148e+01   7.9651759e+00   9.2221629e-01   8.6402234e-02   5.3449643e-01  -1.8161075e-01   8.5700172e+00
   6.3000000e-01   2.3760000e-01   2.2902571e+01   2.1990626e+01   2.1138665e+01   2.2311862e+01   2.1375752e+01   7.9362908e+00   9.1752928e-01   8.7456062e-02   5.3404502e-01  -1.8149427e-01   8.5545284e+00
   6.4000000e-01   2.4137143e-01   2.2893964e+01   2.1981677e+01   2.1119679e+01   2.2304442e+01   2.1349599e+01   7.9075117e+00   9.1289690e-01   8.8425577e-02   5.3351722e-01  -1.8137328e-01   8.5390710e+00
   6.5000000e-01   2.4514286e-01   2.2885658e+01   2.1971815e+01   2.1100932e+01   2.2296496e+01   2.1323689e+01   7.8788349e+00   9.0832242e-01   8.9305982e-02   5.3291207e-01  -1.8124710e-01   8.5236451e+00
   6.6000000e-01   2.4891429e-01   2.2877675e+01   2.1961010e+01   2.1082441e+01   2.2288023e+01   2.1298023e+01   7.8502581e+00   9.0380737e-01   9.0095010e-02   5.3222929e-01  -1.8111533e-01   8.5082508e+00
   6.7000000e-01   2.5268571e-01   2.2870029e+01   2.1949249e+01   2.1064213e+01   2.2279020e+01   2.1272599e+01   7.8217798e+00   8.9935244e-01   9.0791675e-02   5.3146891e-01  -1.8097772e-01   8.4928880e+00
   6.8000000e-01   2.5645714e-01   2.2862724e+01   2.1936527e+01   2.1046252e+01   2.2269486e+01   2.1247418e+01   7.7933988e+00   8.9495788e-01   9.1395630e-02   5.3063115e-01  -1.8083411e-01   8.4775564e+00
   6.9000000e-01   2.6022857e-01   2.2855763e+01   2.1922841e+01   2.1028556e+01   2.2259422e+01   2.1222478e+01   7.7651141e+00   8.9062372e-01   9.1906846e-02   5.2971626e-01  -1.8068437e-01   8.4622562e+00
   7.0000000e-01   2.6400000e-01   2.2849148e+01   2.1908192e+01   2.1011126e+01   2.2248828e+01   2.1197780e+01   7.7369248e+00   8.8634991e-01   9.2325440e-02   5.2872454e-01  -1.8052841e-01   8.4469870e+00
   7.1000000e-01   2.6777143e-01   2.2842878e+01   2.1892580e+01   2.0993958e+01   2.2237703e+01   2.1173323e+01   7.7088302e+00   8.8213635e-01   9.2651600e-02   5.2765627e-01  -1.8036613e-01   8.4317488e+00
   7.2000000e-01   2.7154286e-01   2.2836952e+01   2.1876008e+01   2.0977051e+01   2.2226047e+01   2.1149107e+01   7.6808296e+00   8.7798292e-01   9.2885538e-02   5.2651173e-01  -1.8019747e-01   8.4165415e+00
   7.3000000e-01   2.7531429e-01   2.2831371e+01   2.1858475e+01   2.0960403e+01   2.2213861e+01   2.1125130e+01   7.6529223e+00   8.7388950e-01   9.3027475e-02   5.2529121e-01  -1.8002233e-01   8.4013650e+00
   7.4000000e-01   2.7908571e-01   2.2826132e+01   2.1839986e+01   2.0944011e+01   2.2201145e+01   2.1101392e+01   7.6251079e+00   8.6985599e-01   9.3077625e-02   5.2399497e-01  -1.7984066e-01   8.3862192e+00
   7.5000000e-01   2.8285714e-01   2.2821237e+01   2.1820540e+01   2.0927874e+01   2.2187899e+01   2.1077893e+01   7.5973856e+00   8.6588228e-01   9.3036195e-02   5.2262324e-01  -1.7965239e-01   8.3711040e+00
   7.6000000e-01   2.8662857e-01   2.2816683e+01   2.1800139e+01   2.0911989e+01   2.2174123e+01   2.1054632e+01   7.5697549e+00   8.6196828e-01   9.2903383e-02   5.2117627e-01  -1.7945744e-01   8.3560192e+00
   7.7000000e-01   2.9040000e-01   2.2812470e+01   2.1778785e+01   2.0896355e+01   2.2159817e+01   2.1031609e+01   7.5422154e+00   8.5811390e-01   9.2679377e-02   5.1965429e-01  -1.7925576e-01   8.3409647e+00
   7.8000000e-01   2.9417143e-01   2.2808598e+01   2.1756480e+01   2.0880970e+01   2.2144982e+01   2.1008823e+01   7.5147664e+00   8.5431907e-01   9.2364354e-02   5.1805749e-01  -1.7904727e-01   8.3259406e+00
   7.9000000e-01   2.9794286e-01   2.2805065e+01   2.1733225e+01   2.0865833e+01   2.2129619e+01   2.0986274e+01   7.4874076e+00   8.5058373e-01   9.1958481e-02   5.1638610e-01  -1.7883193e-01   8.3109466e+00
   8.0000000e-01   3.0171429e-01   2.2801870e+01   2.1709020e+01   2.0850941e+01   2.2113726e+01   2.0963960e+01   7.4601385e+00   8.4690781e-01   9.1461919e-02   5.1464029e-01  -1.7860968e-01   8.2959827e+00
   8.1000000e-01   3.0548571e-01   2.2799018e+01   2.1683914e+01   2.0836287e+01   2.2097307e+01   2.0941887e+01   7.4329602e+00   8.4328728e-01   9.0879579e-02   5.1282445e-01  -1.7838348e-01   8.2810497e+00
   8.2000000e-01   3.0925714e-01   2.2796538e+01   2.1658244e+01   2.0821825e+01   2.2080372e+01   2.0920089e+01   7.4058836e+00   8.3969292e-01   9.0246527e-02   5.1096952e-01  -1.7817559e-01   8.2661543e+00
   8.3000000e-01   3.1302857e-01   2.2794454e+01   2.1632292e+01   2.0807514e+01   2.2062932e+01   2.0898597e+01   7.3789178e+00   8.3609979e-01   8.9592414e-02   5.0910163e-01  -1.7800498e-01   8.2513019e+00
   8.4000000e-01   3.1680000e-01   2.2792775e+01   2.1606200e+01   2.0793333e+01   2.2044992e+01   2.0877425e+01   7.3520669e+00   8.3249524e-01   8.8932090e-02   5.0723381e-01  -1.7788128e-01   8.2364955e+00
   8.5000000e-01   3.2057143e-01   2.2791507e+01   2.1580036e+01   2.0779271e+01   2.2026555e+01   2.0856580e+01   7.3253325e+00   8.2887282e-01   8.8272864e-02   5.0537243e-01  -1.7780937e-01   8.2217362e+00
   8.6000000e-01   3.2434286e-01   2.2790649e+01   2.1553835e+01   2.0765321e+01   2.2007622e+01   2.0836066e+01   7.2987150e+00   8.2522930e-01   8.7618211e-02   5.0352049e-01  -1.7779169e-01   8.2070248e+00
   8.7000000e-01   3.2811429e-01   2.2790200e+01   2.1527609e+01   2.0751479e+01   2.1988195e+01   2.0815882e+01   7.2722142e+00   8.2156304e-01   8.6969673e-02   5.0167929e-01  -1.7782945e-01   8.1923614e+00
   8.8000000e-01   3.3188571e-01   2.2790159e+01   2.1501363e+01   2.0737743e+01   2.1968274e+01   2.0796030e+01   7.2458294e+00   8.1787319e-01   8.6327820e-02   4.9984927e-01  -1.7792323e-01   8.1777461e+00
   8.9000000e-01   3.3565714e-01   2.2790524e+01   2.1475098e+01   2.0724110e+01   2.1947860e+01   2.0776509e+01   7.2195599e+00   8.1415934e-01   8.5692742e-02   4.9803046e-01  -1.7807333e-01   8.1631789e+00
   9.0000000e-01   3.3942857e-01   2.2791292e+01   2.1448812e+01   2.0710580e+01   2.1926954e+01   2.0757319e+01   7.1934049e+00   8.1042122e-01   8.5064295e-02   4.9622268e-01  -1.7827985e-01   8.1486597e+00
   9.1000000e-01   3.4320000e-01   2.2792461e+01   2.1422502e+01   2.0697150e+01   2.1905557e+01   2.0738457e+01   7.1673636e+00   8.0665870e-01   8.4442227e-02   4.9442567e-01  -1.7854285e-01   8.1341882e+00
   9.2000000e-01   3.4697143e-01   2.2794030e+01   2.1396165e+01   2.0683820e+01   2.1883668e+01   2.0719925e+01   7.1414350e+00   8.0287164e-01   8.3826240e-02   4.9263912e-01  -1.7886235e-01   8.1197646e+00
   9.3000000e-01   3.5074286e-01   2.2795997e+01   2.1369799e+01   2.0670588e+01   2.1861289e+01   2.0701720e+01   7.1156185e+00   7.9905992e-01   8.3216019e-02   4.9086272e-01  -1.7923837e-01   8.1053885e+00
   9.4000000e-01   3.5451429e-01   2.2798359e+01   2.1343399e+01   2.0657454e+01   2.1838420e+01   2.0683842e+01   7.0899130e+00   7.9522343e-01   8.2611250e-02   4.8909616e-01  -1.7967091e-01   8.0910599e+00
   9.5000000e-01   3.5828571e-01   2.2801116e+01   2.1316965e+01   2.0644415e+01   2.1815062e+01   2.0666291e+01   7.0643178e+00   7.9136204e-01   8.2011621e-02   4.8733913e-01  -1.8015999e-01   8.0767786e+00
   9.6000000e-01   3.6205714e-01   2.2804264e+01   2.1290492e+01   2.0631472e+01   2.1791215e+01   2.0649065e+01   7.0388320e+00   7.8747560e-01   8.1416829e-02   4.8559134e-01  -1.8070561e-01   8.0625445e+00
   9.7000000e-01   3.6582857e-01   2.2807804e+01   2.1263978e+01   2.0618622e+01   2.1766881e+01   2.0632164e+01   7.0134549e+00   7.8356396e-01   8.0826582e-02   4.8385250e-01  -1.8130782e-01   8.0483576e+00
   9.8000000e-01   3.6960000e-01   2.2811732e+01   2.1237422e+01   2.0605866e+01   2.1742058e+01   2.0615587e+01   6.9881857e+00   7.7962698e-01   8.0240595e-02   4.8212234e-01  -1.8196663e-01   8.0342176e+00
   9.9000000e-01   3.7337143e-01   2.2816049e+01   2.1210821e+01   2.0593201e+01   2.1716749e+01   2.0599333e+01   6.9630235e+00   7.7566448e-01   7.9658592e-02   4.8040058e-01  -1.8268209e-01   8.0201244e+00
   1.0000000e+00   3.7714286e-01   2.2820752e+01   2.1184173e+01   2.0580627e+01   2.1690954e+01   2.0583402e+01   6.9379676e+00   7.7167628e-01   7.9080307e-02   4.7868698e-01  -1.8345423e-01   8.0060780e+00
   1.0100000e+00   3.8091429e-01   2.2825808e+01   2.1157544e+01   2.0568149e+01   2.1664705e+01   2.0567787e+01   6.9130242e+00   7.6768926e-01   7.8503562e-02   4.7698100e-01  -1.8427447e-01   7.9920839e+00
   1.0200000e+00   3.8468571e-01   2.2830972e+01   2.1131428e+01   2.0555801e+01   2.1638236e+01   2.0552445e+01   6.8882422e+00   7.6390113e-01   7.7913706e-02   4.7528025e-01  -1.8507980e-01   7.9781846e+00
   1.0300000e+00   3.8845714e-01   2.2836034e+01   2.1106244e+01   2.0543614e+01   2.1611744e+01   2.0537337e+01   6.8636615e+00   7.6047788e-01   7.7297451e-02   4.7358233e-01  -1.8581742e-01   7.9644145e+00
   1.0400000e+00   3.9222857e-01   2.2840887e+01   2.1082198e+01   2.0531599e+01   2.1585327e+01   2.0522442e+01   6.8393001e+00   7.5750107e-01   7.6647056e-02   4.7188558e-01  -1.8646150e-01   7.9507898e+00
   1.0500000e+00   3.9600000e-01   2.2845473e+01   2.1059391e+01   2.0519758e+01   2.1559034e+01   2.0507749e+01   6.8151647e+00   7.5500949e-01   7.5957724e-02   4.7018869e-01  -1.8699988e-01   7.9373172e+00
   1.0600000e+00   3.9977143e-01   2.2849762e+01   2.1037868e+01   2.0508092e+01   2.1532887e+01   2.0493250e+01   6.7912568e+00   7.5302034e-01   7.5226235e-02   4.6849063e-01  -1.8742726e-01   7.9239989e+00
   1.0700000e+00   4.0354286e-01   2.2853737e+01   2.1017650e+01   2.0496598e+01   2.1506895e+01   2.0478941e+01   6.7675749e+00   7.5154011e-01   7.4450229e-02   4.6679050e-01  -1.8774176e-01   7.9108347e+00
   1.0800000e+00   4.0731429e-01   2.2857390e+01   2.0998741e+01   2.0485273e+01   2.1481062e+01   2.0464817e+01   6.7441165e+00   7.5056998e-01   7.3627827e-02   4.6508745e-01  -1.8794318e-01   7.8978235e+00
   1.0900000e+00   4.1108571e-01   2.2860714e+01   2.0981140e+01   2.0474113e+01   2.1455389e+01   2.0450878e+01   6.7208784e+00   7.5010859e-01   7.2757427e-02   4.6338074e-01  -1.8803212e-01   7.8849636e+00
   1.1000000e+00   4.1485714e-01   2.2863705e+01   2.0964841e+01   2.0463115e+01   2.1429872e+01   2.0437120e+01   6.6978572e+00   7.5015345e-01   7.1837592e-02   4.6166964e-01  -1.8800955e-01   7.8722532e+00
   1.1100000e+00   4.1862857e-01   2.2866361e+01   2.0949838e+01   2.0452269e+01   2.1404510e+01   2.0423541e+01   6.6750493e+00   7.5070137e-01   7.0866711e-02   4.5995311e-01  -1.8787669e-01   7.8596900e+00
   1.1200000e+00   4.2240000e-01   2.2868678e+01   2.0936113e+01   2.0441536e+01   2.1379294e+01   2.0410139e+01   6.6524500e+00   7.5174729e-01   6.9841069e-02   4.5822754e-01  -1.8763591e-01   7.8472711e+00
   1.1300000e+00   4.2617143e-01   2.2870651e+01   2.0923648e+01   2.0430876e+01   2.1354211e+01   2.0396910e+01   6.6300543e+00   7.5328550e-01   6.8756191e-02   4.5648830e-01  -1.8729022e-01   7.8349930e+00
   1.1400000e+00   4.2994286e-01   2.2872278e+01   2.0912429e+01   2.0420271e+01   2.1329253e+01   2.0383852e+01   6.6078578e+00   7.5531103e-01   6.7608425e-02   4.5473166e-01  -1.8684239e-01   7.8228526e+00
   1.1500000e+00   4.3371429e-01   2.2873555e+01   2.0902447e+01   2.0409715e+01   2.1304415e+01   2.0370962e+01   6.5858564e+00   7.5781964e-01   6.6394981e-02   4.5295489e-01  -1.8629484e-01   7.8108473e+00
   1.1600000e+00   4.3748571e-01   2.2874481e+01   2.0893694e+01   2.0399207e+01   2.1279690e+01   2.0358239e+01   6.5640464e+00   7.6080771e-01   6.5113680e-02   4.5115599e-01  -1.8564965e-01   7.7989748e+00
   1.1700000e+00   4.4125714e-01   2.2875054e+01   2.0886164e+01   2.0388747e+01   2.1255077e+01   2.0345680e+01   6.5424246e+00   7.6427205e-01   6.3762783e-02   4.4933348e-01  -1.8490860e-01   7.7872330e+00
   1.1800000e+00   4.4502857e-01   2.2875272e+01   2.0879852e+01   2.0378338e+01   2.1230573e+01   2.0333283e+01   6.5209875e+00   7.6820980e-01   6.2340865e-02   4.4748625e-01  -1.8407326e-01   7.7756200e+00
   1.1900000e+00   4.4880000e-01   2.2875132e+01   2.0874752e+01   2.0367981e+01   2.1206176e+01   2.0321048e+01   6.4997323e+00   7.7261841e-01   6.0846726e-02   4.4561345e-01  -1.8314499e-01   7.7641340e+00
   1.2000000e+00   4.5257143e-01   2.2874635e+01   2.0870858e+01   2.0357679e+01   2.1181883e+01   2.0308972e+01   6.4786560e+00   7.7749551e-01   5.9279330e-02   4.4371443e-01  -1.8212499e-01   7.7527733e+00
   1.2100000e+00   4.5634286e-01   2.2873790e+01   2.0868091e+01   2.0347403e+01   2.1157741e+01   2.0297057e+01   6.4577560e+00   7.8279706e-01   5.7642782e-02   4.4179030e-01  -1.8101531e-01   7.7415331e+00
   1.2200000e+00   4.6011429e-01   2.2872679e+01   2.0865891e+01   2.0336931e+01   2.1134107e+01   2.0285314e+01   6.4370325e+00   7.8821449e-01   5.5973366e-02   4.3985254e-01  -1.7982415e-01   7.7303869e+00
   1.2300000e+00   4.6388571e-01   2.2871377e+01   2.0863780e+01   2.0326068e+01   2.1111275e+01   2.0273754e+01   6.4164872e+00   7.9348735e-01   5.4301921e-02   4.3790977e-01  -1.7855898e-01   7.7193119e+00
   1.2400000e+00   4.6765714e-01   2.2869921e+01   2.0861519e+01   2.0314701e+01   2.1089390e+01   2.0262379e+01   6.3961216e+00   7.9848504e-01   5.2643311e-02   4.3596435e-01  -1.7722475e-01   7.7082953e+00
   1.2500000e+00   4.7142857e-01   2.2868331e+01   2.0858987e+01   2.0302782e+01   2.1068520e+01   2.0251188e+01   6.3759379e+00   8.0314365e-01   5.1005168e-02   4.3401672e-01  -1.7582468e-01   7.6973296e+00
   1.2600000e+00   4.7520000e-01   2.2866619e+01   2.0856132e+01   2.0290297e+01   2.1048696e+01   2.0240180e+01   6.3559381e+00   8.0743348e-01   4.9392004e-02   4.3206711e-01  -1.7436076e-01   7.6864108e+00
   1.2700000e+00   4.7897143e-01   2.2864793e+01   2.0852932e+01   2.0277249e+01   2.1029933e+01   2.0229354e+01   6.3361245e+00   8.1134198e-01   4.7806720e-02   4.3011574e-01  -1.7283427e-01   7.6755363e+00
   1.2800000e+00   4.8274286e-01   2.2862859e+01   2.0849380e+01   2.0263647e+01   2.1012237e+01   2.0218707e+01   6.3164992e+00   8.1486514e-01   4.6251413e-02   4.2816289e-01  -1.7124604e-01   7.6647043e+00
   1.2900000e+00   4.8651429e-01   2.2860819e+01   2.0845478e+01   2.0249501e+01   2.0995607e+01   2.0208238e+01   6.2970643e+00   8.1800315e-01   4.4727768e-02   4.2620891e-01  -1.6959660e-01   7.6539136e+00
   1.3000000e+00   4.9028571e-01   2.2858677e+01   2.0841231e+01   2.0234823e+01   2.0980042e+01   2.0197945e+01   6.2778217e+00   8.2075811e-01   4.3237249e-02   4.2425422e-01  -1.6788634e-01   7.6431632e+00
   1.3100000e+00   4.9405714e-01   2.2856436e+01   2.0836645e+01   2.0219622e+01   2.0965540e+01   2.0187828e+01   6.2587734e+00   8.2313300e-01   4.1781161e-02   4.2229924e-01  -1.6611552e-01   7.6324523e+00
   1.3200000e+00   4.9782857e-01   2.2854098e+01   2.0831728e+01   2.0203909e+01   2.0952098e+01   2.0177883e+01   6.2399212e+00   8.2513111e-01   4.0360788e-02   4.2034447e-01  -1.6428433e-01   7.6217799e+00
   1.3300000e+00   5.0160000e-01   2.2851667e+01   2.0826488e+01   2.0187695e+01   2.0939712e+01   2.0168111e+01   6.2212669e+00   8.2675590e-01   3.8977460e-02   4.1839056e-01  -1.6239282e-01   7.6111455e+00
   1.3400000e+00   5.0537143e-01   2.2849145e+01   2.0820931e+01   2.0170989e+01   2.0928380e+01   2.0158510e+01   6.2028123e+00   8.2801065e-01   3.7632364e-02   4.1643800e-01  -1.6044107e-01   7.6005483e+00
   1.3500000e+00   5.0914286e-01   2.2846535e+01   2.0815065e+01   2.0153797e+01   2.0918100e+01   2.0149079e+01   6.1845591e+00   8.2889848e-01   3.6326591e-02   4.1448726e-01  -1.5842913e-01   7.5899877e+00
   1.3600000e+00   5.1291429e-01   2.2843839e+01   2.0808895e+01   2.0136126e+01   2.0908866e+01   2.0139817e+01   6.1665088e+00   8.2942237e-01   3.5061202e-02   4.1253875e-01  -1.5635708e-01   7.5794629e+00
   1.3700000e+00   5.1668571e-01   2.2841059e+01   2.0802428e+01   2.0117981e+01   2.0900678e+01   2.0130724e+01   6.1486629e+00   8.2958512e-01   3.3837169e-02   4.1059283e-01  -1.5422497e-01   7.5689733e+00
   1.3800000e+00   5.2045714e-01   2.2838198e+01   2.0795670e+01   2.0099371e+01   2.0893533e+01   2.0121798e+01   6.1310229e+00   8.2938944e-01   3.2655519e-02   4.0864995e-01  -1.5203284e-01   7.5585183e+00
   1.3900000e+00   5.2422857e-01   2.2835259e+01   2.0788626e+01   2.0080301e+01   2.0887427e+01   2.0113040e+01   6.1135903e+00   8.2883796e-01   3.1517301e-02   4.0671059e-01  -1.4978068e-01   7.5480975e+00
   1.4000000e+00   5.2800000e-01   2.2832244e+01   2.0781303e+01   2.0060777e+01   2.0882359e+01   2.0104448e+01   6.0963664e+00   8.2793315e-01   3.0423491e-02   4.0477518e-01  -1.4746849e-01   7.5377102e+00
   1.4100000e+00   5.3177143e-01   2.2829124e+01   2.0773725e+01   2.0040835e+01   2.0878288e+01   2.0095989e+01   6.0793603e+00   8.2670566e-01   2.9371825e-02   4.0284301e-01  -1.4510469e-01   7.5273590e+00
   1.4200000e+00   5.3554286e-01   2.2825670e+01   2.0766050e+01   2.0020705e+01   2.0874934e+01   2.0087423e+01   6.0626293e+00   8.2536513e-01   2.8339633e-02   4.0090662e-01  -1.4275088e-01   7.5170666e+00
   1.4300000e+00   5.3931429e-01   2.2821687e+01   2.0758411e+01   2.0000582e+01   2.0872059e+01   2.0078547e+01   6.0462209e+00   8.2408804e-01   2.7307192e-02   3.9896000e-01  -1.4045878e-01   7.5068532e+00
   1.4400000e+00   5.4308571e-01   2.2817076e+01   2.0750876e+01   1.9980564e+01   2.0869548e+01   2.0069259e+01   6.0301577e+00   8.2296240e-01   2.6264301e-02   3.9700066e-01  -1.3825382e-01   7.4967303e+00
   1.4500000e+00   5.4685714e-01   2.2811788e+01   2.0743480e+01   1.9960703e+01   2.0867341e+01   2.0059509e+01   6.0144501e+00   8.2203143e-01   2.5205757e-02   3.9502790e-01  -1.3614805e-01   7.4867047e+00
   1.4600000e+00   5.5062857e-01   2.2805800e+01   2.0736243e+01   1.9941026e+01   2.0865413e+01   2.0049274e+01   5.9991020e+00   8.2131571e-01   2.4128983e-02   3.9304197e-01  -1.3414676e-01   7.4767807e+00
   1.4700000e+00   5.5440000e-01   2.2799100e+01   2.0729174e+01   1.9921545e+01   2.0863752e+01   2.0038544e+01   5.9841144e+00   8.2082451e-01   2.3032742e-02   3.9104353e-01  -1.3225186e-01   7.4669613e+00
   1.4800000e+00   5.5817143e-01   2.2791683e+01   2.0722278e+01   1.9902268e+01   2.0862354e+01   2.0027315e+01   5.9694868e+00   8.2056143e-01   2.1916455e-02   3.8903338e-01  -1.3046359e-01   7.4572487e+00
   1.4900000e+00   5.6194286e-01   2.2783549e+01   2.0715558e+01   1.9883197e+01   2.0861218e+01   2.0015587e+01   5.9552178e+00   8.2052730e-01   2.0779842e-02   3.8701231e-01  -1.2878144e-01   7.4476446e+00
   1.5000000e+00   5.6571429e-01   2.2774698e+01   2.0709016e+01   1.9864331e+01   2.0860347e+01   2.0003361e+01   5.9413056e+00   8.2072160e-01   1.9622732e-02   3.8498103e-01  -1.2720455e-01   7.4381507e+00
   1.5100000e+00   5.6948571e-01   2.2765130e+01   2.0702651e+01   1.9845669e+01   2.0859740e+01   1.9990639e+01   5.9277484e+00   8.2114320e-01   1.8444971e-02   3.8294015e-01  -1.2573195e-01   7.4287680e+00
   1.5200000e+00   5.7325714e-01   2.2754846e+01   2.0696463e+01   1.9827208e+01   2.0859401e+01   1.9977424e+01   5.9145441e+00   8.2179070e-01   1.7246390e-02   3.8089016e-01  -1.2436268e-01   7.4194980e+00
   1.5300000e+00   5.7702857e-01   2.2743849e+01   2.0690451e+01   1.9808946e+01   2.0859330e+01   1.9963718e+01   5.9016907e+00   8.2266263e-01   1.6026800e-02   3.7883150e-01  -1.2309580e-01   7.4103416e+00
   1.5400000e+00   5.8080000e-01   2.2732140e+01   2.0684616e+01   1.9790880e+01   2.0859530e+01   1.9949523e+01   5.8891862e+00   8.2375756e-01   1.4785996e-02   3.7676451e-01  -1.2193042e-01   7.4012998e+00
   1.5500000e+00   5.8457143e-01   2.2719719e+01   2.0678955e+01   1.9773008e+01   2.0860002e+01   1.9934841e+01   5.8770286e+00   8.2507410e-01   1.3523767e-02   3.7468953e-01  -1.2086570e-01   7.3923736e+00
   1.5600000e+00   5.8834286e-01   2.2706588e+01   2.0673468e+01   1.9755328e+01   2.0860747e+01   1.9919674e+01   5.8652159e+00   8.2661093e-01   1.2239898e-02   3.7260684e-01  -1.1990085e-01   7.3835640e+00
   1.5700000e+00   5.9211429e-01   2.2692748e+01   2.0668154e+01   1.9737837e+01   2.0861767e+01   1.9904025e+01   5.8537462e+00   8.2836684e-01   1.0934167e-02   3.7051671e-01  -1.1903512e-01   7.3748716e+00
   1.5800000e+00   5.9588571e-01   2.2678200e+01   2.0663012e+01   1.9720534e+01   2.0863063e+01   1.9887896e+01   5.8426175e+00   8.3034067e-01   9.6063500e-03   3.6841936e-01  -1.1826778e-01   7.3662974e+00
   1.5900000e+00   5.9965714e-01   2.2662946e+01   2.0658041e+01   1.9703418e+01   2.0864636e+01   1.9871288e+01   5.8318279e+00   8.3253135e-01   8.2562224e-03   3.6631504e-01  -1.1759818e-01   7.3578420e+00
   1.6000000e+00   6.0342857e-01   2.2646987e+01   2.0653240e+01   1.9686486e+01   2.0866488e+01   1.9854203e+01   5.8213756e+00   8.3493785e-01   6.8835579e-03   3.6420392e-01  -1.1702567e-01   7.3495062e+00
   1.6100000e+00   6.0720000e-01   2.2630359e+01   2.0648585e+01   1.9669734e+01   2.0868599e+01   1.9836669e+01   5.8112479e+00   8.3754887e-01   5.4873860e-03   3.6208577e-01  -1.1654636e-01   7.3412891e+00
   1.6200000e+00   6.1097143e-01   2.2613332e+01   2.0643916e+01   1.9653134e+01   2.0870838e+01   1.9818866e+01   5.8013646e+00   8.4028771e-01   4.0621565e-03   3.5995763e-01  -1.1613559e-01   7.3331805e+00
   1.6300000e+00   6.1474286e-01   2.2596134e+01   2.0639095e+01   1.9636666e+01   2.0873092e+01   1.9800952e+01   5.7916578e+00   8.4309009e-01   2.6034734e-03   3.5781702e-01  -1.1577250e-01   7.3251711e+00
   1.6400000e+00   6.1851429e-01   2.2578882e+01   2.0634051e+01   1.9620318e+01   2.0875302e+01   1.9783006e+01   5.7820932e+00   8.4592423e-01   1.1094070e-03   3.5566280e-01  -1.1544649e-01   7.3172560e+00
   1.6500000e+00   6.2228571e-01   2.2561637e+01   2.0628750e+01   1.9604086e+01   2.0877442e+01   1.9765068e+01   5.7726538e+00   8.4877481e-01  -4.2075839e-04   3.5349448e-01  -1.1515217e-01   7.3094326e+00
   1.6600000e+00   6.2605714e-01   2.2544428e+01   2.0623174e+01   1.9587967e+01   2.0879498e+01   1.9747160e+01   5.7633310e+00   8.5163482e-01  -1.9871497e-03   3.5131191e-01  -1.1488679e-01   7.3016994e+00
   1.6700000e+00   6.2982857e-01   2.2527272e+01   2.0617314e+01   1.9571961e+01   2.0881464e+01   1.9729292e+01   5.7541207e+00   8.5450138e-01  -3.5896061e-03   3.4911514e-01  -1.1464894e-01   7.2940556e+00
   1.6800000e+00   6.3360000e-01   2.2510175e+01   2.0611166e+01   1.9556068e+01   2.0883338e+01   1.9711470e+01   5.7450211e+00   8.5737367e-01  -5.2277946e-03   3.4690433e-01  -1.1443786e-01   7.2865007e+00
   1.6900000e+00   6.3737143e-01   2.2493144e+01   2.0604729e+01   1.9540289e+01   2.0885119e+01   1.9693696e+01   5.7360314e+00   8.6025183e-01  -6.9013885e-03   3.4467965e-01  -1.1425314e-01   7.2790345e+00
   1.7000000e+00   6.4114286e-01   2.2476178e+01   2.0598001e+01   1.9524620e+01   2.0886808e+01   1.9675973e+01   5.7271512e+00   8.6313633e-01  -8.6101819e-03   3.4244110e-01  -1.1409459e-01   7.2716567e+00
   1.7100000e+00   6.4491429e-01   2.2459279e+01   2.0590982e+01   1.9509063e+01   2.0888406e+01   1.9658300e+01   5.7183806e+00   8.6602792e-01  -1.0353884e-02   3.4018878e-01  -1.1396210e-01   7.2643670e+00
   1.7200000e+00   6.4868571e-01   2.2442448e+01   2.0583674e+01   1.9493620e+01   2.0889913e+01   1.9640679e+01   5.7097197e+00   8.6892747e-01  -1.2132088e-02   3.3792297e-01  -1.1385551e-01   7.2571655e+00
   1.7300000e+00   6.5245714e-01   2.2425686e+01   2.0576077e+01   1.9478291e+01   2.0891331e+01   1.9623110e+01   5.7011686e+00   8.7183585e-01  -1.3944444e-02   3.3564387e-01  -1.1377469e-01   7.2500520e+00
   1.7400000e+00   6.5622857e-01   2.2408991e+01   2.0568191e+01   1.9463077e+01   2.0892661e+01   1.9605593e+01   5.6927275e+00   8.7475385e-01  -1.5790675e-02   3.3335161e-01  -1.1371956e-01   7.2430265e+00
   1.7500000e+00   6.6000000e-01   2.2392366e+01   2.0560018e+01   1.9447976e+01   2.0893904e+01   1.9588128e+01   5.6843966e+00   8.7768222e-01  -1.7670519e-02   3.3104631e-01  -1.1369004e-01   7.2360888e+00
   1.7600000e+00   6.6720000e-01   2.2375809e+01   2.0551557e+01   1.9432988e+01   2.0895061e+01   1.9570715e+01   5.6761760e+00   8.8062165e-01  -1.9583719e-02   3.2872810e-01  -1.1368604e-01   7.2292389e+00
   1.7700000e+00   6.7440000e-01   2.2359320e+01   2.0542809e+01   1.9418115e+01   2.0896133e+01   1.9553355e+01   5.6680657e+00   8.8357284e-01  -2.1530022e-02   3.2639709e-01  -1.1370749e-01   7.2224767e+00
   1.7800000e+00   6.8160000e-01   2.2342901e+01   2.0533775e+01   1.9403357e+01   2.0897120e+01   1.9536047e+01   5.6600660e+00   8.8653642e-01  -2.3509186e-02   3.2405340e-01  -1.1375429e-01   7.2158022e+00
   1.7900000e+00   6.8880000e-01   2.2326551e+01   2.0524456e+01   1.9388712e+01   2.0898024e+01   1.9518792e+01   5.6521769e+00   8.8951300e-01  -2.5520985e-02   3.2169715e-01  -1.1382637e-01   7.2092152e+00
   1.8000000e+00   6.9600000e-01   2.2310270e+01   2.0514852e+01   1.9374181e+01   2.0898846e+01   1.9501590e+01   5.6443984e+00   8.9250313e-01  -2.7565204e-02   3.1932843e-01  -1.1392364e-01   7.2027157e+00
   1.8100000e+00   7.0320000e-01   2.2294072e+01   2.0504976e+01   1.9359771e+01   2.0899553e+01   1.9484458e+01   5.6367252e+00   8.9549631e-01  -2.9640079e-02   3.1694736e-01  -1.1404582e-01   7.1962987e+00
   1.8200000e+00   7.1040000e-01   2.2278050e+01   2.0494914e+01   1.9345524e+01   2.0899909e+01   1.9467524e+01   5.6291177e+00   8.9841233e-01  -3.1733853e-02   3.1455433e-01  -1.1419108e-01   7.1899284e+00
   1.8300000e+00   7.1760000e-01   2.2262286e+01   2.0484739e+01   1.9331479e+01   2.0899714e+01   1.9450896e+01   5.6215432e+00   9.0118386e-01  -3.3836216e-02   3.1214965e-01  -1.1435778e-01   7.1835747e+00
   1.8400000e+00   7.2480000e-01   2.2246820e+01   2.0474485e+01   1.9317654e+01   2.0898867e+01   1.9434630e+01   5.6139858e+00   9.0377799e-01  -3.5941551e-02   3.0973357e-01  -1.1454495e-01   7.1772224e+00
   1.8500000e+00   7.3200000e-01   2.2231672e+01   2.0464171e+01   1.9304057e+01   2.0897321e+01   1.9418755e+01   5.6064380e+00   9.0617923e-01  -3.8046680e-02   3.0730622e-01  -1.1475198e-01   7.1708644e+00
   1.8600000e+00   7.3920000e-01   2.2216852e+01   2.0453802e+01   1.9290692e+01   2.0895051e+01   1.9403286e+01   5.5988970e+00   9.0838083e-01  -4.0149725e-02   3.0486772e-01  -1.1497845e-01   7.1644971e+00
   1.8700000e+00   7.4640000e-01   2.2202366e+01   2.0443381e+01   1.9277558e+01   2.0892049e+01   1.9388231e+01   5.5913617e+00   9.1038029e-01  -4.2249615e-02   3.0241797e-01  -1.1522415e-01   7.1581192e+00
   1.8800000e+00   7.5360000e-01   2.2188215e+01   2.0432910e+01   1.9264657e+01   2.0888310e+01   1.9373592e+01   5.5838323e+00   9.1217735e-01  -4.4345505e-02   2.9995704e-01  -1.1548884e-01   7.1517301e+00
   1.8900000e+00   7.6080000e-01   2.2174400e+01   2.0422388e+01   1.9251989e+01   2.0883835e+01   1.9359373e+01   5.5763095e+00   9.1377281e-01  -4.6436645e-02   2.9748509e-01  -1.1577230e-01   7.1453301e+00
   1.9000000e+00   7.6800000e-01   2.2160923e+01   2.0411814e+01   1.9239554e+01   2.0878626e+01   1.9345575e+01   5.5687942e+00   9.1516791e-01  -4.8522431e-02   2.9500227e-01  -1.1607432e-01   7.1389195e+00
   1.9100000e+00   7.7520000e-01   2.2147782e+01   2.0401188e+01   1.9227352e+01   2.0872685e+01   1.9332197e+01   5.5612874e+00   9.1636404e-01  -5.0602327e-02   2.9250870e-01  -1.1639469e-01   7.1324987e+00
   1.9200000e+00   7.8240000e-01   2.2134977e+01   2.0390509e+01   1.9215382e+01   2.0866015e+01   1.9319240e+01   5.5537899e+00   9.1736258e-01  -5.2675901e-02   2.9000446e-01  -1.1673325e-01   7.1260681e+00
   1.9300000e+00   7.8960000e-01   2.2122509e+01   2.0379775e+01   1.9203643e+01   2.0858618e+01   1.9306704e+01   5.5463027e+00   9.1816490e-01  -5.4742730e-02   2.8748960e-01  -1.1708985e-01   7.1196283e+00
   1.9400000e+00   7.9680000e-01   2.2110376e+01   2.0368986e+01   1.9192134e+01   2.0850497e+01   1.9294588e+01   5.5388266e+00   9.1877230e-01  -5.6802395e-02   2.8496423e-01  -1.1746433e-01   7.1131797e+00
   1.9500000e+00   8.0400000e-01   2.2098579e+01   2.0358141e+01   1.9180855e+01   2.0841655e+01   1.9282893e+01   5.5313626e+00   9.1918603e-01  -5.8854493e-02   2.8242846e-01  -1.1785652e-01   7.1067228e+00
   1.9600000e+00   8.1120000e-01   2.2087118e+01   2.0347241e+01   1.9169804e+01   2.0832095e+01   1.9271619e+01   5.5239114e+00   9.1940726e-01  -6.0898650e-02   2.7988237e-01  -1.1826627e-01   7.1002580e+00
   1.9700000e+00   8.1840000e-01   2.2075992e+01   2.0336284e+01   1.9158983e+01   2.0821819e+01   1.9260764e+01   5.5164737e+00   9.1943712e-01  -6.2934463e-02   2.7732609e-01  -1.1869343e-01   7.0937859e+00
   1.9800000e+00   8.2560000e-01   2.2065202e+01   2.0325270e+01   1.9148389e+01   2.0810829e+01   1.9250330e+01   5.5090503e+00   9.1927666e-01  -6.4961568e-02   2.7475974e-01  -1.1913783e-01   7.0873069e+00
   1.9900000e+00   8.3280000e-01   2.2054746e+01   2.0314199e+01   1.9138024e+01   2.0799128e+01   1.9240315e+01   5.5016419e+00   9.1892687e-01  -6.6979597e-02   2.7218343e-01  -1.1959933e-01   7.0808213e+00
   2.0000000e+00   8.4000000e-01   2.2044625e+01   2.0303071e+01   1.9127887e+01   2.0786719e+01   1.9230719e+01   5.4942492e+00   9.1838873e-01  -6.8988163e-02   2.6959734e-01  -1.2007774e-01   7.0743297e+00
   2.0100000e+00   8.4720000e-01   2.2034821e+01   2.0291882e+01   1.9117960e+01   2.0773632e+01   1.9221516e+01   5.4868672e+00   9.1767371e-01  -7.0987223e-02   2.6700232e-01  -1.2057178e-01   7.0678284e+00
   2.0200000e+00   8.5440000e-01   2.2025200e+01   2.0280605e+01   1.9108116e+01   2.0760081e+01   1.9212513e+01   5.4794561e+00   9.1686011e-01  -7.2978938e-02   2.6440376e-01  -1.2107300e-01   7.0612890e+00
   2.0300000e+00   8.6160000e-01   2.2015652e+01   2.0269219e+01   1.9098249e+01   2.0746248e+01   1.9203545e+01   5.4719822e+00   9.1601395e-01  -7.4965371e-02   2.6180622e-01  -1.2157416e-01   7.0546879e+00
   2.0400000e+00   8.6880000e-01   2.2006119e+01   2.0257716e+01   1.9088305e+01   2.0732225e+01   1.9194530e+01   5.4644287e+00   9.1516830e-01  -7.6947752e-02   2.5921199e-01  -1.2207150e-01   7.0480141e+00
   2.0500000e+00   8.7600000e-01   2.1996574e+01   2.0246092e+01   1.9078262e+01   2.0718060e+01   1.9185425e+01   5.4567874e+00   9.1433948e-01  -7.8926824e-02   2.5662225e-01  -1.2256302e-01   7.0412627e+00
   2.0600000e+00   8.8320000e-01   2.1987003e+01   2.0234348e+01   1.9068106e+01   2.0703779e+01   1.9176209e+01   5.4490548e+00   9.1353537e-01  -8.0903046e-02   2.5403761e-01  -1.2304762e-01   7.0344318e+00
   2.0700000e+00   8.9040000e-01   2.1977402e+01   2.0222485e+01   1.9057834e+01   2.0689393e+01   1.9166873e+01   5.4412294e+00   9.1275959e-01  -8.2876714e-02   2.5145842e-01  -1.2352464e-01   7.0275213e+00
   2.0800000e+00   8.9760000e-01   2.1967766e+01   2.0210506e+01   1.9047447e+01   2.0674909e+01   1.9157411e+01   5.4333108e+00   9.1201368e-01  -8.4848027e-02   2.4888489e-01  -1.2399365e-01   7.0205316e+00
   2.0900000e+00   9.0480000e-01   2.1958097e+01   2.0198413e+01   1.9036944e+01   2.0660331e+01   1.9147823e+01   5.4252992e+00   9.1129814e-01  -8.6817114e-02   2.4631717e-01  -1.2445435e-01   7.0134634e+00
   2.1000000e+00   9.1200000e-01   2.1948394e+01   2.0186210e+01   1.9026328e+01   2.0645661e+01   1.9138107e+01   5.4171952e+00   9.1061302e-01  -8.8784048e-02   2.4375542e-01  -1.2490645e-01   7.0063178e+00
   2.1100000e+00   9.1920000e-01   2.1938658e+01   2.0173898e+01   1.9015602e+01   2.0630901e+01   1.9128263e+01   5.4089995e+00   9.0995813e-01  -9.0748888e-02   2.4119975e-01  -1.2534970e-01   6.9990957e+00
   2.1200000e+00   9.2640000e-01   2.1928890e+01   2.0161480e+01   1.9004767e+01   2.0616051e+01   1.9118292e+01   5.4007126e+00   9.0933321e-01  -9.2711682e-02   2.3865027e-01  -1.2578389e-01   6.9917980e+00
   2.1300000e+00   9.3360000e-01   2.1919091e+01   2.0148958e+01   1.8993827e+01   2.0601112e+01   1.9108196e+01   5.3923352e+00   9.0873798e-01  -9.4672462e-02   2.3610711e-01  -1.2620879e-01   6.9844255e+00
   2.1400000e+00   9.4080000e-01   2.1909261e+01   2.0136335e+01   1.8982783e+01   2.0586086e+01   1.9097973e+01   5.3838680e+00   9.0817217e-01  -9.6631244e-02   2.3357037e-01  -1.2662416e-01   6.9769792e+00
   2.1500000e+00   9.4800000e-01   2.1899403e+01   2.0123612e+01   1.8971637e+01   2.0570972e+01   1.9087626e+01   5.3753117e+00   9.0763554e-01  -9.8588038e-02   2.3104018e-01  -1.2702980e-01   6.9694598e+00
   2.1600000e+00   9.5520000e-01   2.1889516e+01   2.0110792e+01   1.8960392e+01   2.0555772e+01   1.9077155e+01   5.3666670e+00   9.0712789e-01  -1.0054285e-01   2.2851665e-01  -1.2742548e-01   6.9618681e+00
   2.1700000e+00   9.6240000e-01   2.1879601e+01   2.0097877e+01   1.8949050e+01   2.0540486e+01   1.9066560e+01   5.3579343e+00   9.0664900e-01  -1.0249568e-01   2.2599990e-01  -1.2781098e-01   6.9542048e+00
   2.1800000e+00   9.6960000e-01   2.1869659e+01   2.0084868e+01   1.8937612e+01   2.0525115e+01   1.9055842e+01   5.3491144e+00   9.0619872e-01  -1.0444654e-01   2.2349004e-01  -1.2818610e-01   6.9464707e+00
   2.1900000e+00   9.7680000e-01   2.1859692e+01   2.0071767e+01   1.8926079e+01   2.0509659e+01   1.9045002e+01   5.3402077e+00   9.0577689e-01  -1.0639542e-01   2.2098717e-01  -1.2855063e-01   6.9386663e+00
   2.2000000e+00   9.8400000e-01   2.1849698e+01   2.0058575e+01   1.8914454e+01   2.0494119e+01   1.9034041e+01   5.3312149e+00   9.0538340e-01  -1.0834231e-01   2.1849142e-01  -1.2890436e-01   6.9307922e+00
   2.2100000e+00   9.9120000e-01   2.1839680e+01   2.0045295e+01   1.8902738e+01   2.0478496e+01   1.9022958e+01   5.3221365e+00   9.0501811e-01  -1.1028724e-01   2.1600284e-01  -1.2924711e-01   6.9228491e+00
   2.2200000e+00   9.9840000e-01   2.1829637e+01   2.0031927e+01   1.8890933e+01   2.0462790e+01   1.9011755e+01   5.3129731e+00   9.0468098e-01  -1.1223015e-01   2.1352161e-01  -1.2957867e-01   6.9148375e+00
   2.2300000e+00   1.0056000e+00   2.1819569e+01   2.0018473e+01   1.8879040e+01   2.0447003e+01   1.9000431e+01   5.3037250e+00   9.0437190e-01  -1.1417104e-01   2.1104782e-01  -1.2989884e-01   6.9067580e+00
   2.2400000e+00   1.0128000e+00   2.1809479e+01   2.0004934e+01   1.8867061e+01   2.0431134e+01   1.8988988e+01   5.2943930e+00   9.0409088e-01  -1.1610982e-01   2.0858164e-01  -1.3020741e-01   6.8986110e+00
   2.2500000e+00   1.0200000e+00   2.1799365e+01   1.9991311e+01   1.8854997e+01   2.0415184e+01   1.8977425e+01   5.2849774e+00   9.0383785e-01  -1.1804649e-01   2.0612318e-01  -1.3050419e-01   6.8903971e+00
   2.2600000e+00   1.0272000e+00   2.1789228e+01   1.9977605e+01   1.8842842e+01   2.0399153e+01   1.8965744e+01   5.2754785e+00   9.0361248e-01  -1.1998139e-01   2.0367209e-01  -1.3078918e-01   6.8821167e+00
   2.2700000e+00   1.0344000e+00   2.1779068e+01   1.9963815e+01   1.8830600e+01   2.0383042e+01   1.8953944e+01   5.2658968e+00   9.0341465e-01  -1.2191462e-01   2.0122833e-01  -1.3106231e-01   6.8737699e+00
   2.2800000e+00   1.0416000e+00   2.1768886e+01   1.9949944e+01   1.8818272e+01   2.0366850e+01   1.8942026e+01   5.2562328e+00   9.0324433e-01  -1.2384614e-01   1.9879201e-01  -1.3132342e-01   6.8653574e+00
   2.2900000e+00   1.0488000e+00   2.1758682e+01   1.9935992e+01   1.8805859e+01   2.0350578e+01   1.8929991e+01   5.2464868e+00   9.0310149e-01  -1.2577595e-01   1.9636320e-01  -1.3157238e-01   6.8568795e+00
   2.3000000e+00   1.0560000e+00   2.1748456e+01   1.9921959e+01   1.8793362e+01   2.0334227e+01   1.8917837e+01   5.2366592e+00   9.0298609e-01  -1.2770406e-01   1.9394194e-01  -1.3180907e-01   6.8483366e+00
   2.3100000e+00   1.0632000e+00   2.1738208e+01   1.9907848e+01   1.8780781e+01   2.0317798e+01   1.8905567e+01   5.2267506e+00   9.0289808e-01  -1.2963049e-01   1.9152827e-01  -1.3203338e-01   6.8397291e+00
   2.3200000e+00   1.0704000e+00   2.1727939e+01   1.9893657e+01   1.8768118e+01   2.0301289e+01   1.8893180e+01   5.2167612e+00   9.0283741e-01  -1.3155527e-01   1.8912221e-01  -1.3224520e-01   6.8310572e+00
   2.3300000e+00   1.0776000e+00   2.1717649e+01   1.9879388e+01   1.8755372e+01   2.0284703e+01   1.8880677e+01   5.2066915e+00   9.0280403e-01  -1.3347842e-01   1.8672378e-01  -1.3244443e-01   6.8223214e+00
   2.3400000e+00   1.0848000e+00   2.1707337e+01   1.9865042e+01   1.8742544e+01   2.0268039e+01   1.8868057e+01   5.1965417e+00   9.0279790e-01  -1.3539999e-01   1.8433299e-01  -1.3263100e-01   6.8135219e+00
   2.3500000e+00   1.0920000e+00   2.1697005e+01   1.9850618e+01   1.8729633e+01   2.0251297e+01   1.8855322e+01   5.1863123e+00   9.0281895e-01  -1.3732002e-01   1.8194983e-01  -1.3280481e-01   6.8046591e+00
   2.3600000e+00   1.0992000e+00   2.1686652e+01   1.9836118e+01   1.8716641e+01   2.0234478e+01   1.8842471e+01   5.1760036e+00   9.0286714e-01  -1.3923853e-01   1.7957431e-01  -1.3296580e-01   6.7957331e+00
   2.3700000e+00   1.1064000e+00   2.1676278e+01   1.9821541e+01   1.8703568e+01   2.0217582e+01   1.8829504e+01   5.1656160e+00   9.0294243e-01  -1.4115559e-01   1.7720641e-01  -1.3311390e-01   6.7867444e+00
   2.3800000e+00   1.1136000e+00   2.1665884e+01   1.9806888e+01   1.8690413e+01   2.0200609e+01   1.8816422e+01   5.1551498e+00   9.0304475e-01  -1.4307125e-01   1.7484610e-01  -1.3324905e-01   6.7776931e+00
   2.3900000e+00   1.1208000e+00   2.1655469e+01   1.9792161e+01   1.8677178e+01   2.0183559e+01   1.8803226e+01   5.1446053e+00   9.0317416e-01  -1.4498539e-01   1.7249355e-01  -1.3337113e-01   6.7685796e+00
   2.4000000e+00   1.1280000e+00   2.1645033e+01   1.9777358e+01   1.8663865e+01   2.0166434e+01   1.8789915e+01   5.1339829e+00   9.0333066e-01  -1.4689805e-01   1.7014879e-01  -1.3348006e-01   6.7594041e+00
   2.4100000e+00   1.1352000e+00   2.1634578e+01   1.9762481e+01   1.8650471e+01   2.0149232e+01   1.8776489e+01   5.1232829e+00   9.0351411e-01  -1.4880935e-01   1.6781168e-01  -1.3357584e-01   6.7501669e+00
   2.4200000e+00   1.1424000e+00   2.1624102e+01   1.9747527e+01   1.8636992e+01   2.0131954e+01   1.8762949e+01   5.1125054e+00   9.0372425e-01  -1.5071961e-01   1.6548187e-01  -1.3365854e-01   6.7408680e+00
   2.4300000e+00   1.1496000e+00   2.1613605e+01   1.9732499e+01   1.8623429e+01   2.0114599e+01   1.8749295e+01   5.1016508e+00   9.0396100e-01  -1.5262891e-01   1.6315929e-01  -1.3372819e-01   6.7315076e+00
   2.4400000e+00   1.1568000e+00   2.1603088e+01   1.9717395e+01   1.8609784e+01   2.0097168e+01   1.8735527e+01   5.0907192e+00   9.0422436e-01  -1.5453727e-01   1.6084396e-01  -1.3378475e-01   6.7220859e+00
   2.4500000e+00   1.1640000e+00   2.1592550e+01   1.9702216e+01   1.8596057e+01   2.0079660e+01   1.8721646e+01   5.0797111e+00   9.0451422e-01  -1.5644477e-01   1.5853579e-01  -1.3382822e-01   6.7126032e+00
   2.4600000e+00   1.1712000e+00   2.1581992e+01   1.9686962e+01   1.8582243e+01   2.0062076e+01   1.8707650e+01   5.0686266e+00   9.0483035e-01  -1.5835171e-01   1.5623447e-01  -1.3385872e-01   6.7030595e+00
   2.4700000e+00   1.1784000e+00   2.1571414e+01   1.9671633e+01   1.8568346e+01   2.0044415e+01   1.8693541e+01   5.0574660e+00   9.0517272e-01  -1.6025811e-01   1.5393998e-01  -1.3387624e-01   6.6934550e+00
   2.4800000e+00   1.1856000e+00   2.1560814e+01   1.9656228e+01   1.8554363e+01   2.0026677e+01   1.8679318e+01   5.0462294e+00   9.0554122e-01  -1.6216407e-01   1.5165222e-01  -1.3388082e-01   6.6837898e+00
   2.4900000e+00   1.1928000e+00   2.1550194e+01   1.9640748e+01   1.8540294e+01   2.0008862e+01   1.8664982e+01   5.0349172e+00   9.0593567e-01  -1.6406983e-01   1.4937094e-01  -1.3387255e-01   6.6740640e+00
   2.5000000e+00   1.2000000e+00   2.1539554e+01   1.9625193e+01   1.8526141e+01   1.9990971e+01   1.8650533e+01   5.0235295e+00   9.0635607e-01  -1.6597534e-01   1.4709620e-01  -1.3385141e-01   6.6642779e+00
   2.5100000e+00   1.2040000e+00   2.1528890e+01   1.9609565e+01   1.8511902e+01   1.9973010e+01   1.8635975e+01   5.0120700e+00   9.0680055e-01  -1.6788021e-01   1.4482777e-01  -1.3381739e-01   6.6544354e+00
   2.5200000e+00   1.2080000e+00   2.1518181e+01   1.9593888e+01   1.8497568e+01   1.9955036e+01   1.8621337e+01   5.0005637e+00   9.0725586e-01  -1.6978084e-01   1.4256461e-01  -1.3377019e-01   6.6445646e+00
   2.5300000e+00   1.2120000e+00   2.1507411e+01   1.9578180e+01   1.8483134e+01   1.9937096e+01   1.8606644e+01   4.9890320e+00   9.0771097e-01  -1.7167390e-01   1.4030608e-01  -1.3370955e-01   6.6346890e+00
   2.5400000e+00   1.2160000e+00   2.1496570e+01   1.9562451e+01   1.8468598e+01   1.9919212e+01   1.8591908e+01   4.9774856e+00   9.0816022e-01  -1.7355783e-01   1.3805167e-01  -1.3363555e-01   6.6248202e+00
   2.5500000e+00   1.2200000e+00   2.1485654e+01   1.9546706e+01   1.8453954e+01   1.9901396e+01   1.8577135e+01   4.9659298e+00   9.0860066e-01  -1.7543198e-01   1.3580093e-01  -1.3354841e-01   6.6149634e+00
   2.5600000e+00   1.2240000e+00   2.1474659e+01   1.9530946e+01   1.8439205e+01   1.9883653e+01   1.8562327e+01   4.9543674e+00   9.0903100e-01  -1.7729585e-01   1.3355380e-01  -1.3344829e-01   6.6051209e+00
   2.5700000e+00   1.2280000e+00   2.1463584e+01   1.9515173e+01   1.8424349e+01   1.9865984e+01   1.8547484e+01   4.9427997e+00   9.0945052e-01  -1.7914932e-01   1.3131009e-01  -1.3333540e-01   6.5952936e+00
   2.5800000e+00   1.2320000e+00   2.1452429e+01   1.9499387e+01   1.8409385e+01   1.9848389e+01   1.8532607e+01   4.9312272e+00   9.0985879e-01  -1.8099246e-01   1.2906951e-01  -1.3321005e-01   6.5854815e+00
   2.5900000e+00   1.2360000e+00   2.1441193e+01   1.9483588e+01   1.8394313e+01   1.9830869e+01   1.8517696e+01   4.9196501e+00   9.1025577e-01  -1.8282515e-01   1.2683210e-01  -1.3307239e-01   6.5756842e+00
   2.6000000e+00   1.2400000e+00   2.1429876e+01   1.9467777e+01   1.8379134e+01   1.9813423e+01   1.8502750e+01   4.9080686e+00   9.1064138e-01  -1.8464743e-01   1.2459775e-01  -1.3292263e-01   6.5659014e+00
   2.6100000e+00   1.2440000e+00   2.1418478e+01   1.9451951e+01   1.8363845e+01   1.9796048e+01   1.8487769e+01   4.8964826e+00   9.1101550e-01  -1.8645947e-01   1.2236621e-01  -1.3276103e-01   6.5561324e+00
   2.6200000e+00   1.2480000e+00   2.1406998e+01   1.9436113e+01   1.8348449e+01   1.9778746e+01   1.8472752e+01   4.8848921e+00   9.1137824e-01  -1.8826116e-01   1.2013757e-01  -1.3258773e-01   6.5463768e+00
   2.6300000e+00   1.2520000e+00   2.1395437e+01   1.9420261e+01   1.8332945e+01   1.9761514e+01   1.8457698e+01   4.8732969e+00   9.1172960e-01  -1.9005255e-01   1.1791172e-01  -1.3240292e-01   6.5366340e+00
   2.6400000e+00   1.2560000e+00   2.1383794e+01   1.9404394e+01   1.8317330e+01   1.9744351e+01   1.8442608e+01   4.8616970e+00   9.1206939e-01  -1.9183393e-01   1.1568832e-01  -1.3220689e-01   6.5269034e+00
   2.6500000e+00   1.2600000e+00   2.1372069e+01   1.9388513e+01   1.8301608e+01   1.9727258e+01   1.8427480e+01   4.8500924e+00   9.1239777e-01  -1.9360515e-01   1.1346750e-01  -1.3199974e-01   6.5171847e+00
   2.6600000e+00   1.2640000e+00   2.1360262e+01   1.9372617e+01   1.8285776e+01   1.9710231e+01   1.8412315e+01   4.8384829e+00   9.1271465e-01  -1.9536637e-01   1.1124905e-01  -1.3178170e-01   6.5074773e+00
   2.6700000e+00   1.2680000e+00   2.1348374e+01   1.9356707e+01   1.8269837e+01   1.9693273e+01   1.8397112e+01   4.8268685e+00   9.1302017e-01  -1.9711743e-01   1.0903313e-01  -1.3155285e-01   6.4977809e+00
   2.6800000e+00   1.2720000e+00   2.1336404e+01   1.9340785e+01   1.8253796e+01   1.9676381e+01   1.8381871e+01   4.8152494e+00   9.1331460e-01  -1.9885804e-01   1.0682006e-01  -1.3131317e-01   6.4880951e+00
   2.6900000e+00   1.2760000e+00   2.1324352e+01   1.9324848e+01   1.8237650e+01   1.9659557e+01   1.8366591e+01   4.8036254e+00   9.1359791e-01  -2.0058827e-01   1.0460977e-01  -1.3106280e-01   6.4784197e+00
   2.7000000e+00   1.2800000e+00   2.1312219e+01   1.9308897e+01   1.8221397e+01   1.9642798e+01   1.8351272e+01   4.7919966e+00   9.1387000e-01  -2.0230825e-01   1.0240204e-01  -1.3080193e-01   6.4687542e+00
   2.7100000e+00   1.2840000e+00   2.1300004e+01   1.9292932e+01   1.8205040e+01   1.9626103e+01   1.8335914e+01   4.7803628e+00   9.1413100e-01  -2.0401786e-01   1.0019702e-01  -1.3053061e-01   6.4590983e+00
   2.7200000e+00   1.2880000e+00   2.1287708e+01   1.9276953e+01   1.8188576e+01   1.9609474e+01   1.8320517e+01   4.7687242e+00   9.1438086e-01  -2.0571716e-01   9.7994594e-02  -1.3024898e-01   6.4494517e+00
   2.7300000e+00   1.2920000e+00   2.1275330e+01   1.9260960e+01   1.8172009e+01   1.9592908e+01   1.8305080e+01   4.7570806e+00   9.1461966e-01  -2.0740609e-01   9.5794835e-02  -1.2995712e-01   6.4398141e+00
   2.7400000e+00   1.2960000e+00   2.1262871e+01   1.9244952e+01   1.8155339e+01   1.9576407e+01   1.8289604e+01   4.7454321e+00   9.1484753e-01  -2.0908449e-01   9.3597898e-02  -1.2965505e-01   6.4301853e+00
   2.7500000e+00   1.3000000e+00   2.1250330e+01   1.9228932e+01   1.8138566e+01   1.9559968e+01   1.8274088e+01   4.7337788e+00   9.1506452e-01  -2.1075232e-01   9.1403818e-02  -1.2934284e-01   6.4205650e+00
   2.7600000e+00   1.3040000e+00   2.1237709e+01   1.9212896e+01   1.8121688e+01   1.9543593e+01   1.8258531e+01   4.7221205e+00   9.1527051e-01  -2.1240974e-01   8.9212378e-02  -1.2902066e-01   6.4109530e+00
   2.7700000e+00   1.3080000e+00   2.1225006e+01   1.9196847e+01   1.8104707e+01   1.9527279e+01   1.8242935e+01   4.7104572e+00   9.1546558e-01  -2.1405666e-01   8.7023662e-02  -1.2868854e-01   6.4013491e+00
   2.7800000e+00   1.3120000e+00   2.1212221e+01   1.9180783e+01   1.8087624e+01   1.9511028e+01   1.8227298e+01   4.6987891e+00   9.1564983e-01  -2.1569296e-01   8.4837802e-02  -1.2834653e-01   6.3917530e+00
   2.7900000e+00   1.3160000e+00   2.1199356e+01   1.9164706e+01   1.8070440e+01   1.9494838e+01   1.8211621e+01   4.6871162e+00   9.1582332e-01  -2.1731858e-01   8.2654837e-02  -1.2799466e-01   6.3821646e+00
   2.8000000e+00   1.3200000e+00   2.1186410e+01   1.9148615e+01   1.8053154e+01   1.9478710e+01   1.8195904e+01   4.6754384e+00   9.1598605e-01  -2.1893353e-01   8.0474743e-02  -1.2763301e-01   6.3725837e+00
   2.8100000e+00   1.3240000e+00   2.1173383e+01   1.9132511e+01   1.8035770e+01   1.9462643e+01   1.8180146e+01   4.6637559e+00   9.1613824e-01  -2.2053755e-01   7.8297822e-02  -1.2726152e-01   6.3630103e+00
   2.8200000e+00   1.3280000e+00   2.1160276e+01   1.9116395e+01   1.8018288e+01   1.9446638e+01   1.8164348e+01   4.6520687e+00   9.1628001e-01  -2.2213048e-01   7.6124232e-02  -1.2688016e-01   6.3534441e+00
   2.8300000e+00   1.3320000e+00   2.1147088e+01   1.9100265e+01   1.8000708e+01   1.9430694e+01   1.8148509e+01   4.6403768e+00   9.1641137e-01  -2.2371233e-01   7.3953965e-02  -1.2648897e-01   6.3438851e+00
   2.8400000e+00   1.3360000e+00   2.1133820e+01   1.9084123e+01   1.7983030e+01   1.9414811e+01   1.8132629e+01   4.6286803e+00   9.1653235e-01  -2.2528306e-01   7.1787033e-02  -1.2608798e-01   6.3343331e+00
   2.8500000e+00   1.3400000e+00   2.1120471e+01   1.9067967e+01   1.7965253e+01   1.9398988e+01   1.8116709e+01   4.6169792e+00   9.1664299e-01  -2.2684265e-01   6.9623465e-02  -1.2567722e-01   6.3247880e+00
   2.8600000e+00   1.3440000e+00   2.1107043e+01   1.9051798e+01   1.7947378e+01   1.9383226e+01   1.8100748e+01   4.6052734e+00   9.1674334e-01  -2.2839103e-01   6.7463306e-02  -1.2525671e-01   6.3152497e+00
   2.8700000e+00   1.3480000e+00   2.1093534e+01   1.9035617e+01   1.7929405e+01   1.9367523e+01   1.8084747e+01   4.5935631e+00   9.1683344e-01  -2.2992815e-01   6.5306611e-02  -1.2482647e-01   6.3057180e+00
   2.8800000e+00   1.3520000e+00   2.1079946e+01   1.9019423e+01   1.7911335e+01   1.9351881e+01   1.8068705e+01   4.5818483e+00   9.1691337e-01  -2.3145393e-01   6.3153446e-02  -1.2438650e-01   6.2961929e+00
   2.8900000e+00   1.3560000e+00   2.1066277e+01   1.9003217e+01   1.7893170e+01   1.9336298e+01   1.8052622e+01   4.5701291e+00   9.1698318e-01  -2.3296832e-01   6.1003875e-02  -1.2393681e-01   6.2866742e+00
   2.9000000e+00   1.3600000e+00   2.1052529e+01   1.8986998e+01   1.7874908e+01   1.9320775e+01   1.8036499e+01   4.5584054e+00   9.1704294e-01  -2.3447124e-01   5.8857968e-02  -1.2347738e-01   6.2771620e+00
   2.9100000e+00   1.3640000e+00   2.1038702e+01   1.8970766e+01   1.7856550e+01   1.9305312e+01   1.8020335e+01   4.5466773e+00   9.1709271e-01  -2.3596261e-01   5.6715796e-02  -1.2300823e-01   6.2676561e+00
   2.9200000e+00   1.3680000e+00   2.1024795e+01   1.8954523e+01   1.7838098e+01   1.9289908e+01   1.8004130e+01   4.5349449e+00   9.1713255e-01  -2.3744237e-01   5.4577427e-02  -1.2252932e-01   6.2581565e+00
   2.9300000e+00   1.3720000e+00   2.1010809e+01   1.8938267e+01   1.7819551e+01   1.9274563e+01   1.7987885e+01   4.5232081e+00   9.1716252e-01  -2.3891046e-01   5.2442929e-02  -1.2204067e-01   6.2486630e+00
   2.9400000e+00   1.3760000e+00   2.0996744e+01   1.8921999e+01   1.7800910e+01   1.9259277e+01   1.7971599e+01   4.5114671e+00   9.1718269e-01  -2.4036680e-01   5.0312369e-02  -1.2154226e-01   6.2391758e+00
   2.9500000e+00   1.3800000e+00   2.0982599e+01   1.8905720e+01   1.7782175e+01   1.9244051e+01   1.7955273e+01   4.4997220e+00   9.1719311e-01  -2.4181132e-01   4.8185813e-02  -1.2103406e-01   6.2296946e+00
   2.9600000e+00   1.3840000e+00   2.0968377e+01   1.8889429e+01   1.7763346e+01   1.9228883e+01   1.7938907e+01   4.4879726e+00   9.1719384e-01  -2.4324398e-01   4.6063321e-02  -1.2051608e-01   6.2202195e+00
   2.9700000e+00   1.3880000e+00   2.0954075e+01   1.8873125e+01   1.7744425e+01   1.9213774e+01   1.7922500e+01   4.4762191e+00   9.1718494e-01  -2.4466469e-01   4.3944953e-02  -1.1998829e-01   6.2107504e+00
   2.9800000e+00   1.3920000e+00   2.0939695e+01   1.8856811e+01   1.7725410e+01   1.9198724e+01   1.7906053e+01   4.4644616e+00   9.1716645e-01  -2.4607342e-01   4.1830766e-02  -1.1945068e-01   6.2012872e+00
   2.9900000e+00   1.3960000e+00   2.0925236e+01   1.8840484e+01   1.7706303e+01   1.9183732e+01   1.7889565e+01   4.4527000e+00   9.1713843e-01  -2.4747010e-01   3.9720812e-02  -1.1890324e-01   6.1918300e+00
   3.0000000e+00   1.4000000e+00   2.0910699e+01   1.8824146e+01   1.7687104e+01   1.9168799e+01   1.7873038e+01   4.4409344e+00   9.1710093e-01  -2.4885468e-01   3.7615140e-02  -1.1834595e-01   6.1823787e+00
   3.0100000e+00   1.4040000e+00   2.0896085e+01   1.8807802e+01   1.7667816e+01   1.9153930e+01   1.7856469e+01   4.4291655e+00   9.1705333e-01  -2.5022666e-01   3.5514306e-02  -1.1778017e-01   6.1729336e+00
   3.0200000e+00   1.4080000e+00   2.0881400e+01   1.8791495e+01   1.7648467e+01   1.9139170e+01   1.7839857e+01   4.4173983e+00   9.1699079e-01  -2.5158265e-01   3.3422108e-02  -1.1721596e-01   6.1634977e+00
   3.0300000e+00   1.4120000e+00   2.0866648e+01   1.8775260e+01   1.7629079e+01   1.9124556e+01   1.7823197e+01   4.4056369e+00   9.1690923e-01  -2.5291971e-01   3.1341819e-02  -1.1666177e-01   6.1540735e+00
   3.0400000e+00   1.4160000e+00   2.0851833e+01   1.8759116e+01   1.7609666e+01   1.9110108e+01   1.7806488e+01   4.3938835e+00   9.1680667e-01  -2.5423630e-01   2.9275198e-02  -1.1612180e-01   6.1446623e+00
   3.0500000e+00   1.4200000e+00   2.0836955e+01   1.8743070e+01   1.7590233e+01   1.9095833e+01   1.7789728e+01   4.3821391e+00   9.1668223e-01  -2.5553153e-01   2.7223274e-02  -1.1559801e-01   6.1352650e+00
   3.0600000e+00   1.4240000e+00   2.0822015e+01   1.8727128e+01   1.7570784e+01   1.9081736e+01   1.7772918e+01   4.3704042e+00   9.1653559e-01  -2.5680482e-01   2.5186722e-02  -1.1509127e-01   6.1258818e+00
   3.0700000e+00   1.4280000e+00   2.0807014e+01   1.8711291e+01   1.7551323e+01   1.9067820e+01   1.7756058e+01   4.3586792e+00   9.1636671e-01  -2.5805576e-01   2.3166046e-02  -1.1460183e-01   6.1165132e+00
   3.0800000e+00   1.4320000e+00   2.0791950e+01   1.8695561e+01   1.7531852e+01   1.9054086e+01   1.7739146e+01   4.3469641e+00   9.1617571e-01  -2.5928400e-01   2.1161662e-02  -1.1412968e-01   6.1071593e+00
   3.0900000e+00   1.4360000e+00   2.0776826e+01   1.8679937e+01   1.7512371e+01   1.9040532e+01   1.7722183e+01   4.3352592e+00   9.1596278e-01  -2.6048926e-01   1.9173942e-02  -1.1367465e-01   6.0978203e+00
   3.1000000e+00   1.4400000e+00   2.0761639e+01   1.8664420e+01   1.7492882e+01   1.9027161e+01   1.7705170e+01   4.3235644e+00   9.1572814e-01  -2.6167126e-01   1.7203220e-02  -1.1323652e-01   6.0884963e+00
   3.1100000e+00   1.4440000e+00   2.0746392e+01   1.8649010e+01   1.7473385e+01   1.9013971e+01   1.7688105e+01   4.3118798e+00   9.1547199e-01  -2.6282977e-01   1.5249808e-02  -1.1281503e-01   6.0791874e+00
   3.1200000e+00   1.4480000e+00   2.0731083e+01   1.8633706e+01   1.7453881e+01   1.9000962e+01   1.7670990e+01   4.3002054e+00   9.1519456e-01  -2.6396456e-01   1.3313988e-02  -1.1240991e-01   6.0698938e+00
   3.1300000e+00   1.4520000e+00   2.0715712e+01   1.8618509e+01   1.7434371e+01   1.8988134e+01   1.7653824e+01   4.2885412e+00   9.1489603e-01  -2.6507543e-01   1.1396017e-02  -1.1202093e-01   6.0606155e+00
   3.1400000e+00   1.4560000e+00   2.0700280e+01   1.8603417e+01   1.7414853e+01   1.8975486e+01   1.7636607e+01   4.2768872e+00   9.1457658e-01  -2.6616220e-01   9.4961258e-03  -1.1164782e-01   6.0513527e+00
   3.1500000e+00   1.4600000e+00   2.0684787e+01   1.8588431e+01   1.7395329e+01   1.8963019e+01   1.7619340e+01   4.2652434e+00   9.1423637e-01  -2.6722471e-01   7.6145137e-03  -1.1129038e-01   6.0421054e+00
   3.1600000e+00   1.4640000e+00   2.0669232e+01   1.8573550e+01   1.7375798e+01   1.8950731e+01   1.7602022e+01   4.2536097e+00   9.1387555e-01  -2.6826283e-01   5.7513542e-03  -1.1094839e-01   6.0328736e+00
   3.1700000e+00   1.4680000e+00   2.0653617e+01   1.8558774e+01   1.7356260e+01   1.8938622e+01   1.7584654e+01   4.2419863e+00   9.1349422e-01  -2.6927644e-01   3.9067939e-03  -1.1062167e-01   6.0236574e+00
   3.1800000e+00   1.4720000e+00   2.0637940e+01   1.8544102e+01   1.7336714e+01   1.8926692e+01   1.7567235e+01   4.2303730e+00   9.1309249e-01  -2.7026546e-01   2.0809522e-03  -1.1031006e-01   6.0144569e+00
   3.1900000e+00   1.4760000e+00   2.0622201e+01   1.8529534e+01   1.7317160e+01   1.8914941e+01   1.7549766e+01   4.2187697e+00   9.1267043e-01  -2.7122981e-01   2.7392221e-04  -1.1001340e-01   6.0052720e+00
   3.2000000e+00   1.4800000e+00   2.0606402e+01   1.8515069e+01   1.7297597e+01   1.8903367e+01   1.7532248e+01   4.2071766e+00   9.1222812e-01  -2.7216944e-01  -1.5142251e-03  -1.0973157e-01   5.9961029e+00
   3.2100000e+00   1.4840000e+00   2.0590542e+01   1.8500707e+01   1.7278024e+01   1.8891970e+01   1.7514679e+01   4.1955934e+00   9.1176560e-01  -2.7308431e-01  -3.2834419e-03  -1.0946445e-01   5.9869494e+00
   3.2200000e+00   1.4880000e+00   2.0574620e+01   1.8486447e+01   1.7258441e+01   1.8880751e+01   1.7497060e+01   4.1840202e+00   9.1128290e-01  -2.7397441e-01  -5.0337040e-03  -1.0921197e-01   5.9778117e+00
   3.2300000e+00   1.4920000e+00   2.0558637e+01   1.8472290e+01   1.7238847e+01   1.8869707e+01   1.7479391e+01   4.1724569e+00   9.1078004e-01  -2.7483973e-01  -6.7650107e-03  -1.0897403e-01   5.9686897e+00
   3.2400000e+00   1.4960000e+00   2.0542594e+01   1.8458233e+01   1.7219240e+01   1.8858839e+01   1.7461673e+01   4.1609034e+00   9.1025700e-01  -2.7568030e-01  -8.4773809e-03  -1.0875058e-01   5.9595833e+00
   3.2500000e+00   1.5000000e+00   2.0526489e+01   1.8444277e+01   1.7199621e+01   1.8848146e+01   1.7443904e+01   4.1493596e+00   9.0971378e-01  -2.7649615e-01  -1.0170853e-02  -1.0854158e-01   5.9504926e+00
   3.2600000e+00   1.5040000e+00   2.0510323e+01   1.8430421e+01   1.7179987e+01   1.8837627e+01   1.7426086e+01   4.1378254e+00   9.0915036e-01  -2.7728733e-01  -1.1845483e-02  -1.0834700e-01   5.9414175e+00
   3.2700000e+00   1.5080000e+00   2.0494096e+01   1.8416664e+01   1.7160339e+01   1.8827282e+01   1.7408219e+01   4.1263008e+00   9.0856667e-01  -2.7805391e-01  -1.3501351e-02  -1.0816684e-01   5.9323580e+00
   3.2800000e+00   1.5120000e+00   2.0477809e+01   1.8403006e+01   1.7140674e+01   1.8817110e+01   1.7390302e+01   4.1147857e+00   9.0796267e-01  -2.7879596e-01  -1.5138551e-02  -1.0800109e-01   5.9233139e+00
   3.2900000e+00   1.5160000e+00   2.0461460e+01   1.8389446e+01   1.7120991e+01   1.8807110e+01   1.7372335e+01   4.1032799e+00   9.0733828e-01  -2.7951359e-01  -1.6757196e-02  -1.0784979e-01   5.9142853e+00
   3.3000000e+00   1.5200000e+00   2.0445050e+01   1.8375984e+01   1.7101290e+01   1.8797282e+01   1.7354319e+01   4.0917834e+00   9.0669343e-01  -2.8020689e-01  -1.8357413e-02  -1.0771295e-01   5.9052721e+00
   3.3100000e+00   1.5240000e+00   2.0428579e+01   1.8362618e+01   1.7081568e+01   1.8787625e+01   1.7336254e+01   4.0802960e+00   9.0602802e-01  -2.8087598e-01  -1.9939342e-02  -1.0759064e-01   5.8962741e+00
   3.3200000e+00   1.5280000e+00   2.0412047e+01   1.8349348e+01   1.7061826e+01   1.8778137e+01   1.7318139e+01   4.0688176e+00   9.0534195e-01  -2.8152100e-01  -2.1503140e-02  -1.0748289e-01   5.8872913e+00
   3.3300000e+00   1.5320000e+00   2.0395453e+01   1.8336173e+01   1.7042062e+01   1.8768820e+01   1.7299974e+01   4.0573480e+00   9.0463511e-01  -2.8214209e-01  -2.3048972e-02  -1.0738980e-01   5.8783236e+00
   3.3400000e+00   1.5360000e+00   2.0378799e+01   1.8323093e+01   1.7022273e+01   1.8759671e+01   1.7281761e+01   4.0458872e+00   9.0390737e-01  -2.8273939e-01  -2.4577022e-02  -1.0731143e-01   5.8693708e+00
   3.3500000e+00   1.5400000e+00   2.0362083e+01   1.8310106e+01   1.7002460e+01   1.8750689e+01   1.7263498e+01   4.0344350e+00   9.0315860e-01  -2.8331306e-01  -2.6087479e-02  -1.0724788e-01   5.8604329e+00
   3.3600000e+00   1.5440000e+00   2.0345306e+01   1.8297212e+01   1.6982621e+01   1.8741875e+01   1.7245185e+01   4.0229913e+00   9.0238867e-01  -2.8386327e-01  -2.7580543e-02  -1.0719926e-01   5.8515097e+00
   3.3700000e+00   1.5480000e+00   2.0328468e+01   1.8284411e+01   1.6962754e+01   1.8733228e+01   1.7226824e+01   4.0115559e+00   9.0159743e-01  -2.8439020e-01  -2.9056422e-02  -1.0716567e-01   5.8426011e+00
   3.3800000e+00   1.5520000e+00   2.0311569e+01   1.8271701e+01   1.6942859e+01   1.8724745e+01   1.7208412e+01   4.0001286e+00   9.0078473e-01  -2.8489401e-01  -3.0515323e-02  -1.0714722e-01   5.8337070e+00
   3.3900000e+00   1.5560000e+00   2.0294608e+01   1.8259082e+01   1.6922934e+01   1.8716428e+01   1.7189952e+01   3.9887094e+00   8.9995043e-01  -2.8537489e-01  -3.1957458e-02  -1.0714405e-01   5.8248272e+00
   3.4000000e+00   1.5600000e+00   2.0277586e+01   1.8246553e+01   1.6902978e+01   1.8708275e+01   1.7171442e+01   3.9772980e+00   8.9909437e-01  -2.8583301e-01  -3.3383037e-02  -1.0715627e-01   5.8159616e+00
   3.4100000e+00   1.5640000e+00   2.0260502e+01   1.8234114e+01   1.6882990e+01   1.8700285e+01   1.7152883e+01   3.9658944e+00   8.9821640e-01  -2.8626854e-01  -3.4792271e-02  -1.0718401e-01   5.8071101e+00
   3.4200000e+00   1.5680000e+00   2.0243356e+01   1.8221763e+01   1.6862970e+01   1.8692457e+01   1.7134275e+01   3.9544984e+00   8.9731638e-01  -2.8668166e-01  -3.6185367e-02  -1.0722741e-01   5.7982725e+00
   3.4300000e+00   1.5720000e+00   2.0226149e+01   1.8209500e+01   1.6842916e+01   1.8684791e+01   1.7115617e+01   3.9431098e+00   8.9639414e-01  -2.8707254e-01  -3.7562533e-02  -1.0728660e-01   5.7894486e+00
   3.4400000e+00   1.5760000e+00   2.0208881e+01   1.8197324e+01   1.6822828e+01   1.8677287e+01   1.7096910e+01   3.9317284e+00   8.9544954e-01  -2.8744137e-01  -3.8923977e-02  -1.0736171e-01   5.7806383e+00
   3.4500000e+00   1.5800000e+00   2.0191550e+01   1.8185236e+01   1.6802704e+01   1.8669942e+01   1.7078153e+01   3.9203543e+00   8.9448242e-01  -2.8778830e-01  -4.0269900e-02  -1.0745288e-01   5.7718415e+00
   3.4600000e+00   1.5840000e+00   2.0174158e+01   1.8173233e+01   1.6782544e+01   1.8662758e+01   1.7059348e+01   3.9089871e+00   8.9349264e-01  -2.8811351e-01  -4.1600502e-02  -1.0756025e-01   5.7630581e+00
   3.4700000e+00   1.5880000e+00   2.0156704e+01   1.8161316e+01   1.6762347e+01   1.8655732e+01   1.7040492e+01   3.8976267e+00   8.9248004e-01  -2.8841716e-01  -4.2915979e-02  -1.0768395e-01   5.7542878e+00
   3.4800000e+00   1.5920000e+00   2.0139189e+01   1.8149484e+01   1.6742112e+01   1.8648865e+01   1.7021588e+01   3.8862731e+00   8.9144448e-01  -2.8869941e-01  -4.4216518e-02  -1.0782412e-01   5.7455305e+00
   3.4900000e+00   1.5960000e+00   2.0121611e+01   1.8137737e+01   1.6721839e+01   1.8642156e+01   1.7002634e+01   3.8749260e+00   8.9038583e-01  -2.8896042e-01  -4.5502303e-02  -1.0798089e-01   5.7367861e+00
   3.5000000e+00   1.6000000e+00   2.0103972e+01   1.8126073e+01   1.6701527e+01   1.8635604e+01   1.6983630e+01   3.8635854e+00   8.8930393e-01  -2.8920033e-01  -4.6773512e-02  -1.0815440e-01   5.7280545e+00
   7.5000000e+00   2.5000000e+00   1.8570000e+01   1.8188200e+01   1.3446100e+01   1.8966600e+01   1.5117300e+01   5.1834000e+00   8.5220000e-01  -8.5000000e-01  -1.8550000e-01  -1.0000000e+00   8.0000000e+00
   1.2000000e+01   3.5000000e+00   1.7027000e+01   1.7817200e+01   9.2975000e+00   1.5839900e+01   1.5329600e+01   4.1982000e+00   6.0200000e-01  -1.1000000e+00  -5.8050000e-01  -2.2254000e+00   1.0323400e+01
   2.1938000e+01   5.4000000e+00   1.4970000e+01   1.5419300e+01   3.0752000e+00   1.4718900e+01   1.5140300e+01   3.7528000e+00  -3.9120000e-01  -1.1000000e+00  -1.9752000e+00  -1.7103000e+00   9.4104000e+00
   7.4978000e+01   1.5000000e+01   4.0000000e+00  -1.0800000e+01  -2.1640000e+01  -7.7080000e+00   5.5000000e+00   5.0210000e+00  -3.1300000e+00  -5.0270000e+00  -4.2720000e+00  -7.8310000e+00   1.7334000e+01
   1.6780000e+02   1.5000000e+01   4.9929000e+00  -6.0588000e+00  -1.4918000e+01  -5.5056000e+00   6.6794000e+00   8.0716000e+00  -2.6563000e+00  -4.6587000e+00  -4.7478000e+00  -8.8990000e+00   2.1000000e+01
   5.8000000e+02   1.5000000e+01   1.1808000e+00  -1.2585000e+01  -2.4292000e+01  -1.2045000e+01   2.6705000e+00   4.0148000e+00  -2.0267000e+00  -5.5744000e+00  -4.7935000e+00  -7.7114000e+00   1.5760000e+01
   6.6000000e+02   1.5000000e+01   1.0024000e+00  -1.2885000e+01  -2.4456000e+01  -1.2300000e+01   2.5892000e+00   3.8884000e+00  -2.0155000e+00  -5.5539000e+00  -4.8345000e+00  -7.6771000e+00   1.5622000e+01
   6.6000000e+03   1.5000000e+01   2.4574000e+00  -1.1885000e+01  -2.1646000e+01  -1.0077000e+01   2.5264000e+00   4.5547000e+00  -2.0821000e+00  -5.2758000e+00  -4.3947000e+00  -8.1489000e+00   1.7555000e+01
