  ktime 
 526
  time [S], Ecoil [kA] 
  2.950000E+00 -2.322011E+00 -2.109649E+00 -2.320570E+00 -1.993214E+00
  2.952000E+00 -2.327606E+00 -2.120781E+00 -2.309467E+00 -1.987646E+00
  2.954000E+00 -2.322011E+00 -2.115215E+00 -2.292812E+00 -2.004349E+00
  2.956000E+00 -2.316415E+00 -2.120781E+00 -2.326122E+00 -1.987646E+00
  2.958000E+00 -2.316415E+00 -2.115215E+00 -2.309467E+00 -2.009916E+00
  2.960000E+00 -2.316415E+00 -2.126348E+00 -2.292812E+00 -1.993214E+00
  2.962000E+00 -2.327606E+00 -2.126348E+00 -2.303916E+00 -2.015484E+00
  2.964000E+00 -2.327606E+00 -2.131914E+00 -2.292812E+00 -1.993214E+00
  2.966000E+00 -2.344391E+00 -2.126348E+00 -2.331674E+00 -1.998781E+00
  2.968000E+00 -2.333201E+00 -2.120781E+00 -2.320570E+00 -2.009916E+00
  2.970000E+00 -2.344391E+00 -2.126348E+00 -2.326122E+00 -2.026619E+00
  2.972000E+00 -2.355582E+00 -2.148613E+00 -2.259503E+00 -2.009916E+00
  2.974000E+00 -2.316415E+00 -2.126348E+00 -2.276158E+00 -2.026619E+00
  2.976000E+00 -2.327606E+00 -2.137480E+00 -2.281709E+00 -2.032187E+00
  2.978000E+00 -2.310820E+00 -2.131914E+00 -2.281709E+00 -2.037755E+00
  2.980000E+00 -2.333201E+00 -2.131914E+00 -2.265054E+00 -2.037755E+00
  2.982000E+00 -2.327606E+00 -2.131914E+00 -2.259503E+00 -2.043322E+00
  2.984000E+00 -2.322011E+00 -2.104082E+00 -2.281709E+00 -2.065593E+00
  2.986000E+00 -2.338796E+00 -2.104082E+00 -2.248399E+00 -2.054457E+00
  2.988000E+00 -2.344391E+00 -2.104082E+00 -2.265054E+00 -2.071160E+00
  2.990000E+00 -2.305225E+00 -2.109649E+00 -2.270606E+00 -2.076728E+00
  2.992000E+00 -2.305225E+00 -2.109649E+00 -2.276158E+00 -2.071160E+00
  2.994000E+00 -2.299630E+00 -2.104082E+00 -2.287261E+00 -2.082296E+00
  2.996000E+00 -2.333201E+00 -2.120781E+00 -2.259503E+00 -2.076728E+00
  2.998000E+00 -2.333201E+00 -2.109649E+00 -2.265054E+00 -2.087863E+00
  3.000000E+00 -2.327606E+00 -2.115215E+00 -2.231745E+00 -2.093431E+00
  3.002000E+00 -2.305225E+00 -2.120781E+00 -2.248399E+00 -2.104566E+00
  3.004000E+00 -2.305225E+00 -2.115215E+00 -2.259503E+00 -2.104566E+00
  3.006000E+00 -2.288439E+00 -2.115215E+00 -2.259503E+00 -2.104566E+00
  3.008000E+00 -2.305225E+00 -2.109649E+00 -2.226193E+00 -2.110134E+00
  3.010000E+00 -2.282844E+00 -2.120781E+00 -2.242848E+00 -2.093431E+00
  3.012000E+00 -2.294034E+00 -2.126348E+00 -2.231745E+00 -2.087863E+00
  3.014000E+00 -2.277249E+00 -2.120781E+00 -2.242848E+00 -2.087863E+00
  3.016000E+00 -2.266058E+00 -2.137480E+00 -2.281709E+00 -2.087863E+00
  3.018000E+00 -2.277249E+00 -2.126348E+00 -2.259503E+00 -2.082296E+00
  3.020000E+00 -2.266058E+00 -2.143047E+00 -2.248399E+00 -2.076728E+00
  3.022000E+00 -2.277249E+00 -2.143047E+00 -2.253951E+00 -2.054457E+00
  3.024000E+00 -2.282844E+00 -2.143047E+00 -2.253951E+00 -2.065593E+00
  3.026000E+00 -2.243677E+00 -2.126348E+00 -2.265054E+00 -2.076728E+00
  3.028000E+00 -2.288439E+00 -2.126348E+00 -2.226193E+00 -2.043322E+00
  3.030000E+00 -2.282844E+00 -2.120781E+00 -2.237296E+00 -2.060025E+00
  3.032000E+00 -2.249273E+00 -2.115215E+00 -2.248399E+00 -2.054457E+00
  3.034000E+00 -2.254868E+00 -2.126348E+00 -2.226193E+00 -2.065593E+00
  3.036000E+00 -2.254868E+00 -2.115215E+00 -2.209538E+00 -2.076728E+00
  3.038000E+00 -2.277249E+00 -2.115215E+00 -2.226193E+00 -2.071160E+00
  3.040000E+00 -2.277249E+00 -2.115215E+00 -2.253951E+00 -2.082296E+00
  3.042000E+00 -2.282844E+00 -2.115215E+00 -2.203987E+00 -2.076728E+00
  3.044000E+00 -2.282844E+00 -2.115215E+00 -2.170677E+00 -2.060025E+00
  3.046000E+00 -2.277249E+00 -2.109649E+00 -2.215090E+00 -2.093431E+00
  3.048000E+00 -2.271654E+00 -2.120781E+00 -2.220641E+00 -2.076728E+00
  3.050000E+00 -2.271654E+00 -2.115215E+00 -2.198435E+00 -2.082296E+00
  3.052000E+00 -2.294034E+00 -2.120781E+00 -2.203987E+00 -2.071160E+00
  3.054000E+00 -2.271654E+00 -2.081817E+00 -2.215090E+00 -2.082296E+00
  3.056000E+00 -2.271654E+00 -2.092950E+00 -2.198435E+00 -2.065593E+00
  3.058000E+00 -2.249273E+00 -2.092950E+00 -2.226193E+00 -2.065593E+00
  3.060000E+00 -2.266058E+00 -2.098516E+00 -2.248399E+00 -2.065593E+00
  3.062000E+00 -2.277249E+00 -2.104082E+00 -2.237296E+00 -2.054457E+00
  3.064000E+00 -2.282844E+00 -2.109649E+00 -2.237296E+00 -2.054457E+00
  3.066000E+00 -2.282844E+00 -2.120781E+00 -2.248399E+00 -2.037755E+00
  3.068000E+00 -2.254868E+00 -2.065118E+00 -2.237296E+00 -2.048890E+00
  3.070000E+00 -2.277249E+00 -2.092950E+00 -2.215090E+00 -2.054457E+00
  3.072000E+00 -2.266058E+00 -2.092950E+00 -2.215090E+00 -2.060025E+00
  3.074000E+00 -2.294034E+00 -2.092950E+00 -2.220641E+00 -2.043322E+00
  3.076000E+00 -2.282844E+00 -2.087383E+00 -2.192883E+00 -2.043322E+00
  3.078000E+00 -2.299630E+00 -2.092950E+00 -2.237296E+00 -2.060025E+00
  3.080000E+00 -2.277249E+00 -2.087383E+00 -2.237296E+00 -2.060025E+00
  3.082000E+00 -2.288439E+00 -2.109649E+00 -2.226193E+00 -2.032187E+00
  3.084000E+00 -2.271654E+00 -2.098516E+00 -2.259503E+00 -2.054457E+00
  3.086000E+00 -2.282844E+00 -2.109649E+00 -2.242848E+00 -2.026619E+00
  3.088000E+00 -2.294034E+00 -2.109649E+00 -2.281709E+00 -2.032187E+00
  3.090000E+00 -2.299630E+00 -2.109649E+00 -2.281709E+00 -2.021052E+00
  3.092000E+00 -2.282844E+00 -2.120781E+00 -2.292812E+00 -2.009916E+00
  3.094000E+00 -2.288439E+00 -2.115215E+00 -2.259503E+00 -2.032187E+00
  3.096000E+00 -2.282844E+00 -2.109649E+00 -2.292812E+00 -2.032187E+00
  3.098000E+00 -2.282844E+00 -2.104082E+00 -2.281709E+00 -2.043322E+00
  3.100000E+00 -2.305225E+00 -2.104082E+00 -2.292812E+00 -2.026619E+00
  3.102000E+00 -2.277249E+00 -2.120781E+00 -2.259503E+00 -2.043322E+00
  3.104000E+00 -2.299630E+00 -2.131914E+00 -2.253951E+00 -2.032187E+00
  3.106000E+00 -2.316415E+00 -2.109649E+00 -2.248399E+00 -2.048890E+00
  3.108000E+00 -2.294034E+00 -2.115215E+00 -2.270606E+00 -2.037755E+00
  3.110000E+00 -2.322011E+00 -2.109649E+00 -2.270606E+00 -2.032187E+00
  3.112000E+00 -2.316415E+00 -2.076251E+00 -2.259503E+00 -2.021052E+00
  3.114000E+00 -2.333201E+00 -2.087383E+00 -2.270606E+00 -2.026619E+00
  3.116000E+00 -2.327606E+00 -2.115215E+00 -2.298364E+00 -2.026619E+00
  3.118000E+00 -2.349986E+00 -2.126348E+00 -2.276158E+00 -2.015484E+00
  3.120000E+00 -2.310820E+00 -2.115215E+00 -2.270606E+00 -2.009916E+00
  3.122000E+00 -2.333201E+00 -2.109649E+00 -2.298364E+00 -2.037755E+00
  3.124000E+00 -2.322011E+00 -2.109649E+00 -2.298364E+00 -2.048890E+00
  3.126000E+00 -2.344391E+00 -2.098516E+00 -2.292812E+00 -2.037755E+00
  3.128000E+00 -2.344391E+00 -2.098516E+00 -2.281709E+00 -2.048890E+00
  3.130000E+00 -2.322011E+00 -2.109649E+00 -2.298364E+00 -2.054457E+00
  3.132000E+00 -2.338796E+00 -2.115215E+00 -2.298364E+00 -2.048890E+00
  3.134000E+00 -2.344391E+00 -2.120781E+00 -2.270606E+00 -2.037755E+00
  3.136000E+00 -2.333201E+00 -2.115215E+00 -2.320570E+00 -2.065593E+00
  3.138000E+00 -2.322011E+00 -2.115215E+00 -2.326122E+00 -2.043322E+00
  3.140000E+00 -2.316415E+00 -2.126348E+00 -2.303916E+00 -2.054457E+00
  3.142000E+00 -2.316415E+00 -2.126348E+00 -2.303916E+00 -2.054457E+00
  3.144000E+00 -2.322011E+00 -2.137480E+00 -2.276158E+00 -2.060025E+00
  3.146000E+00 -2.305225E+00 -2.137480E+00 -2.309467E+00 -2.071160E+00
  3.148000E+00 -2.333201E+00 -2.148613E+00 -2.292812E+00 -2.065593E+00
  3.150000E+00 -2.305225E+00 -2.148613E+00 -2.292812E+00 -2.060025E+00
  3.152000E+00 -2.333201E+00 -2.154179E+00 -2.303916E+00 -2.071160E+00
  3.154000E+00 -2.322011E+00 -2.137480E+00 -2.276158E+00 -2.082296E+00
  3.156000E+00 -2.344391E+00 -2.143047E+00 -2.265054E+00 -2.060025E+00
  3.158000E+00 -2.333201E+00 -2.131914E+00 -2.298364E+00 -2.076728E+00
  3.160000E+00 -2.361177E+00 -2.131914E+00 -2.315019E+00 -2.093431E+00
  3.162000E+00 -2.327606E+00 -2.126348E+00 -2.298364E+00 -2.087863E+00
  3.164000E+00 -2.305225E+00 -2.131914E+00 -2.292812E+00 -2.082296E+00
  3.166000E+00 -2.344391E+00 -2.148613E+00 -2.265054E+00 -2.071160E+00
  3.168000E+00 -2.305225E+00 -2.126348E+00 -2.303916E+00 -2.071160E+00
  3.170000E+00 -2.294034E+00 -2.115215E+00 -2.298364E+00 -2.082296E+00
  3.172000E+00 -2.327606E+00 -2.126348E+00 -2.303916E+00 -2.076728E+00
  3.174000E+00 -2.344391E+00 -2.137480E+00 -2.320570E+00 -2.071160E+00
  3.176000E+00 -2.361177E+00 -2.109649E+00 -2.292812E+00 -2.071160E+00
  3.178000E+00 -2.338796E+00 -2.115215E+00 -2.287261E+00 -2.076728E+00
  3.180000E+00 -2.366772E+00 -2.131914E+00 -2.320570E+00 -2.076728E+00
  3.182000E+00 -2.344391E+00 -2.131914E+00 -2.292812E+00 -2.060025E+00
  3.184000E+00 -2.333201E+00 -2.115215E+00 -2.287261E+00 -2.071160E+00
  3.186000E+00 -2.338796E+00 -2.109649E+00 -2.292812E+00 -2.060025E+00
  3.188000E+00 -2.338796E+00 -2.115215E+00 -2.292812E+00 -2.054457E+00
  3.190000E+00 -2.322011E+00 -2.092950E+00 -2.298364E+00 -2.082296E+00
  3.192000E+00 -2.361177E+00 -2.092950E+00 -2.303916E+00 -2.065593E+00
  3.194000E+00 -2.338796E+00 -2.081817E+00 -2.298364E+00 -2.054457E+00
  3.196000E+00 -2.338796E+00 -2.070684E+00 -2.303916E+00 -2.054457E+00
  3.198000E+00 -2.372367E+00 -2.065118E+00 -2.309467E+00 -2.026619E+00
  3.200000E+00 -2.344391E+00 -2.087383E+00 -2.326122E+00 -2.015484E+00
  3.202000E+00 -2.344391E+00 -2.087383E+00 -2.359432E+00 -2.043322E+00
  3.204000E+00 -2.383558E+00 -2.092950E+00 -2.337225E+00 -2.037755E+00
  3.206000E+00 -2.400343E+00 -2.092950E+00 -2.359432E+00 -2.048890E+00
  3.208000E+00 -2.377962E+00 -2.109649E+00 -2.353880E+00 -2.037755E+00
  3.210000E+00 -2.383558E+00 -2.115215E+00 -2.342777E+00 -2.048890E+00
  3.212000E+00 -2.355582E+00 -2.120781E+00 -2.320570E+00 -2.048890E+00
  3.214000E+00 -2.349986E+00 -2.137480E+00 -2.337225E+00 -2.060025E+00
  3.216000E+00 -2.349986E+00 -2.143047E+00 -2.359432E+00 -2.071160E+00
  3.218000E+00 -2.349986E+00 -2.148613E+00 -2.303916E+00 -2.054457E+00
  3.220000E+00 -2.333201E+00 -2.143047E+00 -2.320570E+00 -2.065593E+00
  3.222000E+00 -2.366772E+00 -2.159746E+00 -2.309467E+00 -2.060025E+00
  3.224000E+00 -2.349986E+00 -2.148613E+00 -2.342777E+00 -2.076728E+00
  3.226000E+00 -2.361177E+00 -2.148613E+00 -2.320570E+00 -2.071160E+00
  3.228000E+00 -2.344391E+00 -2.143047E+00 -2.337225E+00 -2.082296E+00
  3.230000E+00 -2.338796E+00 -2.148613E+00 -2.315019E+00 -2.087863E+00
  3.232000E+00 -2.344391E+00 -2.154179E+00 -2.303916E+00 -2.082296E+00
  3.234000E+00 -2.327606E+00 -2.159746E+00 -2.270606E+00 -2.087863E+00
  3.236000E+00 -2.316415E+00 -2.154179E+00 -2.281709E+00 -2.082296E+00
  3.238000E+00 -2.355582E+00 -2.143047E+00 -2.259503E+00 -2.098999E+00
  3.240000E+00 -2.361177E+00 -2.148613E+00 -2.292812E+00 -2.098999E+00
  3.242000E+00 -2.377962E+00 -2.143047E+00 -2.309467E+00 -2.098999E+00
  3.244000E+00 -2.366772E+00 -2.143047E+00 -2.303916E+00 -2.098999E+00
  3.246000E+00 -2.333201E+00 -2.143047E+00 -2.309467E+00 -2.110134E+00
  3.248000E+00 -2.338796E+00 -2.165312E+00 -2.326122E+00 -2.098999E+00
  3.250000E+00 -2.361177E+00 -2.176445E+00 -2.303916E+00 -2.076728E+00
  3.252000E+00 -2.327606E+00 -2.148613E+00 -2.309467E+00 -2.087863E+00
  3.254000E+00 -2.355582E+00 -2.143047E+00 -2.276158E+00 -2.098999E+00
  3.256000E+00 -2.344391E+00 -2.143047E+00 -2.309467E+00 -2.098999E+00
  3.258000E+00 -2.333201E+00 -2.159746E+00 -2.292812E+00 -2.076728E+00
  3.260000E+00 -2.344391E+00 -2.131914E+00 -2.315019E+00 -2.093431E+00
  3.262000E+00 -2.355582E+00 -2.143047E+00 -2.259503E+00 -2.082296E+00
  3.264000E+00 -2.355582E+00 -2.126348E+00 -2.265054E+00 -2.076728E+00
  3.266000E+00 -2.361177E+00 -2.126348E+00 -2.298364E+00 -2.098999E+00
  3.268000E+00 -2.377962E+00 -2.126348E+00 -2.309467E+00 -2.104566E+00
  3.270000E+00 -2.344391E+00 -2.120781E+00 -2.276158E+00 -2.082296E+00
  3.272000E+00 -2.372367E+00 -2.115215E+00 -2.287261E+00 -2.093431E+00
  3.274000E+00 -2.372367E+00 -2.126348E+00 -2.292812E+00 -2.098999E+00
  3.276000E+00 -2.361177E+00 -2.120781E+00 -2.281709E+00 -2.082296E+00
  3.278000E+00 -2.372367E+00 -2.126348E+00 -2.309467E+00 -2.082296E+00
  3.280000E+00 -2.372367E+00 -2.131914E+00 -2.320570E+00 -2.082296E+00
  3.282000E+00 -2.372367E+00 -2.137480E+00 -2.326122E+00 -2.082296E+00
  3.284000E+00 -2.366772E+00 -2.143047E+00 -2.298364E+00 -2.082296E+00
  3.286000E+00 -2.372367E+00 -2.143047E+00 -2.309467E+00 -2.076728E+00
  3.288000E+00 -2.333201E+00 -2.115215E+00 -2.337225E+00 -2.082296E+00
  3.290000E+00 -2.389153E+00 -2.137480E+00 -2.292812E+00 -2.060025E+00
  3.292000E+00 -2.372367E+00 -2.131914E+00 -2.303916E+00 -2.082296E+00
  3.294000E+00 -2.338796E+00 -2.126348E+00 -2.326122E+00 -2.082296E+00
  3.296000E+00 -2.383558E+00 -2.137480E+00 -2.298364E+00 -2.082296E+00
  3.298000E+00 -2.361177E+00 -2.143047E+00 -2.315019E+00 -2.082296E+00
  3.300000E+00 -2.344391E+00 -2.143047E+00 -2.348328E+00 -2.098999E+00
  3.302000E+00 -2.372367E+00 -2.137480E+00 -2.320570E+00 -2.087863E+00
  3.304000E+00 -2.338796E+00 -2.137480E+00 -2.309467E+00 -2.087863E+00
  3.306000E+00 -2.349986E+00 -2.131914E+00 -2.315019E+00 -2.093431E+00
  3.308000E+00 -2.316415E+00 -2.154179E+00 -2.320570E+00 -2.071160E+00
  3.310000E+00 -2.344391E+00 -2.154179E+00 -2.309467E+00 -2.087863E+00
  3.312000E+00 -2.327606E+00 -2.148613E+00 -2.309467E+00 -2.087863E+00
  3.314000E+00 -2.327606E+00 -2.154179E+00 -2.326122E+00 -2.087863E+00
  3.316000E+00 -2.333201E+00 -2.159746E+00 -2.292812E+00 -2.093431E+00
  3.318000E+00 -2.316415E+00 -2.159746E+00 -2.298364E+00 -2.093431E+00
  3.320000E+00 -2.344391E+00 -2.154179E+00 -2.281709E+00 -2.093431E+00
  3.322000E+00 -2.338796E+00 -2.143047E+00 -2.276158E+00 -2.093431E+00
  3.324000E+00 -2.310820E+00 -2.148613E+00 -2.276158E+00 -2.093431E+00
  3.326000E+00 -2.322011E+00 -2.126348E+00 -2.276158E+00 -2.104566E+00
  3.328000E+00 -2.322011E+00 -2.131914E+00 -2.298364E+00 -2.121269E+00
  3.330000E+00 -2.327606E+00 -2.137480E+00 -2.265054E+00 -2.087863E+00
  3.332000E+00 -2.333201E+00 -2.131914E+00 -2.259503E+00 -2.082296E+00
  3.334000E+00 -2.322011E+00 -2.137480E+00 -2.253951E+00 -2.093431E+00
  3.336000E+00 -2.338796E+00 -2.131914E+00 -2.265054E+00 -2.082296E+00
  3.338000E+00 -2.299630E+00 -2.137480E+00 -2.281709E+00 -2.104566E+00
  3.340000E+00 -2.316415E+00 -2.137480E+00 -2.253951E+00 -2.087863E+00
  3.342000E+00 -2.322011E+00 -2.131914E+00 -2.276158E+00 -2.082296E+00
  3.344000E+00 -2.327606E+00 -2.131914E+00 -2.259503E+00 -2.071160E+00
  3.346000E+00 -2.327606E+00 -2.131914E+00 -2.270606E+00 -2.098999E+00
  3.348000E+00 -2.333201E+00 -2.137480E+00 -2.281709E+00 -2.093431E+00
  3.350000E+00 -2.327606E+00 -2.120781E+00 -2.276158E+00 -2.098999E+00
  3.352000E+00 -2.333201E+00 -2.098516E+00 -2.292812E+00 -2.082296E+00
  3.354000E+00 -2.349986E+00 -2.109649E+00 -2.281709E+00 -2.087863E+00
  3.356000E+00 -2.355582E+00 -2.104082E+00 -2.298364E+00 -2.087863E+00
  3.358000E+00 -2.361177E+00 -2.109649E+00 -2.276158E+00 -2.087863E+00
  3.360000E+00 -2.366772E+00 -2.126348E+00 -2.237296E+00 -2.060025E+00
  3.362000E+00 -2.327606E+00 -2.131914E+00 -2.281709E+00 -2.093431E+00
  3.364000E+00 -2.322011E+00 -2.131914E+00 -2.265054E+00 -2.076728E+00
  3.366000E+00 -2.322011E+00 -2.131914E+00 -2.315019E+00 -2.093431E+00
  3.368000E+00 -2.327606E+00 -2.131914E+00 -2.320570E+00 -2.087863E+00
  3.370000E+00 -2.310820E+00 -2.115215E+00 -2.315019E+00 -2.082296E+00
  3.372000E+00 -2.327606E+00 -2.115215E+00 -2.292812E+00 -2.082296E+00
  3.374000E+00 -2.349986E+00 -2.131914E+00 -2.287261E+00 -2.082296E+00
  3.376000E+00 -2.366772E+00 -2.126348E+00 -2.315019E+00 -2.087863E+00
  3.378000E+00 -2.377962E+00 -2.143047E+00 -2.265054E+00 -2.093431E+00
  3.380000E+00 -2.344391E+00 -2.137480E+00 -2.270606E+00 -2.098999E+00
  3.382000E+00 -2.322011E+00 -2.126348E+00 -2.276158E+00 -2.104566E+00
  3.384000E+00 -2.338796E+00 -2.115215E+00 -2.265054E+00 -2.093431E+00
  3.386000E+00 -2.361177E+00 -2.115215E+00 -2.298364E+00 -2.087863E+00
  3.388000E+00 -2.366772E+00 -2.098516E+00 -2.287261E+00 -2.104566E+00
  3.390000E+00 -2.355582E+00 -2.104082E+00 -2.276158E+00 -2.098999E+00
  3.392000E+00 -2.327606E+00 -2.126348E+00 -2.270606E+00 -2.110134E+00
  3.394000E+00 -2.333201E+00 -2.126348E+00 -2.276158E+00 -2.104566E+00
  3.396000E+00 -2.288439E+00 -2.126348E+00 -2.298364E+00 -2.115701E+00
  3.398000E+00 -2.305225E+00 -2.137480E+00 -2.270606E+00 -2.110134E+00
  3.400000E+00 -2.310820E+00 -2.131914E+00 -2.242848E+00 -2.104566E+00
  3.402000E+00 -2.277249E+00 -2.137480E+00 -2.265054E+00 -2.115701E+00
  3.404000E+00 -2.266058E+00 -2.154179E+00 -2.259503E+00 -2.126837E+00
  3.406000E+00 -2.266058E+00 -2.148613E+00 -2.242848E+00 -2.121269E+00
  3.408000E+00 -2.266058E+00 -2.154179E+00 -2.231745E+00 -2.121269E+00
  3.410000E+00 -2.266058E+00 -2.143047E+00 -2.248399E+00 -2.137972E+00
  3.412000E+00 -2.249273E+00 -2.154179E+00 -2.231745E+00 -2.137972E+00
  3.414000E+00 -2.249273E+00 -2.148613E+00 -2.231745E+00 -2.143540E+00
  3.416000E+00 -2.266058E+00 -2.137480E+00 -2.237296E+00 -2.149107E+00
  3.418000E+00 -2.238082E+00 -2.126348E+00 -2.242848E+00 -2.132404E+00
  3.420000E+00 -2.310820E+00 -2.131914E+00 -2.176229E+00 -2.110134E+00
  3.422000E+00 -2.282844E+00 -2.104082E+00 -2.209538E+00 -2.104566E+00
  3.424000E+00 -2.266058E+00 -2.120781E+00 -2.203987E+00 -2.037755E+00
  3.426000E+00 -2.238082E+00 -2.081817E+00 -2.242848E+00 -2.071160E+00
  3.428000E+00 -2.277249E+00 -2.098516E+00 -2.209538E+00 -2.048890E+00
  3.430000E+00 -2.277249E+00 -2.098516E+00 -2.215090E+00 -2.037755E+00
  3.432000E+00 -2.282844E+00 -2.081817E+00 -2.209538E+00 -2.043322E+00
  3.434000E+00 -2.305225E+00 -2.087383E+00 -2.187332E+00 -2.021052E+00
  3.436000E+00 -2.277249E+00 -2.070684E+00 -2.231745E+00 -2.004349E+00
  3.438000E+00 -2.266058E+00 -2.031720E+00 -2.259503E+00 -2.021052E+00
  3.440000E+00 -2.277249E+00 -2.020587E+00 -2.270606E+00 -2.032187E+00
  3.442000E+00 -2.294034E+00 -1.998322E+00 -2.270606E+00 -2.032187E+00
  3.444000E+00 -2.277249E+00 -2.015021E+00 -2.270606E+00 -2.026619E+00
  3.446000E+00 -2.299630E+00 -2.026153E+00 -2.292812E+00 -1.976511E+00
  3.448000E+00 -2.316415E+00 -2.048419E+00 -2.237296E+00 -1.965375E+00
  3.450000E+00 -2.338796E+00 -2.053985E+00 -2.265054E+00 -1.937537E+00
  3.452000E+00 -2.310820E+00 -2.026153E+00 -2.270606E+00 -1.954240E+00
  3.454000E+00 -2.260463E+00 -1.998322E+00 -2.348328E+00 -1.954240E+00
  3.456000E+00 -2.366772E+00 -2.031720E+00 -2.342777E+00 -1.904131E+00
  3.458000E+00 -2.366772E+00 -2.042852E+00 -2.376086E+00 -1.898564E+00
  3.460000E+00 -2.338796E+00 -2.065118E+00 -2.409396E+00 -1.926402E+00
  3.462000E+00 -2.344391E+00 -2.059551E+00 -2.387190E+00 -1.937537E+00
  3.464000E+00 -2.361177E+00 -2.070684E+00 -2.392741E+00 -1.943105E+00
  3.466000E+00 -2.417129E+00 -2.070684E+00 -2.359432E+00 -1.943105E+00
  3.468000E+00 -2.355582E+00 -2.070684E+00 -2.409396E+00 -1.965375E+00
  3.470000E+00 -2.389153E+00 -2.104082E+00 -2.331674E+00 -1.909699E+00
  3.472000E+00 -2.405938E+00 -2.087383E+00 -2.331674E+00 -1.926402E+00
  3.474000E+00 -2.299630E+00 -2.037286E+00 -2.409396E+00 -1.959808E+00
  3.476000E+00 -2.355582E+00 -2.059551E+00 -2.403845E+00 -1.904131E+00
  3.478000E+00 -2.338796E+00 -2.048419E+00 -2.387190E+00 -1.915267E+00
  3.480000E+00 -2.355582E+00 -2.059551E+00 -2.348328E+00 -1.892996E+00
  3.482000E+00 -2.366772E+00 -2.059551E+00 -2.331674E+00 -1.876293E+00
  3.484000E+00 -2.372367E+00 -2.031720E+00 -2.359432E+00 -1.892996E+00
  3.486000E+00 -2.355582E+00 -2.009454E+00 -2.364983E+00 -1.909699E+00
  3.488000E+00 -2.355582E+00 -2.003888E+00 -2.376086E+00 -1.937537E+00
  3.490000E+00 -2.372367E+00 -1.976056E+00 -2.337225E+00 -1.965375E+00
  3.492000E+00 -2.417129E+00 -2.020587E+00 -2.303916E+00 -1.926402E+00
  3.494000E+00 -2.377962E+00 -1.992755E+00 -2.326122E+00 -1.926402E+00
  3.496000E+00 -2.366772E+00 -1.970490E+00 -2.353880E+00 -1.959808E+00
  3.498000E+00 -2.411534E+00 -1.987189E+00 -2.281709E+00 -1.915267E+00
  3.500000E+00 -2.383558E+00 -1.970490E+00 -2.337225E+00 -1.931970E+00
  3.502000E+00 -2.400343E+00 -1.964924E+00 -2.337225E+00 -1.943105E+00
  3.504000E+00 -2.389153E+00 -1.959357E+00 -2.331674E+00 -1.926402E+00
  3.506000E+00 -2.411534E+00 -1.953791E+00 -2.326122E+00 -1.926402E+00
  3.508000E+00 -2.400343E+00 -1.959357E+00 -2.331674E+00 -1.915267E+00
  3.510000E+00 -2.400343E+00 -1.931525E+00 -2.342777E+00 -1.931970E+00
  3.512000E+00 -2.433915E+00 -1.948225E+00 -2.303916E+00 -1.915267E+00
  3.514000E+00 -2.450700E+00 -1.959357E+00 -2.331674E+00 -1.937537E+00
  3.516000E+00 -2.417129E+00 -1.937092E+00 -2.342777E+00 -1.931970E+00
  3.518000E+00 -2.405938E+00 -1.931525E+00 -2.370535E+00 -1.931970E+00
  3.520000E+00 -2.428319E+00 -1.920393E+00 -2.342777E+00 -1.943105E+00
  3.522000E+00 -2.428319E+00 -1.937092E+00 -2.337225E+00 -1.948672E+00
  3.524000E+00 -2.422724E+00 -1.931525E+00 -2.364983E+00 -1.965375E+00
  3.526000E+00 -2.417129E+00 -1.920393E+00 -2.370535E+00 -1.970943E+00
  3.528000E+00 -2.411534E+00 -1.920393E+00 -2.403845E+00 -1.970943E+00
  3.530000E+00 -2.428319E+00 -1.909260E+00 -2.359432E+00 -1.959808E+00
  3.532000E+00 -2.473081E+00 -1.920393E+00 -2.342777E+00 -1.959808E+00
  3.534000E+00 -2.478676E+00 -1.914826E+00 -2.337225E+00 -1.965375E+00
  3.536000E+00 -2.456295E+00 -1.920393E+00 -2.337225E+00 -1.948672E+00
  3.538000E+00 -2.428319E+00 -1.925959E+00 -2.398293E+00 -1.959808E+00
  3.540000E+00 -2.433915E+00 -1.914826E+00 -2.398293E+00 -1.987646E+00
  3.542000E+00 -2.433915E+00 -1.925959E+00 -2.403845E+00 -1.959808E+00
  3.544000E+00 -2.489866E+00 -1.942658E+00 -2.342777E+00 -1.954240E+00
  3.546000E+00 -2.517843E+00 -1.953791E+00 -2.326122E+00 -1.937537E+00
  3.548000E+00 -2.484271E+00 -1.931525E+00 -2.381638E+00 -1.965375E+00
  3.550000E+00 -2.495462E+00 -1.976056E+00 -2.353880E+00 -1.943105E+00
  3.552000E+00 -2.517843E+00 -2.003888E+00 -2.326122E+00 -1.931970E+00
  3.554000E+00 -2.501057E+00 -1.998322E+00 -2.353880E+00 -1.943105E+00
  3.556000E+00 -2.512247E+00 -2.009454E+00 -2.414948E+00 -1.954240E+00
  3.558000E+00 -2.495462E+00 -1.998322E+00 -2.381638E+00 -1.937537E+00
  3.560000E+00 -2.445105E+00 -2.015021E+00 -2.414948E+00 -1.926402E+00
  3.562000E+00 -2.417129E+00 -1.987189E+00 -2.464912E+00 -1.959808E+00
  3.564000E+00 -2.433915E+00 -1.992755E+00 -2.470464E+00 -1.954240E+00
  3.566000E+00 -2.417129E+00 -1.970490E+00 -2.459361E+00 -1.965375E+00
  3.568000E+00 -2.456295E+00 -2.020587E+00 -2.409396E+00 -1.931970E+00
  3.570000E+00 -2.461891E+00 -2.009454E+00 -2.420499E+00 -1.920834E+00
  3.572000E+00 -2.456295E+00 -2.009454E+00 -2.426051E+00 -1.915267E+00
  3.574000E+00 -2.473081E+00 -2.020587E+00 -2.409396E+00 -1.892996E+00
  3.576000E+00 -2.478676E+00 -2.053985E+00 -2.409396E+00 -1.876293E+00
  3.578000E+00 -2.417129E+00 -2.020587E+00 -2.476015E+00 -1.909699E+00
  3.580000E+00 -2.422724E+00 -2.009454E+00 -2.453809E+00 -1.915267E+00
  3.582000E+00 -2.456295E+00 -2.037286E+00 -2.431602E+00 -1.892996E+00
  3.584000E+00 -2.467486E+00 -2.042852E+00 -2.426051E+00 -1.881861E+00
  3.586000E+00 -2.417129E+00 -2.059551E+00 -2.459361E+00 -1.876293E+00
  3.588000E+00 -2.445105E+00 -2.048419E+00 -2.420499E+00 -1.881861E+00
  3.590000E+00 -2.400343E+00 -2.026153E+00 -2.470464E+00 -1.909699E+00
  3.592000E+00 -2.422724E+00 -2.020587E+00 -2.431602E+00 -1.920834E+00
  3.594000E+00 -2.389153E+00 -2.009454E+00 -2.487118E+00 -1.931970E+00
  3.596000E+00 -2.439510E+00 -2.065118E+00 -2.442706E+00 -1.915267E+00
  3.598000E+00 -2.461891E+00 -2.037286E+00 -2.409396E+00 -1.909699E+00
  3.600000E+00 -2.383558E+00 -2.037286E+00 -2.514876E+00 -1.948672E+00
  3.602000E+00 -2.461891E+00 -2.081817E+00 -2.398293E+00 -1.881861E+00
  3.604000E+00 -2.467486E+00 -2.065118E+00 -2.387190E+00 -1.909699E+00
  3.606000E+00 -2.478676E+00 -2.053985E+00 -2.392741E+00 -1.898564E+00
  3.608000E+00 -2.450700E+00 -2.048419E+00 -2.392741E+00 -1.898564E+00
  3.610000E+00 -2.433915E+00 -2.020587E+00 -2.426051E+00 -1.915267E+00
  3.612000E+00 -2.422724E+00 -2.009454E+00 -2.437154E+00 -1.965375E+00
  3.614000E+00 -2.467486E+00 -2.003888E+00 -2.376086E+00 -1.959808E+00
  3.616000E+00 -2.478676E+00 -2.031720E+00 -2.381638E+00 -1.970943E+00
  3.618000E+00 -2.439510E+00 -2.003888E+00 -2.392741E+00 -2.026619E+00
  3.620000E+00 -2.478676E+00 -2.026153E+00 -2.315019E+00 -1.959808E+00
  3.622000E+00 -2.445105E+00 -1.987189E+00 -2.381638E+00 -2.021052E+00
  3.624000E+00 -2.478676E+00 -2.026153E+00 -2.364983E+00 -2.004349E+00
  3.626000E+00 -2.467486E+00 -2.009454E+00 -2.370535E+00 -2.015484E+00
  3.628000E+00 -2.461891E+00 -2.020587E+00 -2.387190E+00 -1.993214E+00
  3.630000E+00 -2.484271E+00 -2.015021E+00 -2.364983E+00 -2.004349E+00
  3.632000E+00 -2.467486E+00 -2.015021E+00 -2.387190E+00 -1.998781E+00
  3.634000E+00 -2.495462E+00 -2.015021E+00 -2.353880E+00 -1.998781E+00
  3.636000E+00 -2.450700E+00 -2.009454E+00 -2.403845E+00 -2.004349E+00
  3.638000E+00 -2.473081E+00 -2.003888E+00 -2.370535E+00 -1.998781E+00
  3.640000E+00 -2.489866E+00 -2.037286E+00 -2.359432E+00 -1.976511E+00
  3.642000E+00 -2.461891E+00 -2.003888E+00 -2.409396E+00 -2.021052E+00
  3.644000E+00 -2.523438E+00 -2.048419E+00 -2.376086E+00 -1.993214E+00
  3.646000E+00 -2.456295E+00 -2.026153E+00 -2.403845E+00 -1.998781E+00
  3.648000E+00 -2.445105E+00 -2.026153E+00 -2.426051E+00 -1.998781E+00
  3.650000E+00 -2.456295E+00 -2.020587E+00 -2.392741E+00 -1.987646E+00
  3.652000E+00 -2.473081E+00 -2.042852E+00 -2.414948E+00 -1.970943E+00
  3.654000E+00 -2.456295E+00 -2.037286E+00 -2.420499E+00 -1.948672E+00
  3.656000E+00 -2.456295E+00 -2.037286E+00 -2.431602E+00 -1.943105E+00
  3.658000E+00 -2.467486E+00 -2.026153E+00 -2.409396E+00 -1.943105E+00
  3.660000E+00 -2.467486E+00 -2.037286E+00 -2.442706E+00 -1.931970E+00
  3.662000E+00 -2.433915E+00 -2.015021E+00 -2.459361E+00 -1.948672E+00
  3.664000E+00 -2.473081E+00 -2.037286E+00 -2.414948E+00 -1.931970E+00
  3.666000E+00 -2.445105E+00 -2.037286E+00 -2.453809E+00 -1.926402E+00
  3.668000E+00 -2.428319E+00 -2.020587E+00 -2.459361E+00 -1.948672E+00
  3.670000E+00 -2.445105E+00 -2.003888E+00 -2.442706E+00 -1.965375E+00
  3.672000E+00 -2.501057E+00 -2.037286E+00 -2.414948E+00 -1.931970E+00
  3.674000E+00 -2.450700E+00 -2.020587E+00 -2.464912E+00 -1.937537E+00
  3.676000E+00 -2.495462E+00 -2.037286E+00 -2.409396E+00 -1.926402E+00
  3.678000E+00 -2.445105E+00 -2.009454E+00 -2.437154E+00 -1.954240E+00
  3.680000E+00 -2.478676E+00 -2.026153E+00 -2.392741E+00 -1.948672E+00
  3.682000E+00 -2.445105E+00 -2.003888E+00 -2.448257E+00 -1.970943E+00
  3.684000E+00 -2.428319E+00 -1.992755E+00 -2.453809E+00 -1.976511E+00
  3.686000E+00 -2.512247E+00 -2.059551E+00 -2.414948E+00 -1.982078E+00
  3.688000E+00 -2.439510E+00 -1.992755E+00 -2.442706E+00 -2.021052E+00
  3.690000E+00 -2.433915E+00 -2.015021E+00 -2.448257E+00 -2.004349E+00
  3.692000E+00 -2.439510E+00 -2.026153E+00 -2.431602E+00 -1.998781E+00
  3.694000E+00 -2.428319E+00 -2.009454E+00 -2.414948E+00 -2.004349E+00
  3.696000E+00 -2.439510E+00 -1.992755E+00 -2.398293E+00 -2.015484E+00
  3.698000E+00 -2.478676E+00 -2.037286E+00 -2.370535E+00 -1.987646E+00
  3.700000E+00 -2.456295E+00 -2.042852E+00 -2.364983E+00 -1.987646E+00
  3.702000E+00 -2.433915E+00 -2.003888E+00 -2.392741E+00 -2.021052E+00
  3.704000E+00 -2.478676E+00 -2.042852E+00 -2.348328E+00 -1.998781E+00
  3.706000E+00 -2.422724E+00 -2.009454E+00 -2.403845E+00 -2.015484E+00
  3.708000E+00 -2.461891E+00 -2.037286E+00 -2.348328E+00 -1.993214E+00
  3.710000E+00 -2.428319E+00 -2.009454E+00 -2.398293E+00 -2.026619E+00
  3.712000E+00 -2.445105E+00 -2.048419E+00 -2.370535E+00 -1.993214E+00
  3.714000E+00 -2.467486E+00 -2.031720E+00 -2.353880E+00 -1.993214E+00
  3.716000E+00 -2.417129E+00 -2.015021E+00 -2.398293E+00 -2.015484E+00
  3.718000E+00 -2.439510E+00 -2.031720E+00 -2.381638E+00 -1.993214E+00
  3.720000E+00 -2.461891E+00 -2.048419E+00 -2.342777E+00 -1.982078E+00
  3.722000E+00 -2.445105E+00 -2.037286E+00 -2.364983E+00 -1.987646E+00
  3.724000E+00 -2.417129E+00 -2.020587E+00 -2.376086E+00 -1.993214E+00
  3.726000E+00 -2.400343E+00 -2.037286E+00 -2.376086E+00 -1.982078E+00
  3.728000E+00 -2.417129E+00 -2.053985E+00 -2.387190E+00 -1.959808E+00
  3.730000E+00 -2.456295E+00 -2.053985E+00 -2.392741E+00 -1.976511E+00
  3.732000E+00 -2.422724E+00 -2.009454E+00 -2.420499E+00 -1.987646E+00
  3.734000E+00 -2.456295E+00 -2.037286E+00 -2.398293E+00 -1.954240E+00
  3.736000E+00 -2.450700E+00 -2.009454E+00 -2.398293E+00 -1.970943E+00
  3.738000E+00 -2.473081E+00 -2.042852E+00 -2.387190E+00 -1.937537E+00
  3.740000E+00 -2.433915E+00 -2.003888E+00 -2.426051E+00 -1.982078E+00
  3.742000E+00 -2.501057E+00 -2.031720E+00 -2.381638E+00 -1.954240E+00
  3.744000E+00 -2.489866E+00 -2.037286E+00 -2.381638E+00 -1.909699E+00
  3.746000E+00 -2.484271E+00 -2.026153E+00 -2.420499E+00 -1.943105E+00
  3.748000E+00 -2.484271E+00 -2.009454E+00 -2.414948E+00 -1.943105E+00
  3.750000E+00 -2.473081E+00 -1.998322E+00 -2.426051E+00 -1.954240E+00
  3.752000E+00 -2.478676E+00 -1.998322E+00 -2.414948E+00 -1.965375E+00
  3.754000E+00 -2.467486E+00 -2.003888E+00 -2.414948E+00 -1.993214E+00
  3.756000E+00 -2.506652E+00 -2.009454E+00 -2.398293E+00 -1.970943E+00
  3.758000E+00 -2.467486E+00 -1.970490E+00 -2.426051E+00 -1.998781E+00
  3.760000E+00 -2.495462E+00 -1.964924E+00 -2.420499E+00 -2.009916E+00
  3.762000E+00 -2.517843E+00 -1.976056E+00 -2.387190E+00 -2.015484E+00
  3.764000E+00 -2.512247E+00 -1.964924E+00 -2.403845E+00 -2.021052E+00
  3.766000E+00 -2.534628E+00 -1.981623E+00 -2.392741E+00 -2.004349E+00
  3.768000E+00 -2.545819E+00 -2.015021E+00 -2.381638E+00 -1.998781E+00
  3.770000E+00 -2.540223E+00 -2.020587E+00 -2.381638E+00 -1.987646E+00
  3.772000E+00 -2.495462E+00 -1.992755E+00 -2.420499E+00 -2.032187E+00
  3.774000E+00 -2.517843E+00 -2.009454E+00 -2.370535E+00 -2.004349E+00
  3.776000E+00 -2.473081E+00 -1.992755E+00 -2.420499E+00 -2.037755E+00
  3.778000E+00 -2.545819E+00 -2.020587E+00 -2.342777E+00 -2.009916E+00
  3.780000E+00 -2.495462E+00 -1.998322E+00 -2.398293E+00 -2.060025E+00
  3.782000E+00 -2.540223E+00 -2.003888E+00 -2.359432E+00 -2.060025E+00
  3.784000E+00 -2.529033E+00 -2.009454E+00 -2.381638E+00 -2.048890E+00
  3.786000E+00 -2.529033E+00 -2.003888E+00 -2.364983E+00 -2.048890E+00
  3.788000E+00 -2.512247E+00 -2.015021E+00 -2.392741E+00 -2.048890E+00
  3.790000E+00 -2.529033E+00 -1.992755E+00 -2.376086E+00 -2.065593E+00
  3.792000E+00 -2.551414E+00 -2.015021E+00 -2.342777E+00 -2.037755E+00
  3.794000E+00 -2.489866E+00 -1.987189E+00 -2.370535E+00 -2.054457E+00
  3.796000E+00 -2.551414E+00 -2.015021E+00 -2.348328E+00 -2.043322E+00
  3.798000E+00 -2.517843E+00 -1.998322E+00 -2.409396E+00 -2.054457E+00
  3.800000E+00 -2.501057E+00 -1.981623E+00 -2.403845E+00 -2.071160E+00
  3.802000E+00 -2.534628E+00 -1.998322E+00 -2.376086E+00 -2.071160E+00
  3.804000E+00 -2.557009E+00 -2.037286E+00 -2.364983E+00 -2.048890E+00
  3.806000E+00 -2.545819E+00 -2.037286E+00 -2.381638E+00 -2.048890E+00
  3.808000E+00 -2.495462E+00 -2.009454E+00 -2.420499E+00 -2.121269E+00
  3.810000E+00 -2.551414E+00 -2.037286E+00 -2.370535E+00 -2.087863E+00
  3.812000E+00 -2.540223E+00 -2.059551E+00 -2.370535E+00 -2.060025E+00
  3.814000E+00 -2.506652E+00 -2.020587E+00 -2.420499E+00 -2.087863E+00
  3.816000E+00 -2.540223E+00 -2.009454E+00 -2.376086E+00 -2.087863E+00
  3.818000E+00 -2.573795E+00 -2.048419E+00 -2.353880E+00 -2.071160E+00
  3.820000E+00 -2.501057E+00 -2.037286E+00 -2.426051E+00 -2.104566E+00
  3.822000E+00 -2.523438E+00 -2.015021E+00 -2.387190E+00 -2.093431E+00
  3.824000E+00 -2.573795E+00 -2.065118E+00 -2.342777E+00 -2.076728E+00
  3.826000E+00 -2.557009E+00 -2.065118E+00 -2.359432E+00 -2.093431E+00
  3.828000E+00 -2.506652E+00 -2.026153E+00 -2.398293E+00 -2.110134E+00
  3.830000E+00 -2.517843E+00 -2.009454E+00 -2.392741E+00 -2.132404E+00
  3.832000E+00 -2.545819E+00 -2.053985E+00 -2.348328E+00 -2.076728E+00
  3.834000E+00 -2.501057E+00 -2.026153E+00 -2.381638E+00 -2.076728E+00
  3.836000E+00 -2.534628E+00 -2.037286E+00 -2.359432E+00 -2.082296E+00
  3.838000E+00 -2.523438E+00 -2.059551E+00 -2.364983E+00 -2.071160E+00
  3.840000E+00 -2.489866E+00 -2.031720E+00 -2.403845E+00 -2.082296E+00
  3.842000E+00 -2.506652E+00 -2.031720E+00 -2.381638E+00 -2.087863E+00
  3.844000E+00 -2.545819E+00 -2.037286E+00 -2.353880E+00 -2.082296E+00
  3.846000E+00 -2.562604E+00 -2.065118E+00 -2.331674E+00 -2.087863E+00
  3.848000E+00 -2.557009E+00 -2.053985E+00 -2.326122E+00 -2.093431E+00
  3.850000E+00 -2.540223E+00 -2.059551E+00 -2.337225E+00 -2.076728E+00
  3.852000E+00 -2.517843E+00 -2.059551E+00 -2.353880E+00 -2.071160E+00
  3.854000E+00 -2.517843E+00 -2.042852E+00 -2.376086E+00 -2.087863E+00
  3.856000E+00 -2.506652E+00 -2.031720E+00 -2.387190E+00 -2.098999E+00
  3.858000E+00 -2.495462E+00 -2.020587E+00 -2.403845E+00 -2.110134E+00
  3.860000E+00 -2.484271E+00 -2.009454E+00 -2.414948E+00 -2.115701E+00
  3.862000E+00 -2.473081E+00 -1.998322E+00 -2.381638E+00 -2.115701E+00
  3.864000E+00 -2.501057E+00 -2.015021E+00 -2.376086E+00 -2.115701E+00
  3.866000E+00 -2.540223E+00 -2.042852E+00 -2.348328E+00 -2.087863E+00
  3.868000E+00 -2.545819E+00 -2.065118E+00 -2.320570E+00 -2.093431E+00
  3.870000E+00 -2.512247E+00 -2.048419E+00 -2.359432E+00 -2.098999E+00
  3.872000E+00 -2.473081E+00 -2.037286E+00 -2.392741E+00 -2.121269E+00
  3.874000E+00 -2.461891E+00 -2.042852E+00 -2.398293E+00 -2.110134E+00
  3.876000E+00 -2.467486E+00 -2.037286E+00 -2.387190E+00 -2.115701E+00
  3.878000E+00 -2.501057E+00 -2.053985E+00 -2.376086E+00 -2.110134E+00
  3.880000E+00 -2.512247E+00 -2.070684E+00 -2.353880E+00 -2.087863E+00
  3.882000E+00 -2.523438E+00 -2.109649E+00 -2.342777E+00 -2.065593E+00
  3.884000E+00 -2.529033E+00 -2.104082E+00 -2.331674E+00 -2.054457E+00
  3.886000E+00 -2.506652E+00 -2.109649E+00 -2.320570E+00 -2.037755E+00
  3.888000E+00 -2.495462E+00 -2.092950E+00 -2.364983E+00 -2.048890E+00
  3.890000E+00 -2.484271E+00 -2.087383E+00 -2.376086E+00 -2.054457E+00
  3.892000E+00 -2.478676E+00 -2.081817E+00 -2.381638E+00 -2.060025E+00
  3.894000E+00 -2.456295E+00 -2.048419E+00 -2.414948E+00 -2.082296E+00
  3.896000E+00 -2.489866E+00 -2.042852E+00 -2.414948E+00 -2.087863E+00
  3.898000E+00 -2.501057E+00 -2.015021E+00 -2.370535E+00 -2.093431E+00
  3.900000E+00 -2.529033E+00 -2.037286E+00 -2.342777E+00 -2.065593E+00
  3.902000E+00 -2.551414E+00 -2.070684E+00 -2.331674E+00 -2.071160E+00
  3.904000E+00 -2.523438E+00 -2.070684E+00 -2.342777E+00 -2.143540E+00
  3.906000E+00 -2.512247E+00 -2.048419E+00 -2.348328E+00 -2.121269E+00
  3.908000E+00 -2.478676E+00 -2.015021E+00 -2.348328E+00 -2.149107E+00
  3.910000E+00 -2.534628E+00 -2.042852E+00 -2.309467E+00 -2.121269E+00
  3.912000E+00 -2.523438E+00 -2.048419E+00 -2.320570E+00 -2.098999E+00
  3.914000E+00 -2.495462E+00 -2.003888E+00 -2.348328E+00 -2.149107E+00
  3.916000E+00 -2.540223E+00 -2.031720E+00 -2.303916E+00 -2.110134E+00
  3.918000E+00 -2.478676E+00 -2.015021E+00 -2.359432E+00 -2.126837E+00
  3.920000E+00 -2.523438E+00 -2.031720E+00 -2.326122E+00 -2.121269E+00
  3.922000E+00 -2.512247E+00 -2.048419E+00 -2.320570E+00 -2.082296E+00
  3.924000E+00 -2.495462E+00 -2.026153E+00 -2.370535E+00 -2.115701E+00
  3.926000E+00 -2.529033E+00 -2.026153E+00 -2.326122E+00 -2.104566E+00
  3.928000E+00 -2.523438E+00 -2.042852E+00 -2.331674E+00 -2.093431E+00
  3.930000E+00 -2.489866E+00 -2.015021E+00 -2.370535E+00 -2.115701E+00
  3.932000E+00 -2.501057E+00 -1.998322E+00 -2.348328E+00 -2.126837E+00
  3.934000E+00 -2.545819E+00 -2.031720E+00 -2.298364E+00 -2.104566E+00
  3.936000E+00 -2.551414E+00 -2.037286E+00 -2.303916E+00 -2.076728E+00
  3.938000E+00 -2.506652E+00 -2.009454E+00 -2.359432E+00 -2.110134E+00
  3.940000E+00 -2.501057E+00 -2.015021E+00 -2.370535E+00 -2.104566E+00
  3.942000E+00 -2.495462E+00 -2.003888E+00 -2.370535E+00 -2.110134E+00
  3.944000E+00 -2.495462E+00 -1.992755E+00 -2.364983E+00 -2.154675E+00
  3.946000E+00 -2.512247E+00 -2.003888E+00 -2.331674E+00 -2.115701E+00
  3.948000E+00 -2.523438E+00 -2.009454E+00 -2.320570E+00 -2.110134E+00
  3.950000E+00 -2.551414E+00 -2.026153E+00 -2.320570E+00 -2.093431E+00
  3.952000E+00 -2.568199E+00 -2.026153E+00 -2.281709E+00 -2.076728E+00
  3.954000E+00 -2.545819E+00 -2.031720E+00 -2.303916E+00 -2.093431E+00
  3.956000E+00 -2.523438E+00 -2.020587E+00 -2.331674E+00 -2.154675E+00
  3.958000E+00 -2.495462E+00 -1.998322E+00 -2.359432E+00 -2.143540E+00
  3.960000E+00 -2.506652E+00 -2.003888E+00 -2.342777E+00 -2.154675E+00
  3.962000E+00 -2.501057E+00 -1.992755E+00 -2.348328E+00 -2.165810E+00
  3.964000E+00 -2.523438E+00 -2.009454E+00 -2.331674E+00 -2.143540E+00
  3.966000E+00 -2.557009E+00 -2.031720E+00 -2.309467E+00 -2.115701E+00
  3.968000E+00 -2.534628E+00 -2.053985E+00 -2.309467E+00 -2.098999E+00
  3.970000E+00 -2.523438E+00 -2.037286E+00 -2.331674E+00 -2.104566E+00
  3.972000E+00 -2.501057E+00 -2.015021E+00 -2.359432E+00 -2.115701E+00
  3.974000E+00 -2.495462E+00 -1.998322E+00 -2.376086E+00 -2.149107E+00
  3.976000E+00 -2.506652E+00 -2.003888E+00 -2.364983E+00 -2.137972E+00
  3.978000E+00 -2.540223E+00 -2.037286E+00 -2.326122E+00 -2.110134E+00
  3.980000E+00 -2.523438E+00 -2.015021E+00 -2.353880E+00 -2.137972E+00
  3.982000E+00 -2.517843E+00 -2.003888E+00 -2.376086E+00 -2.143540E+00
  3.984000E+00 -2.517843E+00 -2.003888E+00 -2.359432E+00 -2.137972E+00
  3.986000E+00 -2.506652E+00 -2.009454E+00 -2.364983E+00 -2.121269E+00
  3.988000E+00 -2.534628E+00 -2.026153E+00 -2.353880E+00 -2.110134E+00
  3.990000E+00 -2.529033E+00 -2.031720E+00 -2.353880E+00 -2.098999E+00
  3.992000E+00 -2.551414E+00 -2.053985E+00 -2.326122E+00 -2.071160E+00
  3.994000E+00 -2.506652E+00 -2.070684E+00 -2.364983E+00 -2.060025E+00
  3.996000E+00 -2.478676E+00 -2.059551E+00 -2.403845E+00 -2.087863E+00
  3.998000E+00 -2.467486E+00 -2.042852E+00 -2.426051E+00 -2.093431E+00
  4.000000E+00 -2.501057E+00 -2.037286E+00 -2.381638E+00 -2.093431E+00
