 89  48000.4966
  8.1824078E+02  3.8668252E+01
  8.1896530E+02  6.1019681E+01
  8.1824761E+02  8.3371908E+01
  8.1619247E+02  1.0469398E+02
  8.1297302E+02  1.2510617E+02
  8.0869791E+02  1.4469735E+02
  8.0345302E+02  1.6353020E+02
  7.9732011E+02  1.8165325E+02
  7.9033164E+02  1.9906913E+02
  7.8256271E+02  2.1579628E+02
  7.7406924E+02  2.3183175E+02
  7.6490561E+02  2.4716128E+02
  7.5512391E+02  2.6175627E+02
  7.4478982E+02  2.7559727E+02
  7.3397720E+02  2.8867673E+02
  7.2275050E+02  3.0096828E+02
  7.1120043E+02  3.1251363E+02
  6.9938035E+02  3.2326866E+02
  6.8737199E+02  3.3328175E+02
  6.7523263E+02  3.4253163E+02
  6.6302892E+02  3.5105053E+02
  6.5081636E+02  3.5882407E+02
  6.3865505E+02  3.6592116E+02
  6.2659288E+02  3.7225841E+02
  6.1404573E+02  3.7818050E+02
  6.0032987E+02  3.8389826E+02
  5.8538408E+02  3.8904173E+02
  5.6918521E+02  3.9327769E+02
  5.5179157E+02  3.9609467E+02
  5.3342556E+02  3.9669607E+02
  5.1460152E+02  3.9391136E+02
  4.9618125E+02  3.8644463E+02
  4.7928847E+02  3.7330820E+02
  4.6472708E+02  3.5487479E+02
  4.5279682E+02  3.3245009E+02
  4.4335684E+02  3.0761918E+02
  4.3601508E+02  2.8175328E+02
  4.3041400E+02  2.5569773E+02
  4.2618023E+02  2.2998918E+02
  4.2307296E+02  2.0482412E+02
  4.2081735E+02  1.8028994E+02
  4.1927727E+02  1.5628167E+02
  4.1838242E+02  1.3261249E+02
  4.1805438E+02  1.0905657E+02
  4.1826412E+02  8.5316559E+01
  4.1902941E+02  6.1019681E+01
  4.2033795E+02  3.6964669E+01
  4.2209667E+02  1.3913938E+01
  4.2424937E+02 -8.5557884E+00
  4.2681598E+02 -3.0778251E+01
  4.2984583E+02 -5.3017552E+01
  4.3336372E+02 -7.5513453E+01
  4.3739240E+02 -9.8496748E+01
  4.4205819E+02 -1.2210326E+02
  4.4740410E+02 -1.4652278E+02
  4.5357027E+02 -1.7183456E+02
  4.6069011E+02 -1.9808318E+02
  4.6890459E+02 -2.2525147E+02
  4.7845849E+02 -2.5302840E+02
  4.8957049E+02 -2.8090155E+02
  5.0292675E+02 -3.0657498E+02
  5.2040218E+02 -3.2157922E+02
  5.4159700E+02 -3.1972223E+02
  5.6222060E+02 -3.1154734E+02
  5.8096239E+02 -3.0219897E+02
  5.9781433E+02 -2.9278502E+02
  6.1296157E+02 -2.8354600E+02
  6.2659288E+02 -2.7465295E+02
  6.3951522E+02 -2.6562494E+02
  6.5238461E+02 -2.5606490E+02
  6.6515417E+02 -2.4592813E+02
  6.7777435E+02 -2.3520296E+02
  6.9019048E+02 -2.2386791E+02
  7.0234286E+02 -2.1190304E+02
  7.1418443E+02 -1.9934412E+02
  7.2564574E+02 -1.8615361E+02
  7.3668068E+02 -1.7236881E+02
  7.4723229E+02 -1.5799203E+02
  7.5724485E+02 -1.4302934E+02
  7.6669213E+02 -1.2752622E+02
  7.7551781E+02 -1.1147017E+02
  7.8367445E+02 -9.4860162E+01
  7.9112832E+02 -7.7701450E+01
  7.9785012E+02 -5.9988383E+01
  8.0378835E+02 -4.1685193E+01
  8.0887566E+02 -2.2739662E+01
  8.1303683E+02 -3.0887513E+00
  8.1619924E+02  1.7343821E+01
  8.1824078E+02  3.8668252E+01
