   6.9909148e+01   1.5037842e+01   8.3553762e+00   1.6654992e+02   1.0875712e+02  -9.5301241e+01  -1.0724622e+02  -9.7071039e+01  -3.2295916e+03  -8.5994480e+01   6.6119417e+02  -1.7242550e+02  -7.3000999e+02  -3.1862771e+02
   2.5577046e+01  -6.8964335e+02  -1.6623731e+01  -8.6410290e+02   3.9651000e+02  -9.0571466e+02   3.7329801e+02  -6.2473139e+02   6.4350944e+02  -6.0637299e+03   3.5198687e+03  -2.5380795e+01  -3.1142108e+03  -1.5869582e+03
   3.3944367e+02  -3.6516699e+02   7.7850224e+01   4.1813678e+02   5.6980787e+02  -3.5896761e+02   4.1638918e+02  -3.0758082e+02   1.1312516e+03   3.3277703e+03  -4.6129916e+03   3.5774505e+03  -8.9016868e+02  -7.4643918e+02
   1.8021349e+02   4.3569565e+02   9.0728048e+01  -1.2029869e+02  -7.0333789e+02   4.9124404e+02  -5.3831884e+02   4.0493106e+02  -1.0395902e+03  -1.0317450e+03   3.7488247e+03  -4.4510708e+03   3.2494813e+03   1.3083888e+03
   4.6124755e+00   3.1661718e+02   3.2837195e+01  -3.6620757e+02  -7.8944489e+02   4.0409497e+02  -6.0203077e+02   2.8284374e+02  -1.3734070e+03  -2.8713139e+03   1.7032112e+02   3.1117630e+03  -6.3546970e+03   1.0317063e+02
   5.3223334e+01  -1.1553153e+01   1.6681838e+01   1.6702141e+02  -1.1878412e+02   9.1633752e+01  -1.2728565e+02  -1.1282809e+02  -3.5713321e+02  -8.6564314e+02  -5.9303990e+01   7.9242909e+02  -4.1734216e+02  -3.2452411e+03
   3.5522505e+01   3.2199491e-01   6.9253313e+00   1.1343246e+02   2.4914858e+01  -2.1062483e+02  -3.2908526e+00  -8.3805019e+02  -4.6432472e+01  -1.5736616e+02  -7.6858072e+00   1.0745687e+02  -4.0722858e+01  -1.9153806e+02
   8.0944589e+01   2.9458099e+00   1.4841856e+01   1.3092522e+02   1.0107164e+02  -7.0315319e+02   2.8595793e+01  -2.2586382e+02  -1.9348672e+01  -1.6533101e+02   9.6722344e+00   7.7781433e+01  -4.1935141e+01  -5.2616862e+01
   3.3822595e+02   1.0351167e+01   6.3900603e+01  -2.6837056e+02   2.7151808e+02   1.5795599e+02   1.4663422e+02   9.8985614e+01   7.3849208e+01  -2.8924382e+02   1.4477804e+02   1.2845272e+01  -1.8982717e+02   5.7292637e+01
   9.0855973e+01   2.3417517e+00   1.6540389e+01   1.7315050e+02  -6.6066668e+02   8.6705927e+01  -2.0677492e+02   2.3547445e+01  -3.7146510e+01  -4.7418004e+01   1.0533203e+02  -4.0424823e+01  -1.4048486e+02  -2.0551431e+01
   4.3742731e+01   2.2389335e+00   7.3991245e+00   1.4061281e+02  -1.8707043e+02   2.2158096e+01  -8.2628040e+02  -3.1517511e+00  -1.8740558e+02  -2.3054102e+01   1.1714590e+02  -4.2711218e+01  -1.4883097e+02  -4.8831363e+01
