  ktime 
 526
  time [S], Ecoil [kA] 
  2.950000E+00  1.337962E+01
  2.952000E+00  1.343679E+01
  2.954000E+00  1.332244E+01
  2.956000E+00  1.366551E+01
  2.958000E+00  1.355115E+01
  2.960000E+00  1.326526E+01
  2.962000E+00  1.343679E+01
  2.964000E+00  1.337962E+01
  2.966000E+00  1.332244E+01
  2.968000E+00  1.332244E+01
  2.970000E+00  1.332244E+01
  2.972000E+00  1.320808E+01
  2.974000E+00  1.349397E+01
  2.976000E+00  1.332244E+01
  2.978000E+00  1.332244E+01
  2.980000E+00  1.315090E+01
  2.982000E+00  1.320808E+01
  2.984000E+00  1.315090E+01
  2.986000E+00  1.332244E+01
  2.988000E+00  1.326526E+01
  2.990000E+00  1.315090E+01
  2.992000E+00  1.309373E+01
  2.994000E+00  1.309373E+01
  2.996000E+00  1.297937E+01
  2.998000E+00  1.303655E+01
  3.000000E+00  1.309373E+01
  3.002000E+00  1.309373E+01
  3.004000E+00  1.297937E+01
  3.006000E+00  1.309373E+01
  3.008000E+00  1.303655E+01
  3.010000E+00  1.297937E+01
  3.012000E+00  1.297937E+01
  3.014000E+00  1.315090E+01
  3.016000E+00  1.280784E+01
  3.018000E+00  1.292219E+01
  3.020000E+00  1.280784E+01
  3.022000E+00  1.275066E+01
  3.024000E+00  1.292219E+01
  3.026000E+00  1.280784E+01
  3.028000E+00  1.275066E+01
  3.030000E+00  1.263630E+01
  3.032000E+00  1.280784E+01
  3.034000E+00  1.275066E+01
  3.036000E+00  1.246477E+01
  3.038000E+00  1.263630E+01
  3.040000E+00  1.252195E+01
  3.042000E+00  1.280784E+01
  3.044000E+00  1.280784E+01
  3.046000E+00  1.303655E+01
  3.048000E+00  1.263630E+01
  3.050000E+00  1.263630E+01
  3.052000E+00  1.263630E+01
  3.054000E+00  1.252195E+01
  3.056000E+00  1.280784E+01
  3.058000E+00  1.263630E+01
  3.060000E+00  1.246477E+01
  3.062000E+00  1.240759E+01
  3.064000E+00  1.257913E+01
  3.066000E+00  1.257913E+01
  3.068000E+00  1.246477E+01
  3.070000E+00  1.246477E+01
  3.072000E+00  1.240759E+01
  3.074000E+00  1.240759E+01
  3.076000E+00  1.240759E+01
  3.078000E+00  1.303655E+01
  3.080000E+00  1.229324E+01
  3.082000E+00  1.240759E+01
  3.084000E+00  1.206453E+01
  3.086000E+00  1.223606E+01
  3.088000E+00  1.229324E+01
  3.090000E+00  1.240759E+01
  3.092000E+00  1.229324E+01
  3.094000E+00  1.235042E+01
  3.096000E+00  1.240759E+01
  3.098000E+00  1.223606E+01
  3.100000E+00  1.229324E+01
  3.102000E+00  1.235042E+01
  3.104000E+00  1.246477E+01
  3.106000E+00  1.229324E+01
  3.108000E+00  1.229324E+01
  3.110000E+00  1.240759E+01
  3.112000E+00  1.229324E+01
  3.114000E+00  1.223606E+01
  3.116000E+00  1.200735E+01
  3.118000E+00  1.217888E+01
  3.120000E+00  1.240759E+01
  3.122000E+00  1.217888E+01
  3.124000E+00  1.217888E+01
  3.126000E+00  1.206453E+01
  3.128000E+00  1.235042E+01
  3.130000E+00  1.223606E+01
  3.132000E+00  1.212170E+01
  3.134000E+00  1.240759E+01
  3.136000E+00  1.229324E+01
  3.138000E+00  1.217888E+01
  3.140000E+00  1.200735E+01
  3.142000E+00  1.206453E+01
  3.144000E+00  1.223606E+01
  3.146000E+00  1.217888E+01
  3.148000E+00  1.217888E+01
  3.150000E+00  1.206453E+01
  3.152000E+00  1.223606E+01
  3.154000E+00  1.206453E+01
  3.156000E+00  1.195017E+01
  3.158000E+00  1.217888E+01
  3.160000E+00  1.212170E+01
  3.162000E+00  1.177864E+01
  3.164000E+00  1.212170E+01
  3.166000E+00  1.212170E+01
  3.168000E+00  1.217888E+01
  3.170000E+00  1.183581E+01
  3.172000E+00  1.195017E+01
  3.174000E+00  1.189299E+01
  3.176000E+00  1.183581E+01
  3.178000E+00  1.195017E+01
  3.180000E+00  1.200735E+01
  3.182000E+00  1.195017E+01
  3.184000E+00  1.195017E+01
  3.186000E+00  1.189299E+01
  3.188000E+00  1.195017E+01
  3.190000E+00  1.195017E+01
  3.192000E+00  1.177864E+01
  3.194000E+00  1.172146E+01
  3.196000E+00  1.172146E+01
  3.198000E+00  1.177864E+01
  3.200000E+00  1.172146E+01
  3.202000E+00  1.189299E+01
  3.204000E+00  1.172146E+01
  3.206000E+00  1.195017E+01
  3.208000E+00  1.160710E+01
  3.210000E+00  1.189299E+01
  3.212000E+00  1.195017E+01
  3.214000E+00  1.172146E+01
  3.216000E+00  1.160710E+01
  3.218000E+00  1.160710E+01
  3.220000E+00  1.172146E+01
  3.222000E+00  1.137839E+01
  3.224000E+00  1.195017E+01
  3.226000E+00  1.166428E+01
  3.228000E+00  1.183581E+01
  3.230000E+00  1.177864E+01
  3.232000E+00  1.154992E+01
  3.234000E+00  1.177864E+01
  3.236000E+00  1.172146E+01
  3.238000E+00  1.166428E+01
  3.240000E+00  1.189299E+01
  3.242000E+00  1.177864E+01
  3.244000E+00  1.154992E+01
  3.246000E+00  1.166428E+01
  3.248000E+00  1.160710E+01
  3.250000E+00  1.189299E+01
  3.252000E+00  1.149275E+01
  3.254000E+00  1.154992E+01
  3.256000E+00  1.172146E+01
  3.258000E+00  1.154992E+01
  3.260000E+00  1.160710E+01
  3.262000E+00  1.149275E+01
  3.264000E+00  1.172146E+01
  3.266000E+00  1.149275E+01
  3.268000E+00  1.149275E+01
  3.270000E+00  1.172146E+01
  3.272000E+00  1.143557E+01
  3.274000E+00  1.143557E+01
  3.276000E+00  1.149275E+01
  3.278000E+00  1.126404E+01
  3.280000E+00  1.126404E+01
  3.282000E+00  1.137839E+01
  3.284000E+00  1.143557E+01
  3.286000E+00  1.143557E+01
  3.288000E+00  1.132121E+01
  3.290000E+00  1.126404E+01
  3.292000E+00  1.143557E+01
  3.294000E+00  1.137839E+01
  3.296000E+00  1.092097E+01
  3.298000E+00  1.137839E+01
  3.300000E+00  1.109250E+01
  3.302000E+00  1.126404E+01
  3.304000E+00  1.126404E+01
  3.306000E+00  1.126404E+01
  3.308000E+00  1.160710E+01
  3.310000E+00  1.126404E+01
  3.312000E+00  1.109250E+01
  3.314000E+00  1.120686E+01
  3.316000E+00  1.109250E+01
  3.318000E+00  1.126404E+01
  3.320000E+00  1.132121E+01
  3.322000E+00  1.126404E+01
  3.324000E+00  1.092097E+01
  3.326000E+00  1.103532E+01
  3.328000E+00  1.126404E+01
  3.330000E+00  1.103532E+01
  3.332000E+00  1.109250E+01
  3.334000E+00  1.114968E+01
  3.336000E+00  1.114968E+01
  3.338000E+00  1.103532E+01
  3.340000E+00  1.109250E+01
  3.342000E+00  1.143557E+01
  3.344000E+00  1.080661E+01
  3.346000E+00  1.103532E+01
  3.348000E+00  1.103532E+01
  3.350000E+00  1.097815E+01
  3.352000E+00  1.097815E+01
  3.354000E+00  1.080661E+01
  3.356000E+00  1.097815E+01
  3.358000E+00  1.074944E+01
  3.360000E+00  1.092097E+01
  3.362000E+00  1.086379E+01
  3.364000E+00  1.092097E+01
  3.366000E+00  1.109250E+01
  3.368000E+00  1.092097E+01
  3.370000E+00  1.097815E+01
  3.372000E+00  1.046355E+01
  3.374000E+00  1.069226E+01
  3.376000E+00  1.080661E+01
  3.378000E+00  1.080661E+01
  3.380000E+00  1.080661E+01
  3.382000E+00  1.097815E+01
  3.384000E+00  1.080661E+01
  3.386000E+00  1.074944E+01
  3.388000E+00  1.074944E+01
  3.390000E+00  1.080661E+01
  3.392000E+00  1.080661E+01
  3.394000E+00  1.063508E+01
  3.396000E+00  1.069226E+01
  3.398000E+00  1.046355E+01
  3.400000E+00  1.080661E+01
  3.402000E+00  1.063508E+01
  3.404000E+00  1.052072E+01
  3.406000E+00  1.057790E+01
  3.408000E+00  1.057790E+01
  3.410000E+00  1.046355E+01
  3.412000E+00  1.034919E+01
  3.414000E+00  1.057790E+01
  3.416000E+00  1.040637E+01
  3.418000E+00  1.063508E+01
  3.420000E+00  1.046355E+01
  3.422000E+00  1.057790E+01
  3.424000E+00  1.034919E+01
  3.426000E+00  1.063508E+01
  3.428000E+00  1.017766E+01
  3.430000E+00  1.040637E+01
  3.432000E+00  1.046355E+01
  3.434000E+00  1.040637E+01
  3.436000E+00  1.057790E+01
  3.438000E+00  1.034919E+01
  3.440000E+00  1.034919E+01
  3.442000E+00  1.012048E+01
  3.444000E+00  1.034919E+01
  3.446000E+00  1.023483E+01
  3.448000E+00  1.023483E+01
  3.450000E+00  1.034919E+01
  3.452000E+00  1.029201E+01
  3.454000E+00  1.023483E+01
  3.456000E+00  9.948945E+00
  3.458000E+00  1.029201E+01
  3.460000E+00  1.012048E+01
  3.462000E+00  9.891768E+00
  3.464000E+00  1.006330E+01
  3.466000E+00  1.012048E+01
  3.468000E+00  1.017766E+01
  3.470000E+00  1.006330E+01
  3.472000E+00  1.046355E+01
  3.474000E+00  1.034919E+01
  3.476000E+00  1.006330E+01
  3.478000E+00  1.012048E+01
  3.480000E+00  1.006330E+01
  3.482000E+00  1.023483E+01
  3.484000E+00  1.017766E+01
  3.486000E+00  1.023483E+01
  3.488000E+00  1.012048E+01
  3.490000E+00  1.023483E+01
  3.492000E+00  1.012048E+01
  3.494000E+00  1.023483E+01
  3.496000E+00  1.023483E+01
  3.498000E+00  9.891768E+00
  3.500000E+00  1.012048E+01
  3.502000E+00  1.012048E+01
  3.504000E+00  1.006330E+01
  3.506000E+00  1.012048E+01
  3.508000E+00  1.012048E+01
  3.510000E+00  1.006330E+01
  3.512000E+00  9.948945E+00
  3.514000E+00  1.012048E+01
  3.516000E+00  1.017766E+01
  3.518000E+00  9.891768E+00
  3.520000E+00  1.012048E+01
  3.522000E+00  1.000612E+01
  3.524000E+00  9.891768E+00
  3.526000E+00  9.948945E+00
  3.528000E+00  9.663056E+00
  3.530000E+00  9.491523E+00
  3.532000E+00  9.891768E+00
  3.534000E+00  9.948945E+00
  3.536000E+00  9.948945E+00
  3.538000E+00  9.891768E+00
  3.540000E+00  9.548700E+00
  3.542000E+00  9.663056E+00
  3.544000E+00  9.891768E+00
  3.546000E+00  1.000612E+01
  3.548000E+00  9.777412E+00
  3.550000E+00  9.891768E+00
  3.552000E+00  9.891768E+00
  3.554000E+00  1.000612E+01
  3.556000E+00  1.012048E+01
  3.558000E+00  1.000612E+01
  3.560000E+00  1.000612E+01
  3.562000E+00  1.006330E+01
  3.564000E+00  9.777412E+00
  3.566000E+00  9.948945E+00
  3.568000E+00  9.663056E+00
  3.570000E+00  9.834589E+00
  3.572000E+00  9.891768E+00
  3.574000E+00  1.012048E+01
  3.576000E+00  9.891768E+00
  3.578000E+00  1.006330E+01
  3.580000E+00  9.891768E+00
  3.582000E+00  9.891768E+00
  3.584000E+00  9.891768E+00
  3.586000E+00  1.012048E+01
  3.588000E+00  1.000612E+01
  3.590000E+00  9.948945E+00
  3.592000E+00  9.834589E+00
  3.594000E+00  9.891768E+00
  3.596000E+00  9.720233E+00
  3.598000E+00  1.006330E+01
  3.600000E+00  9.891768E+00
  3.602000E+00  9.605878E+00
  3.604000E+00  1.006330E+01
  3.606000E+00  1.012048E+01
  3.608000E+00  1.023483E+01
  3.610000E+00  1.006330E+01
  3.612000E+00  9.891768E+00
  3.614000E+00  9.834589E+00
  3.616000E+00  9.891768E+00
  3.618000E+00  1.006330E+01
  3.620000E+00  9.491523E+00
  3.622000E+00  9.948945E+00
  3.624000E+00  9.891768E+00
  3.626000E+00  9.834589E+00
  3.628000E+00  9.891768E+00
  3.630000E+00  9.891768E+00
  3.632000E+00  9.891768E+00
  3.634000E+00  9.891768E+00
  3.636000E+00  9.891768E+00
  3.638000E+00  9.777412E+00
  3.640000E+00  9.891768E+00
  3.642000E+00  1.000612E+01
  3.644000E+00  9.720233E+00
  3.646000E+00  9.891768E+00
  3.648000E+00  9.777412E+00
  3.650000E+00  9.834589E+00
  3.652000E+00  9.834589E+00
  3.654000E+00  9.948945E+00
  3.656000E+00  9.834589E+00
  3.658000E+00  9.891768E+00
  3.660000E+00  9.891768E+00
  3.662000E+00  9.834589E+00
  3.664000E+00  9.548700E+00
  3.666000E+00  9.891768E+00
  3.668000E+00  9.605878E+00
  3.670000E+00  9.663056E+00
  3.672000E+00  9.491523E+00
  3.674000E+00  9.891768E+00
  3.676000E+00  9.434344E+00
  3.678000E+00  9.891768E+00
  3.680000E+00  9.491523E+00
  3.682000E+00  9.434344E+00
  3.684000E+00  9.491523E+00
  3.686000E+00  9.548700E+00
  3.688000E+00  1.006330E+01
  3.690000E+00  9.663056E+00
  3.692000E+00  9.434344E+00
  3.694000E+00  9.548700E+00
  3.696000E+00  9.605878E+00
  3.698000E+00  9.605878E+00
  3.700000E+00  9.663056E+00
  3.702000E+00  9.720233E+00
  3.704000E+00  9.663056E+00
  3.706000E+00  9.663056E+00
  3.708000E+00  9.605878E+00
  3.710000E+00  9.663056E+00
  3.712000E+00  9.434344E+00
  3.714000E+00  9.663056E+00
  3.716000E+00  9.663056E+00
  3.718000E+00  9.377166E+00
  3.720000E+00  9.434344E+00
  3.722000E+00  9.720233E+00
  3.724000E+00  9.548700E+00
  3.726000E+00  9.434344E+00
  3.728000E+00  9.491523E+00
  3.730000E+00  9.548700E+00
  3.732000E+00  9.720233E+00
  3.734000E+00  9.319989E+00
  3.736000E+00  9.548700E+00
  3.738000E+00  9.548700E+00
  3.740000E+00  9.605878E+00
  3.742000E+00  9.434344E+00
  3.744000E+00  9.663056E+00
  3.746000E+00  9.663056E+00
  3.748000E+00  9.491523E+00
  3.750000E+00  9.377166E+00
  3.752000E+00  9.491523E+00
  3.754000E+00  9.434344E+00
  3.756000E+00  9.434344E+00
  3.758000E+00  9.548700E+00
  3.760000E+00  9.663056E+00
  3.762000E+00  9.491523E+00
  3.764000E+00  9.434344E+00
  3.766000E+00  9.319989E+00
  3.768000E+00  9.434344E+00
  3.770000E+00  9.434344E+00
  3.772000E+00  9.548700E+00
  3.774000E+00  9.148456E+00
  3.776000E+00  9.319989E+00
  3.778000E+00  9.319989E+00
  3.780000E+00  9.605878E+00
  3.782000E+00  9.319989E+00
  3.784000E+00  9.434344E+00
  3.786000E+00  9.548700E+00
  3.788000E+00  9.434344E+00
  3.790000E+00  9.434344E+00
  3.792000E+00  9.319989E+00
  3.794000E+00  9.491523E+00
  3.796000E+00  8.976922E+00
  3.798000E+00  9.434344E+00
  3.800000E+00  9.319989E+00
  3.802000E+00  9.605878E+00
  3.804000E+00  9.262811E+00
  3.806000E+00  9.434344E+00
  3.808000E+00  9.434344E+00
  3.810000E+00  9.262811E+00
  3.812000E+00  9.491523E+00
  3.814000E+00  9.434344E+00
  3.816000E+00  9.491523E+00
  3.818000E+00  9.434344E+00
  3.820000E+00  9.434344E+00
  3.822000E+00  9.319989E+00
  3.824000E+00  9.262811E+00
  3.826000E+00  9.663056E+00
  3.828000E+00  9.491523E+00
  3.830000E+00  9.319989E+00
  3.832000E+00  9.262811E+00
  3.834000E+00  9.434344E+00
  3.836000E+00  9.548700E+00
  3.838000E+00  9.319989E+00
  3.840000E+00  9.377166E+00
  3.842000E+00  9.148456E+00
  3.844000E+00  9.319989E+00
  3.846000E+00  9.205634E+00
  3.848000E+00  9.319989E+00
  3.850000E+00  9.434344E+00
  3.852000E+00  9.434344E+00
  3.854000E+00  9.319989E+00
  3.856000E+00  9.319989E+00
  3.858000E+00  9.148456E+00
  3.860000E+00  9.148456E+00
  3.862000E+00  9.034101E+00
  3.864000E+00  9.377166E+00
  3.866000E+00  9.262811E+00
  3.868000E+00  9.319989E+00
  3.870000E+00  9.434344E+00
  3.872000E+00  9.434344E+00
  3.874000E+00  9.091277E+00
  3.876000E+00  9.091277E+00
  3.878000E+00  9.091277E+00
  3.880000E+00  9.091277E+00
  3.882000E+00  8.976922E+00
  3.884000E+00  9.148456E+00
  3.886000E+00  9.091277E+00
  3.888000E+00  9.834589E+00
  3.890000E+00  9.148456E+00
  3.892000E+00  9.148456E+00
  3.894000E+00  9.148456E+00
  3.896000E+00  9.034101E+00
  3.898000E+00  9.148456E+00
  3.900000E+00  8.976922E+00
  3.902000E+00  9.262811E+00
  3.904000E+00  9.434344E+00
  3.906000E+00  9.319989E+00
  3.908000E+00  9.262811E+00
  3.910000E+00  9.148456E+00
  3.912000E+00  9.148456E+00
  3.914000E+00  9.148456E+00
  3.916000E+00  8.976922E+00
  3.918000E+00  9.205634E+00
  3.920000E+00  9.148456E+00
  3.922000E+00  9.148456E+00
  3.924000E+00  9.262811E+00
  3.926000E+00  9.034101E+00
  3.928000E+00  9.034101E+00
  3.930000E+00  8.976922E+00
  3.932000E+00  8.919744E+00
  3.934000E+00  8.976922E+00
  3.936000E+00  9.148456E+00
  3.938000E+00  9.148456E+00
  3.940000E+00  9.091277E+00
  3.942000E+00  8.862566E+00
  3.944000E+00  8.748210E+00
  3.946000E+00  8.805388E+00
  3.948000E+00  8.919744E+00
  3.950000E+00  9.034101E+00
  3.952000E+00  9.091277E+00
  3.954000E+00  9.148456E+00
  3.956000E+00  9.091277E+00
  3.958000E+00  8.919744E+00
  3.960000E+00  8.919744E+00
  3.962000E+00  8.748210E+00
  3.964000E+00  8.805388E+00
  3.966000E+00  8.805388E+00
  3.968000E+00  9.148456E+00
  3.970000E+00  8.976922E+00
  3.972000E+00  8.976922E+00
  3.974000E+00  8.862566E+00
  3.976000E+00  8.519499E+00
  3.978000E+00  8.862566E+00
  3.980000E+00  8.919744E+00
  3.982000E+00  8.919744E+00
  3.984000E+00  8.748210E+00
  3.986000E+00  8.748210E+00
  3.988000E+00  8.862566E+00
  3.990000E+00  8.976922E+00
  3.992000E+00  8.976922E+00
  3.994000E+00  8.919744E+00
  3.996000E+00  8.976922E+00
  3.998000E+00  8.805388E+00
  4.000000E+00  8.691032E+00
