         142
  9.0000000E+02  8.9935587E+02  8.9390683E+02  8.9062500E+02
  8.8835783E+02  8.8273546E+02  8.8125000E+02  8.7705353E+02
  8.7187500E+02  8.7136948E+02  8.6524862E+02  8.6250000E+02
  8.5808203E+02  8.5312500E+02  8.5074527E+02  8.4375000E+02
  8.4335023E+02  8.3591512E+02  8.3437500E+02  8.2849776E+02
  8.2500000E+02  8.1956266E+02  8.1562500E+02  8.0890800E+02
  8.0625000E+02  7.9795543E+02  7.9687500E+02  7.8750000E+02
  7.8660804E+02  7.7812500E+02  7.7487013E+02  7.6875000E+02
  7.6276371E+02  7.5937500E+02  7.5000000E+02  7.4062500E+02
  7.3742353E+02  7.3125000E+02  7.2427263E+02  7.2187500E+02
  7.1250000E+02  7.1083769E+02  7.0312500E+02  6.9731990E+02
  6.9375000E+02  6.8437500E+02  6.8372889E+02  6.7500000E+02
  6.7045769E+02  6.6562500E+02  6.5775871E+02  6.5625000E+02
  6.4687500E+02  6.3750000E+02  6.3277227E+02  6.2812500E+02
  6.2499740E+02  6.2145030E+02  6.1875000E+02  6.1459884E+02
  6.0937500E+02  6.0937500E+02  6.0000000E+02  6.0000000E+02
  6.0000000E+02  5.9062500E+02  6.0000000E+02  5.9062500E+02
  5.9062500E+02  5.9062500E+02  5.9062500E+02  5.9062500E+02
  5.9062500E+02  5.9062500E+02  5.9062500E+02  5.9062500E+02
  5.8842343E+02  5.8730423E+02  5.8375455E+02  5.8125000E+02
  5.7896516E+02  5.7350781E+02  5.7187500E+02  5.6775452E+02
  5.6250000E+02  5.6191889E+02  5.5605635E+02  5.5312500E+02
  5.5029818E+02  5.4466505E+02  5.4375000E+02  5.3919330E+02
  5.3437500E+02  5.3391170E+02  5.2883547E+02  5.2500000E+02
  5.2400380E+02  5.1940570E+02  5.1562500E+02  5.1505488E+02
  5.1096945E+02  5.0710935E+02  5.0625000E+02  5.0350037E+02
  5.0013060E+02  4.9687500E+02  4.9396818E+02  4.9117545E+02
  4.8853067E+02  4.8750000E+02  4.8601040E+02  4.8359805E+02
  4.8125297E+02  4.7896998E+02  4.7812500E+02  4.7669615E+02
  4.7439947E+02  4.7209707E+02  4.6970420E+02  4.6875000E+02
  4.6722630E+02  4.6463300E+02  4.6188753E+02  4.5937500E+02
  4.5897419E+02  4.5585776E+02  4.5248705E+02  4.5000000E+02
  4.4972789E+02  4.4814533E+02  4.4599491E+02  4.4320012E+02
  4.4062500E+02  4.3976315E+02  4.3716690E+02  4.3433815E+02
  4.3125000E+02  4.3064004E+02  4.2611007E+02  4.2187500E+02
  4.2083066E+02  4.1492950E+02
  4.0424725E+02  4.0312500E+02  3.9375000E+02  3.8818709E+02
  3.8437500E+02  3.7500000E+02  3.7254310E+02  3.6562500E+02
  3.5712003E+02  3.5625000E+02  3.4687500E+02  3.4324983E+02
  3.3750000E+02  3.3115697E+02  3.2812500E+02  3.1925453E+02
  3.1875000E+02  3.0937500E+02  3.0743723E+02  3.0000000E+02
  2.9588823E+02  2.9062500E+02  2.8717876E+02  2.8125000E+02
  2.7894514E+02  2.7187500E+02  2.7096788E+02  2.6322574E+02
  2.6250000E+02  2.5569158E+02  2.5312500E+02  2.4834719E+02
  2.4375000E+02  2.4118271E+02  2.3437500E+02  2.2731389E+02
  2.2500000E+02  2.2057786E+02  2.1562500E+02  2.1394185E+02
  2.0740982E+02  2.0625000E+02  2.0089486E+02  1.9687500E+02
  1.9441595E+02  1.8795178E+02  1.8750000E+02  1.8135900E+02
  1.7812500E+02  1.7463315E+02  1.6875000E+02  1.6758353E+02
  1.5937500E+02  1.5000000E+02  1.4062500E+02  1.3125000E+02
  1.2187500E+02  1.1250000E+02  1.0312500E+02  9.3750000E+01
  8.4375000E+01  7.5000000E+01  7.5000000E+01  6.5625000E+01
  5.6250000E+01  5.6250000E+01  4.6875000E+01  6.5625000E+01
  7.5000000E+01  8.4375000E+01  9.3750000E+01  1.0312500E+02
  1.1250000E+02  1.2187500E+02  1.3125000E+02  1.4062500E+02
  1.5000000E+02  1.5937500E+02  1.6875000E+02  1.7392848E+02
  1.7812500E+02  1.8750000E+02  1.9024560E+02  1.9687500E+02
  2.0532000E+02  2.0625000E+02  2.1562500E+02  2.2036899E+02
  2.2500000E+02  2.3437500E+02  2.3592131E+02  2.4375000E+02
  2.5229039E+02  2.5312500E+02  2.6250000E+02  2.6990525E+02
  2.7187500E+02  2.8125000E+02  2.8936526E+02  2.9062500E+02
  3.0000000E+02  3.0937500E+02  3.1155202E+02  3.1875000E+02
  3.2812500E+02  3.3750000E+02  3.4687500E+02  3.5625000E+02
  3.6562500E+02  3.6941140E+02  3.7500000E+02  3.8437500E+02
  3.9375000E+02  4.0312500E+02  4.0661307E+02  4.1250000E+02
  4.2187500E+02  4.3125000E+02  4.4062500E+02  4.4427904E+02
  4.5000000E+02  4.5937500E+02  4.6875000E+02  4.7686922E+02
  4.7812500E+02  4.8750000E+02  4.9687500E+02  5.0508019E+02
  5.0625000E+02  5.1562500E+02  5.2500000E+02  5.3437500E+02
  5.4132407E+02  5.4375000E+02  5.5312500E+02  5.6250000E+02
  5.7046816E+02  5.7187500E+02  5.8125000E+02  5.8886287E+02
  5.9062500E+02  6.0000000E+02
          90
 -2.0643427E+04 -1.8168308E+04 -1.5715885E+04 -1.3330054E+04
 -1.1050693E+04 -8.9132248E+03 -6.9480394E+03 -5.1799937E+03
 -3.6279834E+03 -2.3045981E+03 -1.2158648E+03 -3.6108408E+02
  2.6723813E+02  6.8335951E+02  5.4941713E+02 -4.8088999E+03
 -8.7347859E+03 -1.1244481E+04 -1.2370794E+04 -1.2162003E+04
 -1.0680633E+04 -8.0021485E+03 -4.2135663E+03  5.8800000E+02
  6.2968377E+03  1.2800166E+04  1.9979681E+04  2.7713102E+04
  3.5875700E+04  4.4341797E+04  5.2986223E+04  6.1685714E+04
  7.0320244E+04  7.8774271E+04  8.6937898E+04  9.4707935E+04
  1.0198885E+05  1.0869361E+05  1.1474439E+05  1.2007320E+05
  1.2462233E+05  1.2834470E+05  1.3120408E+05  1.3317521E+05
  1.3424372E+05  1.3440602E+05  1.3366901E+05  1.3204974E+05
  1.2957488E+05  1.2628020E+05  1.2220990E+05  1.1741583E+05
  1.1195677E+05  1.0589749E+05  9.9307899E+04  9.2262066E+04
  8.4837282E+04  7.7113066E+04  6.9170186E+04  6.1089688E+04
  5.2951938E+04  4.4835705E+04  3.6817272E+04  2.8969602E+04
  2.1361563E+04  1.4057212E+04  7.1151582E+03  5.8800000E+02
 -5.4781513E+03 -1.1044061E+04 -1.6077669E+04 -2.0554294E+04
 -2.4456739E+04 -2.7775314E+04 -3.0507746E+04 -3.2659013E+04
 -3.4241083E+04 -3.5272564E+04 -3.5778280E+04 -3.5788771E+04
 -3.5339721E+04 -3.4471327E+04 -3.3227622E+04 -3.1655746E+04
 -2.9805183E+04 -2.7726976E+04 -2.5472924E+04 -2.3094777E+04
 -2.0643427E+04  0.0000000E+00
  1.5095016E+03 -9.0000000E+00 -1.1750769E+03 -2.0101140E+03
 -2.5408427E+03 -2.7988113E+03 -2.8197974E+03 -2.6431545E+03
 -2.3111011E+03 -1.8679599E+03 -1.3593563E+03 -8.3138604E+02
 -3.2976187E+02  1.0105074E+02 -6.0540682E+01 -8.4067401E+03
 -1.7082408E+04 -2.5918518E+04 -3.4752872E+04 -4.3431523E+04
 -5.1810069E+04 -5.9754795E+04 -6.7143668E+04 -7.3867172E+04
 -7.9828981E+04 -8.4946481E+04 -8.9151121E+04 -9.2388615E+04
 -9.4618985E+04 -9.5816451E+04 -9.5969181E+04 -9.5078899E+04
 -9.3160373E+04 -9.0240766E+04 -8.6358898E+04 -8.1564388E+04
 -7.5916725E+04 -6.9484254E+04 -6.2343105E+04 -5.4576063E+04
 -4.6271412E+04 -3.7521751E+04 -2.8422789E+04 -1.9072163E+04
 -9.5682457E+03 -9.0000000E+00  9.5091418E+03  1.8892344E+04
  2.8050378E+04  3.6897561E+04  4.5353622E+04  5.3344484E+04
  6.0802950E+04  6.7669302E+04  7.3891791E+04  7.9427030E+04
  8.4240282E+04  8.8305634E+04  9.1606075E+04  9.4133464E+04
  9.5888393E+04  9.6879959E+04  9.7125436E+04  9.6649860E+04
  9.5485527E+04  9.3671427E+04  9.1252596E+04  8.8279419E+04
  8.4806878E+04  8.0893763E+04  7.6601846E+04  7.1995040E+04
  6.7138545E+04  6.2097994E+04  5.6938606E+04  5.1724362E+04
  4.6517208E+04  4.1376297E+04  3.6357280E+04  3.1511652E+04
  2.6886155E+04  2.2522261E+04  1.8455727E+04  1.4716226E+04
  1.1327071E+04  8.3050270E+03  5.6602070E+03  3.3960692E+03
  1.5095016E+03  0.0000000E+00
