 n_t
           1
 PF(i),i=1,npf
  0.0000000E+000  2.3168300E+004  2.2244200E+004  2.2140600E+004  2.2296300E+004  2.3254700E+004  1.0062300E+004  1.2555600E+003  2.2553400E+001  5.3008800E+002 -1.7449100E+002  9.6418900E+003  0.0000000E+000  0.0000000E+000  0.0000000E+000  0.0000000E+000
  2.0000000E+000  2.3165123E+004  2.2241279E+004  2.2135006E+004  2.2293035E+004  2.3250527E+004  1.0055495E+004  1.2559030E+003  2.2589674E+001  5.3010786E+002 -1.7419314E+002  9.6380261E+003  1.0402322E-009  3.8651462E-005  6.7190662E-020  5.6846883E-004
  4.0000000E+000  2.3162837E+004  2.2239008E+004  2.2130072E+004  2.2290829E+004  2.3245473E+004  1.0048277E+004  1.2557572E+003  2.2486750E+001  5.2994202E+002 -1.7415357E+002  9.6340145E+003  6.7961215E-009  2.6917627E-004  5.5972538E-019  3.9077362E-003
  6.0000000E+000  2.3161442E+004  2.2237380E+004  2.2125798E+004  2.2289591E+004  2.3239901E+004  1.0040647E+004  1.2551245E+003  2.2245428E+001  5.2958996E+002 -1.7435207E+002  9.6298345E+003  2.0428018E-008  9.5195874E-004  1.8929544E-018  1.2543269E-002
  8.0000000E+000  2.3160562E+004  2.2236356E+004  2.2122106E+004  2.2289263E+004  2.3233984E+004  1.0032625E+004  1.2540063E+003  2.1860993E+001  5.2907057E+002 -1.7460667E+002  9.6255165E+003  4.2710586E-008  2.3648747E-003  4.4352727E-018  2.7328608E-002
  1.0000000E+001  2.3159893E+004  2.2235475E+004  2.2118565E+004  2.2289162E+004  2.3227940E+004  1.0024428E+004  1.2526637E+003  2.1434083E+001  5.2852275E+002 -1.7489738E+002  9.6211796E+003  7.4176489E-008  4.7790245E-003  8.5590810E-018  4.8123597E-002
  1.2000000E+001  2.3159320E+004  2.2234670E+004  2.2115107E+004  2.2289182E+004  2.3221836E+004  1.0016201E+004  1.2512677E+003  2.0999834E+001  5.2796284E+002 -1.7520387E+002  9.6168421E+003  1.1480520E-007  8.4338175E-003  1.4599908E-017  7.4412203E-002
  1.4000000E+001  2.3158801E+004  2.2233905E+004  2.2111695E+004  2.2289266E+004  2.3215704E+004  1.0007970E+004  1.2498485E+003  2.0567078E+001  5.2740147E+002 -1.7551543E+002  9.6125130E+003  1.6399654E-007  1.3527818E-002  2.2846389E-017  1.0565913E-001
  1.6000000E+001  2.3158311E+004  2.2233163E+004  2.2108311E+004  2.2289386E+004  2.3209561E+004  9.9997470E+003  1.2484212E+003  2.0140287E+001  5.2684405E+002 -1.7582667E+002  9.6081966E+003  2.2094509E-007  2.0219723E-002  3.3530383E-017  1.4137326E-001
  1.8000000E+001  2.3157839E+004  2.2232432E+004  2.2104945E+004  2.2289527E+004  2.3203415E+004  9.9915394E+003  1.2469935E+003  1.9721701E+001  5.2629333E+002 -1.7613491E+002  9.6038950E+003  2.8484943E-007  2.8631883E-002  4.6830889E-017  1.8112484E-001
  2.0000000E+001  2.3157379E+004  2.2231709E+004  2.2101591E+004  2.2289680E+004  2.3197271E+004  9.9833495E+003  1.2455693E+003  1.9312415E+001  5.2575065E+002 -1.7643884E+002  9.5996087E+003  3.5494342E-007  3.8854542E-002  6.2879604E-017  2.2454367E-001
  2.2000000E+001  2.3156926E+004  2.2230991E+004  2.2098249E+004  2.2289843E+004  2.3191129E+004  9.9751785E+003  1.2441502E+003  1.8912940E+001  5.2521667E+002 -1.7673787E+002  9.5953378E+003  4.3050991E-007  5.0950112E-002  8.1766937E-017  2.7131093E-001
  2.4000000E+001  2.3156480E+004  2.2230276E+004  2.2094914E+004  2.2290013E+004  2.3184992E+004  9.9670267E+003  1.2427370E+003  1.8523493E+001  5.2469170E+002 -1.7703176E+002  9.5910822E+003  5.1088555E-007  6.4957176E-002  1.0354782E-016  3.2114985E-001
  2.6000000E+001  2.3156039E+004  2.2229564E+004  2.2091588E+004  2.2290188E+004  2.3178859E+004  9.9588940E+003  1.2413301E+003  1.8144138E+001  5.2417584E+002 -1.7732046E+002  9.5868416E+003  5.9546111E-007  8.0894093E-002  1.2824702E-016  3.7381744E-001
  2.8000000E+001  2.3155601E+004  2.2228854E+004  2.2088269E+004  2.2290368E+004  2.3172730E+004  9.9507802E+003  1.2399295E+003  1.7774866E+001  5.2366913E+002 -1.7760400E+002  9.5826155E+003  6.8367963E-007  9.8762193E-002  1.5586391E-016  4.2909774E-001
  3.0000000E+001  2.3155168E+004  2.2228146E+004  2.2084958E+004  2.2290553E+004  2.3166604E+004  9.9426849E+003  1.2385350E+003  1.7415634E+001  5.2317154E+002 -1.7788245E+002  9.5784035E+003  7.7503356E-007  1.1854856E-001  1.8637662E-016  4.8679663E-001
  3.2000000E+001  2.3154737E+004  2.2227440E+004  2.2081653E+004  2.2290742E+004  2.3160483E+004  9.9346076E+003  1.2371465E+003  1.7066380E+001  5.2268304E+002 -1.7815591E+002  9.5742054E+003  8.6906152E-007  1.4022848E-001  2.1974568E-016  5.4673790E-001
  3.4000000E+001  2.3154310E+004  2.2226736E+004  2.2078355E+004  2.2290935E+004  2.3154365E+004  9.9265481E+003  1.2357638E+003  1.6727038E+001  5.2220356E+002 -1.7842446E+002  9.5700207E+003  9.6534490E-007  1.6376749E-001  2.5591715E-016  6.0876024E-001
  3.6000000E+001  2.3153886E+004  2.2226033E+004  2.2075063E+004  2.2291132E+004  2.3148250E+004  9.9185059E+003  1.2343868E+003  1.6397539E+001  5.2173307E+002 -1.7868821E+002  9.5658491E+003  1.0635046E-006  1.8912324E-001  2.9482535E-016  6.7271509E-001
  3.8000000E+001  2.3153464E+004  2.2225333E+004  2.2071778E+004  2.2291333E+004  2.3142138E+004  9.9104808E+003  1.2330153E+003  1.6077817E+001  5.2127150E+002 -1.7894725E+002  9.5616902E+003  1.1631978E-006  2.1624701E-001  3.3639519E-016  7.3846495E-001
  4.0000000E+001  2.3153044E+004  2.2224634E+004  2.2068499E+004  2.2291538E+004  2.3136029E+004  9.9024723E+003  1.2316490E+003  1.5767807E+001  5.2081880E+002 -1.7920168E+002  9.5575438E+003  1.2641152E-006  2.4508505E-001  3.8054417E-016  8.0588206E-001
  4.2000000E+001  2.3152626E+004  2.2223937E+004  2.2065226E+004  2.2291746E+004  2.3129923E+004  9.8944801E+003  1.2302878E+003  1.5467448E+001  5.2037493E+002 -1.7945156E+002  9.5534096E+003  1.3659779E-006  2.7557975E-001  4.2718409E-016  8.7484737E-001
  4.4000000E+001  2.3152211E+004  2.2223242E+004  2.2061960E+004  2.2291957E+004  2.3123819E+004  9.8865040E+003  1.2289316E+003  1.5176680E+001  5.1993982E+002 -1.7969700E+002  9.5492872E+003  1.4685350E-006  3.0767056E-001  4.7622249E-016  9.4524978E-001
  4.6000000E+001  2.3151797E+004  2.2222549E+004  2.2058699E+004  2.2292173E+004  2.3117717E+004  9.8785436E+003  1.2275803E+003  1.4895448E+001  5.1951344E+002 -1.7993806E+002  9.5451766E+003  1.5715613E-006  3.4129489E-001  5.2756394E-016  1.0169854E+000
  4.8000000E+001  2.3151385E+004  2.2221857E+004  2.2055444E+004  2.2292391E+004  2.3111617E+004  9.8705987E+003  1.2262336E+003  1.4623699E+001  5.1909574E+002 -1.8017481E+002  9.5410773E+003  1.6748548E-006  3.7638875E-001  5.8111107E-016  1.0899569E+000
  5.0000000E+001  2.3150975E+004  2.2221167E+004  2.2052195E+004  2.2292613E+004  2.3105519E+004  9.8626691E+003  1.2248914E+003  1.4361381E+001  5.1868668E+002 -1.8040734E+002  9.5369892E+003  1.7782349E-006  4.1288741E-001  6.3676545E-016  1.1640732E+000
