 shot #   =      94780 time(ms) =       3000 chi**2   =   .803E+01              
 vol(cm3) =   .198E+08 rout(cm) =    164.400 zout(cm) =      4.078              
 a(cm)    =     62.800 lin(cm)  =       .025 lout(cm) =      8.200              
                      F-coils currents (Amp/turn)                               
   -.868395E+03   -.868393E+03   -.517048E+02    .950339E+03                    
    .667455E+03   -.231143E+04   -.202680E+04    .804592E+03                    
   -.438076E+03   -.105383E+04   -.649734E+03   -.743081E+02                    
    .857217E+03    .703596E+03   -.225090E+04   -.202226E+04                    
    .761916E+03   -.417674E+03                                                  
                      plasma currents  normalization =     .161666E+04          
    .100000E+01   -.147226E+01    .195182E+00   -.287362E+00                    
                      E-coils currents                                          
    .130548E+05    .132265E+05    .130507E+05    .130327E+05                    
                calculated psi-loops signals ssiref(vs/rad) =   .00000E+00      
    .127574E+00    .127495E+00    .140060E+00    .155336E+00                    
    .158322E+00    .289582E-03    .339331E-02    .157832E+00                    
    .101338E+00    .125480E+00    .129077E+00    .138551E+00                    
    .152803E+00    .157464E+00    .886752E-03    .841013E-03                    
    .155958E+00    .100634E+00    .133736E+00    .133234E+00                    
    .136786E+00    .149294E+00    .154702E+00    .157065E+00                    
    .105166E+00    .244611E-01    .320140E-01   -.962767E-02                    
    .235207E-01    .132785E+00    .136601E+00    .146777E+00                    
    .152930E+00    .155465E+00    .884667E-01    .223600E-01                    
    .318180E-01   -.101261E-01    .237495E-01    .140899E+00                    
    .118256E+00                                                                 
              calculated total plasma current                                   
                    .614392E+06                                                 
                measured total plasma current                                   
                    .618799E+06                                                 
 iteration summary:                                                             
  i      error         psibry        psimag        volume        rmaxis        zmaxis      emaxis        qmaxis        chisqr                                                                           
   1   .20719E+01   .15453E+00   .29859E+00   .19608E+08   .17015E+03   .14069E+01   .14368E+01   .26002E+01   .51097E+02                                                                               
   2   .23485E+00   .15397E+00   .34100E+00   .19680E+08   .17354E+03   .13721E+01   .13475E+01   .14339E+01   .10359E+02                                                                               
   3   .49067E-01   .15377E+00   .33457E+00   .19740E+08   .17513E+03   .13496E+01   .13023E+01   .14345E+01   .82329E+01                                                                               
   4   .18973E-01   .15370E+00   .33143E+00   .19771E+08   .17551E+03   .13394E+01   .12834E+01   .14731E+01   .80436E+01                                                                               
   5   .45840E-02   .15368E+00   .33069E+00   .19776E+08   .17563E+03   .13341E+01   .12774E+01   .14836E+01   .80326E+01                                                                               
   6   .14127E-02   .15367E+00   .33046E+00   .19782E+08   .17566E+03   .13310E+01   .12756E+01   .14873E+01   .80322E+01                                                                               
   7   .38247E-03   .15367E+00   .33039E+00   .19782E+08   .17567E+03   .13293E+01   .12750E+01   .14883E+01   .80312E+01                                                                               
                                                                                                                                                                                                        
