
  time =   .30000E+04  chisq =   .51097E+02  current =   .61880E+06
          chi psi loops:
   .18388E-01    .75520E-01    .87369E-02    .21707E-02    .16946E-02    .74005E-03    .00000E+00    .12641E-02 
   .10924E-01    .72711E-01    .16067E-01    .52376E-04    .17069E+00    .29541E+00    .24727E-02    .13614E+00 
   .19921E-01    .59214E-03    .74409E-01    .57299E-01    .10361E+00    .16375E-01    .61696E-01    .10556E-01 
   .19702E-01    .37127E-01    .28890E-01    .17956E-02    .26786E-02    .69389E-01    .28488E-04    .12725E-02 
   .52296E+00    .20969E+00    .17744E-01    .64313E-01    .33124E-02    .35285E-01    .43939E-01    .20960E-02 
   .64124E-01  
          chi inner magnetic probes:
   .79459E+00    .00000E+00    .00000E+00    .12386E-02    .18269E-01    .00000E+00    .00000E+00    .00000E+00 
   .00000E+00    .57231E+00    .00000E+00    .84144E-01    .50682E+00    .00000E+00    .59301E+01    .00000E+00 
   .61640E+00    .00000E+00    .15870E+00    .00000E+00    .25050E+00    .00000E+00    .00000E+00    .16671E-01 
   .68978E-01    .56035E-02    .20281E+00    .85571E+00    .32027E+01    .40099E-01    .41181E+00    .72328E+00 
   .68355E+00    .79872E+00    .18042E+01    .30294E+00    .16551E+00    .36755E+00    .29164E+01    .74887E+01 
   .48776E+01    .12775E+01    .65845E-02    .26070E+00    .75153E+00    .22928E+00    .48407E-01    .77511E+00 
   .31917E+00    .56984E+00    .23165E+00    .27506E+00    .14598E+01    .10005E+01    .19657E+01    .30483E+01 
   .33520E+00    .16260E+00    .61754E+00    .12115E+00    .20470E-01    .29250E-01    .34322E-01    .28528E-04 
   .10873E+01    .00000E+00    .33181E-01    .28935E+00  
          chi ip:
                 .10201E-09
          chi F-coils:          
 
   .00000E+00    .00000E+00    .00000E+00    .00000E+00    .00000E+00    .00000E+00    .00000E+00    .00000E+00 
   .00000E+00    .00000E+00    .00000E+00    .00000E+00    .00000E+00    .00000E+00    .00000E+00    .00000E+00 
   .00000E+00    .00000E+00  
          chi psiref:
                 .00000E+00
          chi E-coils:          
 
   .00000E+00    .00000E+00    .00000E+00    .00000E+00    .00000E+00    .00000E+00  

  time =   .30000E+04  chipr =   .00000E+00  current =   .61433E+06
  it =     1 condn =  1.4336E+04 chisq =  1.0359E+01 chigam =   .0000E+00
          fitting parameters:      22
  -.50457E+05   -.50051E+05   -.34304E+04    .55407E+05    .38795E+05   -.12697E+06   -.11172E+06    .46894E+05 
  -.24387E+05   -.60610E+05   -.38176E+05   -.42504E+04    .49788E+05    .40844E+05   -.12379E+06   -.11129E+06 
   .44177E+05   -.23357E+05    .17748E+04   -.25425E+04    .29266E+03   -.24994E+04  
   .26659E+01    .32420E+00    .66137E-02    .14167E-02    .13156E-02    .86042E-03    .72524E-03    .68765E-03 
   .64125E-03    .58202E-03    .53438E-03    .46194E-03    .44473E-03    .39007E-03    .37468E-03    .34380E-03 
   .31382E-03    .25614E-03    .23643E-03    .21245E-03    .20031E-03    .18596E-03  

  time =   .30000E+04  chipr =   .00000E+00  current =   .61433E+06
  it =     2 condn =  4.8976E+03 chisq =  8.2329E+00 chigam =   .0000E+00
          fitting parameters:      22
  -.50401E+05   -.50240E+05   -.31364E+04    .55214E+05    .38761E+05   -.12711E+06   -.11156E+06    .46740E+05 
  -.24170E+05   -.60950E+05   -.37848E+05   -.42790E+04    .49738E+05    .40830E+05   -.12382E+06   -.11125E+06 
   .44188E+05   -.23079E+05    .18322E+04   -.28126E+04   -.77625E+02    .14749E+03  
   .91198E+00    .37571E+00    .21699E-02    .13648E-02    .11841E-02    .92662E-03    .69786E-03    .64658E-03 
   .60590E-03    .58016E-03    .52247E-03    .46172E-03    .44455E-03    .38978E-03    .37464E-03    .34363E-03 
   .31398E-03    .25612E-03    .23644E-03    .21244E-03    .20028E-03    .18621E-03  

  time =   .30000E+04  chipr =   .00000E+00  current =   .61437E+06
  it =     3 condn =  6.6818E+04 chisq =  8.0436E+00 chigam =   .0000E+00
          fitting parameters:      22
  -.50370E+05   -.50333E+05   -.30394E+04    .55149E+05    .38727E+05   -.12712E+06   -.11150E+06    .46689E+05 
  -.24118E+05   -.61076E+05   -.37730E+05   -.43033E+04    .49724E+05    .40813E+05   -.12380E+06   -.11123E+06 
   .44191E+05   -.23006E+05    .16542E+04   -.24376E+04    .27598E+03   -.42523E+03  
   .12437E+02    .37524E+00    .20749E-02    .17689E-02    .13629E-02    .92180E-03    .70740E-03    .67512E-03 
   .64500E-03    .58226E-03    .53213E-03    .46193E-03    .44462E-03    .39010E-03    .37471E-03    .34375E-03 
   .31394E-03    .25613E-03    .23641E-03    .21245E-03    .20029E-03    .18614E-03  

  time =   .30000E+04  chipr =   .00000E+00  current =   .61439E+06
  it =     4 condn =  2.2835E+04 chisq =  8.0326E+00 chigam =   .0000E+00
          fitting parameters:      22
  -.50381E+05   -.50340E+05   -.30135E+04    .55127E+05    .38716E+05   -.12713E+06   -.11148E+06    .46672E+05 
  -.24101E+05   -.61109E+05   -.37697E+05   -.43087E+04    .49720E+05    .40809E+05   -.12380E+06   -.11123E+06 
   .44191E+05   -.22981E+05    .16284E+04   -.24008E+04    .30205E+03   -.44558E+03  
   .42502E+01    .40121E+00    .23773E-02    .17232E-02    .13610E-02    .91254E-03    .71113E-03    .67981E-03 
   .64401E-03    .58230E-03    .53252E-03    .46192E-03    .44465E-03    .39013E-03    .37471E-03    .34376E-03 
   .31395E-03    .25613E-03    .23643E-03    .21246E-03    .20030E-03    .18613E-03  

  time =   .30000E+04  chipr =   .00000E+00  current =   .61439E+06
  it =     5 condn =  2.1851E+04 chisq =  8.0322E+00 chigam =   .0000E+00
          fitting parameters:      22
  -.50375E+05   -.50348E+05   -.30048E+04    .55121E+05    .38713E+05   -.12713E+06   -.11148E+06    .46667E+05 
  -.24096E+05   -.61117E+05   -.37688E+05   -.43082E+04    .49719E+05    .40807E+05   -.12380E+06   -.11122E+06 
   .44193E+05   -.22974E+05    .16192E+04   -.23840E+04    .31258E+03   -.46023E+03  
   .40670E+01    .40254E+00    .24311E-02    .17087E-02    .13607E-02    .91110E-03    .71155E-03    .68019E-03 
   .64386E-03    .58232E-03    .53253E-03    .46192E-03    .44464E-03    .39013E-03    .37472E-03    .34376E-03 
   .31393E-03    .25614E-03    .23643E-03    .21246E-03    .20030E-03    .18613E-03  

  time =   .30000E+04  chipr =   .00000E+00  current =   .61439E+06
  it =     6 condn =  2.1167E+04 chisq =  8.0312E+00 chigam =   .0000E+00
          fitting parameters:      22
  -.50367E+05   -.50367E+05   -.29989E+04    .55120E+05    .38712E+05   -.12713E+06   -.11147E+06    .46666E+05 
  -.24094E+05   -.61122E+05   -.37685E+05   -.43099E+04    .49719E+05    .40809E+05   -.12380E+06   -.11122E+06 
   .44191E+05   -.22972E+05    .16167E+04   -.23802E+04    .31554E+03   -.46457E+03  
   .39392E+01    .40321E+00    .24511E-02    .17052E-02    .13606E-02    .91075E-03    .71171E-03    .68034E-03 
   .64381E-03    .58230E-03    .53255E-03    .46192E-03    .44465E-03    .39013E-03    .37471E-03    .34376E-03 
   .31393E-03    .25613E-03    .23640E-03    .21246E-03    .20030E-03    .18610E-03  

  time =   .30000E+04  chisq =   .80313E+01  current =   .61439E+06
          chi psi loops:
   .14245E+00    .24955E-01    .84621E-04    .29967E-01    .18566E-02    .65937E-01    .00000E+00    .14897E-02 
   .48717E-03    .49868E-01    .34911E-01    .95212E-03    .89604E-02    .67935E+00    .70127E-02    .10873E+00 
   .12519E+00    .11234E-02    .14049E+00    .11299E+00    .21504E+00    .19842E-01    .38063E-01    .11313E-01 
   .79460E-02    .11994E-01    .86745E-02    .62674E-01    .44067E-01    .13932E+00    .21722E-03    .49741E-01 
   .64211E+00    .67503E-01    .75323E-01    .85369E-01    .76249E-01    .30581E+00    .34442E-01    .15609E-02 
   .39757E-01  
          chi inner magnetic probes:
   .94949E-01    .00000E+00    .00000E+00    .28951E-01    .50340E-01    .00000E+00    .00000E+00    .00000E+00 
   .00000E+00    .16256E-01    .00000E+00    .18779E+00    .12410E+00    .00000E+00    .46185E-02    .00000E+00 
   .52011E-01    .00000E+00    .18332E-01    .00000E+00    .25546E-02    .00000E+00    .00000E+00    .15388E+00 
   .85026E-01    .23928E+00    .22512E+00    .37147E-01    .78409E-04    .80945E-03    .12490E+00    .11749E+00 
   .13706E+00    .13337E+00    .25065E+00    .67140E-01    .61431E-01    .22398E+00    .37639E-02    .70524E-01 
   .19748E+00    .45152E-05    .24955E-02    .35106E-01    .23315E-01    .19342E-01    .12715E+00    .16093E+00 
   .52596E-02    .67635E-01    .36881E-01    .56029E-02    .32799E-01    .29744E-02    .32964E-01    .19393E+00 
   .75546E-02    .29215E-01    .15231E+00    .31596E-01    .79625E-01    .49971E-02    .45249E-01    .47657E+00 
   .18595E+00    .00000E+00    .43694E-02    .28273E-01  
          chi ip:
                 .56345E-01
          chi F-coils:          
 
   .00000E+00    .00000E+00    .00000E+00    .00000E+00    .00000E+00    .00000E+00    .00000E+00    .00000E+00 
   .00000E+00    .00000E+00    .00000E+00    .00000E+00    .00000E+00    .00000E+00    .00000E+00    .00000E+00 
   .00000E+00    .00000E+00  
          chi psiref:
                 .00000E+00
          chi E-coils:          
 
   .00000E+00    .00000E+00    .00000E+00    .00000E+00    .00000E+00    .00000E+00  
 614392.3 612097.2 20022.3 17142.17 2.59688E-02 7.96863 .9344091
 1

      ******************** EFITD 33x65 output ********************

       data used:   
 40 flux loops
 54 magnetic probes(i)
  1 full rogowski
  0 diamagnetic loop
 

 shot #   =      94780 time(ms) =       3000 chi**2   =   .803E+01
 betat(%) =       .590 betap    =      1.104 li       =      1.354
 vol(cm3) =   .198E+08 rout(cm) =    164.400 zout(cm) =      4.078
 elong    =      1.686 utriang  =       .688 ltriang  =       .519
 a(cm)    =     62.800 lin(cm)  =       .025 lout(cm) =      8.200
 ltop(cm) =     19.404 q*       =     13.700 rc(cm)   =    171.819
 zc(cm)   =      1.507 bt0(t)   =     -1.877 qout     =     19.067
 lins(cm) =    101.462 louts(cm)=   -227.291 ltops(cm)=    -50.000
 beta*(%) =       .972


 betat, betat-btvac, beta-total, beta-btvac2, beta-btv :
 betat0 :
     .5896E+00       .5385E+00       .5135E+00       .5169E+00       .5168E+00  
     .3039E+01  


 betatm, betat-vbtvac2, beta-vbtor2, beta-vbtot2:
     .6732E+00       .6630E+00       .6622E+00       .6573E+00  


                      F-coils currents (Amp/turn)
   -.868395E+03   -.868393E+03   -.517048E+02    .950339E+03
    .667455E+03   -.231143E+04   -.202680E+04    .804592E+03
   -.438076E+03   -.105383E+04   -.649734E+03   -.743081E+02
    .857217E+03    .703596E+03   -.225090E+04   -.202226E+04
    .761916E+03   -.417674E+03


                      F-coils currents (Amp)
   -.503669E+05   -.503668E+05   -.299888E+04    .551197E+05
    .387124E+05   -.127129E+06   -.111474E+06    .466663E+05
   -.240942E+05   -.611223E+05   -.376846E+05   -.430987E+04
    .497186E+05    .408086E+05   -.123799E+06   -.111224E+06
    .441911E+05   -.229721E+05
   sumif(amp) =   .684E+05 sumift(amp) =  -.452E+06 sumifs(amp) =   .688E+05


                      F-coils resistance(Ohms)
   -.100000E+01   -.100000E+01   -.100000E+01   -.100000E+01
   -.100000E+01   -.100000E+01   -.100000E+01   -.100000E+01
   -.100000E+01   -.100000E+01   -.100000E+01   -.100000E+01
   -.100000E+01   -.100000E+01   -.100000E+01   -.100000E+01
   -.100000E+01   -.100000E+01


                      plasma currents  normalization =     .161666E+04
    .100000E+01   -.147226E+01    .195182E+00   -.287362E+00


                      plasma coeffics  normalization =     .265625E-02
    .608627E+06   -.896057E+06    .118793E+06   -.174896E+06


                      E-coils currents
    .130548E+05    .132265E+05    .130507E+05    .130327E+05
    .133473E+05    .130319E+05


                      E-coils resistance(Ohms)
   -.100000E+01   -.100000E+01   -.100000E+01   -.100000E+01
   -.100000E+01   -.100000E+01


                calculated psi-loops signals ssiref(vs/rad) =   .12757E+00
    .000000E+00   -.793338E-04    .124851E-01    .277613E-01
    .307471E-01   -.127285E+00   -.124181E+00    .302578E-01
   -.262360E-01   -.209473E-02    .150275E-02    .109764E-01
    .252285E-01    .298896E-01   -.126688E+00   -.126733E+00
    .283833E-01   -.269404E-01    .616147E-02    .566000E-02
    .921197E-02    .217200E-01    .271271E-01    .294903E-01
   -.224089E-01   -.103113E+00   -.955605E-01   -.137202E+00
   -.104054E+00    .521074E-02    .902626E-02    .192022E-01
    .253555E-01    .278906E-01   -.391078E-01   -.105214E+00
   -.957565E-01   -.137701E+00   -.103825E+00    .133240E-01
   -.931853E-02


                calculated psi-loops signals ssiref(vs/rad) =   .00000E+00
    .127574E+00    .127495E+00    .140060E+00    .155336E+00
    .158322E+00    .289582E-03    .339331E-02    .157832E+00
    .101338E+00    .125480E+00    .129077E+00    .138551E+00
    .152803E+00    .157464E+00    .886752E-03    .841013E-03
    .155958E+00    .100634E+00    .133736E+00    .133234E+00
    .136786E+00    .149294E+00    .154702E+00    .157065E+00
    .105166E+00    .244611E-01    .320140E-01   -.962767E-02
    .235207E-01    .132785E+00    .136601E+00    .146777E+00
    .152930E+00    .155465E+00    .884667E-01    .223600E-01
    .318180E-01   -.101261E-01    .237495E-01    .140899E+00
    .118256E+00


    calculated magnetic probes(i) signals ipmp2(A) =   .61060E+06   .61004E+06
    .223502E+00    .215192E+00    .170018E+00    .659372E-01
   -.525119E-02   -.130135E-01   -.142812E-01    .267552E-01
    .691965E-01    .106131E+00    .152733E+00    .142987E+00
    .185330E+00    .191130E+00    .164271E+00    .219616E+00
    .151804E+00    .650359E-01   -.461956E-02   -.187979E-01
   -.162614E-01    .145346E-01    .368391E-01    .687174E-01
    .121646E+00    .148233E+00    .141176E+00    .183473E+00
    .185173E+00   -.170366E-01    .555190E-02    .330997E-01
    .694650E-01    .809752E-01    .112206E+00    .152522E+00
    .143486E+00    .186684E+00    .190862E+00    .163835E+00
    .186117E+00    .183042E+00    .141832E+00    .148377E+00
    .119848E+00    .687253E-01    .366523E-01    .169187E-01
   -.153833E-01   -.182773E-01   -.499769E-02    .661670E-01
    .153644E+00    .219632E+00    .223542E+00    .215259E+00
    .169101E+00    .706341E-01   -.680481E-02   -.146642E-01
    .563346E-01    .653977E-01    .592728E-01    .488607E-01
   -.192813E-01   -.123179E-01   -.687640E-01   -.908044E-01


              calculated total plasma current 
                    .614392E+06


              calculated diamagnetic flux(vs) 
                   -.753256E-03
     bpdia =   .111E+01     delbp =   .145E-01 app bpdia =   .111E+01


                  measured psi-loops signals psiref(vs/rad) =   .00000E+00
    .127197E+00    .127211E+00    .140043E+00    .155030E+00
    .158246E+00   -.695631E-03    .194899E+00    .157763E+00
    .101378E+00    .125079E+00    .128750E+00    .138493E+00
    .152636E+00    .156000E+00    .568628E-03   -.421405E-03
    .155325E+00    .100574E+00    .134402E+00    .133836E+00
    .137640E+00    .149047E+00    .155045E+00    .156874E+00
    .105008E+00    .247975E-01    .317473E-01   -.860772E-02
    .228637E-01    .133449E+00    .136574E+00    .147179E+00
    .154375E+00    .155929E+00    .889606E-01    .232710E-01
    .326016E-01   -.788507E-02    .231703E-01    .140969E+00
    .117898E+00


              measured magnetic probes(i) signals
    .225588E+00    .213216E+00    .555134E-03    .667317E-01
   -.421161E-02    .000000E+00    .000000E+00   -.344080E-01
    .746096E-01    .105417E+00    .102987E-02    .145373E+00
    .183389E+00   -.219218E-01    .163936E+00    .154121E-02
    .152850E+00    .126753E-03   -.400592E-02    .000000E+00
   -.164892E-01    .109428E-02    .386964E-01    .708978E-01
    .123277E+00    .150934E+00    .143847E+00    .182408E+00
    .185222E+00   -.169220E-01    .375750E-02    .316889E-01
    .679341E-01    .790958E-01    .110045E+00    .153717E+00
    .142427E+00    .184071E+00    .190512E+00    .165151E+00
    .188632E+00    .183031E+00    .141620E+00    .149216E+00
    .119195E+00    .681334E-01    .381393E-01    .152527E-01
   -.156817E-01   -.193216E-01   -.419180E-02    .664759E-01
    .152814E+00    .219992E+00    .222331E+00    .212453E+00
    .169543E+00    .699165E-01   -.844784E-02   -.153997E-01
    .578258E-01    .646841E-01    .614138E-01    .524272E-01
   -.208030E-01   -.160632E-01   -.689360E-01   -.901914E-01


                measured total plasma current 
                    .618799E+06


                measured diamagnetic flux     
                   -.163865E-02


                measured loop voltage (V)     
                    .430026E+00


                measured F-coil currents(A)   
   -.487230E+05   -.543078E+05   -.396496E+04    .554783E+05
    .379581E+05   -.127366E+06   -.116300E+06    .473533E+05
   -.255484E+05   -.648710E+05   -.388918E+05   -.630026E+04
    .508952E+05    .367075E+05   -.124004E+06   -.115139E+06
    .458019E+05   -.248011E+05


                measured E-coil currents(A)   
    .130548E+05    .132265E+05    .130507E+05    .130327E+05
    .133473E+05    .130319E+05


                  chisqr diamagnetic flux  =    .000E+00


 iteration summary:
  i      error         psibry        psimag        volume        rmaxis        zmaxis      emaxis        qmaxis        chisqr   
   1   .20719E+01   .15453E+00   .29859E+00   .19608E+08   .17015E+03   .14069E+01   .14368E+01   .26002E+01   .51097E+02 
   2   .23485E+00   .15397E+00   .34100E+00   .19680E+08   .17354E+03   .13721E+01   .13475E+01   .14339E+01   .10359E+02 
   3   .49067E-01   .15377E+00   .33457E+00   .19740E+08   .17513E+03   .13496E+01   .13023E+01   .14345E+01   .82329E+01 
   4   .18973E-01   .15370E+00   .33143E+00   .19771E+08   .17551E+03   .13394E+01   .12834E+01   .14731E+01   .80436E+01 
   5   .45840E-02   .15368E+00   .33069E+00   .19776E+08   .17563E+03   .13341E+01   .12774E+01   .14836E+01   .80326E+01 
   6   .14127E-02   .15367E+00   .33046E+00   .19782E+08   .17566E+03   .13310E+01   .12756E+01   .14873E+01   .80322E+01 
   7   .38247E-03   .15367E+00   .33039E+00   .19782E+08   .17567E+03   .13293E+01   .12750E+01   .14883E+01   .80312E+01 


  i      errave        current       cratio        iermax        jermax                                                         
   1    .95878E+00    .61380E+06    .95811E+03        17            33      
   2    .20126E-01    .61461E+06    .10000E+01        19            33      
   3    .62493E-02    .61491E+06    .10000E+01        15            33      
   4    .19784E-02    .61502E+06    .10000E+01        17            33      
   5    .50895E-03    .61505E+06    .10000E+01        17            33      
   6    .15460E-03    .61505E+06    .10000E+01        17            34      
   7    .46255E-04    .61506E+06    .10000E+01        17            34      


    plasma summary:
  i     pflux        vol(m3)      pprime      current     ffprime       pressure     fpol          q             rm     
   1   .00000E+00   .00000E+00   .60863E+06   .00000E+00   .14928E+00   .45322E+05  -.31860E+01   .14883E+01   .17567E+01 
   2   .31250E-01   .31113E+00   .58091E+06   .21739E+02   .14248E+00   .42038E+05  -.31858E+01   .15446E+01   .18394E+01 
   3   .62500E-01   .63621E+00   .55375E+06   .48137E+02   .13582E+00   .38904E+05  -.31856E+01   .15880E+01   .18731E+01 
   4   .93750E-01   .97028E+00   .52715E+06   .79594E+02   .12929E+00   .35920E+05  -.31853E+01   .16390E+01   .18989E+01 
   5   .12500E+00   .13127E+01   .50111E+06   .11668E+03   .12291E+00   .33080E+05  -.31851E+01   .16949E+01   .19208E+01 
   6   .15625E+00   .16648E+01   .47563E+06   .15994E+03   .11666E+00   .30383E+05  -.31849E+01   .17546E+01   .19402E+01 
   7   .18750E+00   .20069E+01   .45072E+06   .20985E+03   .11055E+00   .27825E+05  -.31847E+01   .18187E+01   .19579E+01 
   8   .21875E+00   .23790E+01   .42637E+06   .26677E+03   .10458E+00   .25403E+05  -.31845E+01   .18863E+01   .19742E+01 
   9   .25000E+00   .27623E+01   .40258E+06   .33083E+03   .98741E-01   .23114E+05  -.31843E+01   .19587E+01   .19896E+01 
  10   .28125E+00   .31597E+01   .37935E+06   .40195E+03   .93043E-01   .20955E+05  -.31842E+01   .20364E+01   .20042E+01 
  11   .31250E+00   .35689E+01   .35668E+06   .47965E+03   .87483E-01   .18923E+05  -.31840E+01   .21197E+01   .20181E+01 
  12   .34375E+00   .39899E+01   .33457E+06   .56301E+03   .82061E-01   .17014E+05  -.31839E+01   .22095E+01   .20315E+01 
  13   .37500E+00   .44251E+01   .31303E+06   .65058E+03   .76776E-01   .15226E+05  -.31837E+01   .23066E+01   .20445E+01 
  14   .40625E+00   .48760E+01   .29204E+06   .74031E+03   .71629E-01   .13555E+05  -.31836E+01   .24112E+01   .20571E+01 
  15   .43750E+00   .53431E+01   .27162E+06   .82951E+03   .66620E-01   .11998E+05  -.31835E+01   .25247E+01   .20694E+01 
  16   .46875E+00   .58259E+01   .25176E+06   .91490E+03   .61748E-01   .10553E+05  -.31834E+01   .26482E+01   .20814E+01 
  17   .50000E+00   .63270E+01   .23246E+06   .99269E+03   .57015E-01   .92161E+04  -.31833E+01   .27829E+01   .20932E+01 
  18   .53125E+00   .68479E+01   .21372E+06   .10588E+04   .52418E-01   .79841E+04  -.31832E+01   .29305E+01   .21048E+01 
  19   .56250E+00   .73908E+01   .19554E+06   .11090E+04   .47960E-01   .68540E+04  -.31831E+01   .30931E+01   .21162E+01 
  20   .59375E+00   .79565E+01   .17792E+06   .11395E+04   .43639E-01   .58227E+04  -.31830E+01   .32730E+01   .21275E+01 
  21   .62500E+00   .85461E+01   .16087E+06   .11470E+04   .39456E-01   .48872E+04  -.31829E+01   .34730E+01   .21387E+01 
  22   .65625E+00   .91638E+01   .14438E+06   .11295E+04   .35411E-01   .40443E+04  -.31829E+01   .36972E+01   .21498E+01 
  23   .68750E+00   .98123E+01   .12844E+06   .10862E+04   .31503E-01   .32910E+04  -.31828E+01   .39504E+01   .21609E+01 
  24   .71875E+00   .10494E+02   .11307E+06   .10181E+04   .27733E-01   .26241E+04  -.31828E+01   .42387E+01   .21719E+01 
  25   .75000E+00   .11214E+02   .98263E+05   .92752E+03   .24101E-01   .20405E+04  -.31827E+01   .45709E+01   .21828E+01 
  26   .78125E+00   .11977E+02   .84016E+05   .81864E+03   .20606E-01   .15372E+04  -.31827E+01   .49587E+01   .21938E+01 
  27   .81250E+00   .12788E+02   .70329E+05   .69660E+03   .17250E-01   .11110E+04  -.31826E+01   .54196E+01   .22048E+01 
  28   .84375E+00   .13659E+02   .57204E+05   .56729E+03   .14030E-01   .75880E+03  -.31826E+01   .59809E+01   .22158E+01 
  29   .87500E+00   .14599E+02   .44641E+05   .43672E+03   .10949E-01   .47757E+03  -.31826E+01   .66864E+01   .22269E+01 
  30   .90625E+00   .15629E+02   .32638E+05   .31055E+03   .80051E-02   .26418E+03  -.31826E+01   .76199E+01   .22380E+01 
  31   .93750E+00   .16774E+02   .21198E+05   .19361E+03   .51991E-02   .11552E+03  -.31826E+01   .89477E+01   .22492E+01 
  32   .96875E+00   .18093E+02   .10318E+05   .89503E+02   .25307E-02   .28492E+02  -.31826E+01   .11191E+02   .22605E+01 
  33   .10000E+01   .19782E+02   .00000E+00   .62880E+00   .00000E+00   .00000E+00  -.31826E+01   .19067E+02   .22719E+01 


  i      pflux       <j>                                                                                                
   1   .00000E+00   .11368E+07 
   2   .31250E-01   .10825E+07 
   3   .62500E-01   .10294E+07 
   4   .93750E-01   .97752E+06 
   5   .12500E+00   .92682E+06 
   6   .15625E+00   .87734E+06 
   7   .18750E+00   .82916E+06 
   8   .21875E+00   .78208E+06 
   9   .25000E+00   .73622E+06 
  10   .28125E+00   .69156E+06 
  11   .31250E+00   .64812E+06 
  12   .34375E+00   .60588E+06 
  13   .37500E+00   .56485E+06 
  14   .40625E+00   .52504E+06 
  15   .43750E+00   .48643E+06 
  16   .46875E+00   .44903E+06 
  17   .50000E+00   .41283E+06 
  18   .53125E+00   .37785E+06 
  19   .56250E+00   .34407E+06 
  20   .59375E+00   .31150E+06 
  21   .62500E+00   .28014E+06 
  22   .65625E+00   .24999E+06 
  23   .68750E+00   .22105E+06 
  24   .71875E+00   .19333E+06 
  25   .75000E+00   .16682E+06 
  26   .78125E+00   .14153E+06 
  27   .81250E+00   .11746E+06 
  28   .84375E+00   .94626E+05 
  29   .87500E+00   .73038E+05 
  30   .90625E+00   .52711E+05 
  31   .93750E+00   .33687E+05 
  32   .96875E+00   .16031E+05 
  33   .10000E+01   .00000E+00 
