   1  60
  1.371713E-01  2.071159E-01  8.308456E+01  7.823964E-01  7.395278E+02  2.038990E+01
  1.216294E+03  9.703257E-01  2.002147E-02  1.000235E+03  1.689938E+02  1.296734E+02
  1.524064E+01  3.077838E-02  2.414450E-02  9.837868E+01  9.498926E+00 -1.109442E+01
  3.066425E-01 -1.327534E+01  1.939415E-01 -1.390360E+00  5.138038E-01 -1.302682E+01
 -9.910662E-01  8.784457E+00  1.112237E+01 -1.997651E+01  1.774511E+01 -8.538283E+00
  1.866845E+01 -9.128402E+00  1.911185E+01 -7.835106E+00  1.911185E+01 -7.783759E+00
  1.866845E+01 -8.872085E+00  1.774511E+01 -7.901556E+00 -5.510979E+01 -6.175449E+00
 -4.215659E+01  2.023377E+00 -1.053850E+02 -4.070785E+00 -2.696484E-01 -6.693227E+00
 -8.705978E+00 -2.221862E+02 -1.515128E+02 -1.704131E+02 -1.497433E+02 -1.487620E+02
 -1.656281E+02 -1.402140E+02 -1.273340E+03  1.134802E+01  8.214973E+02  1.083000E+01
  1.004200E+03
