n_points
   446
-0.580000   624   576   422   374   360   394   374 
-0.578000   595   624   418   379   379   384   384 
-0.576000   624   634   418   389   365   374   394 
-0.574000   634   662   413   389   370   365   379 
-0.572000   547   634   413   389   360   350   370 
-0.570000   576   595   413   379   370   365   365 
-0.568000   566   586   413   360   384   384   365 
-0.566000   634   586   418   374   365   350   379 
-0.564000   595   634   413   389   370   365   384 
-0.562000   624   653   418   394   370   384   394 
-0.560000   566   624   422   389   355   394   389 
-0.558000   557   566   418   374   394   360   365 
-0.556000   595   566   413   379   437   394   360 
-0.554000   557   576   408   374   394   398   360 
-0.552000   566   586   408   389   360   370   379 
-0.550000   614   605   413   394   370   370   394 
-0.548000   557   614   418   389   355   346   394 
-0.546000   547   576   422   370   360   360   370 
-0.544000   557   566   413   360   379   384   355 
-0.542000   576   576   403   379   374   384   355 
-0.540000   576   566   403   389   370   355   370 
-0.538000   528   576   408   394   384   389   394 
-0.536000   538   576   422   389   365   408   403 
-0.534000   566   566   427   374   418   398   384 
-0.532000   528   566   413   365   374   365   355 
-0.530000   538   547   403   389   418   360   350 
-0.528000   547   518   403   384   360   355   365 
-0.526000   547   528   408   389   370   365   394 
-0.524000   557   528   418   379   398   384   398 
-0.522000   509   547   422   365   365   365   394 
-0.520000   509   576   418   365   360   370   360 
-0.518000   499   547   403   379   370   374   350 
-0.516000   499   509   398   389   394   370   365 
-0.514000   518   470   413   389   379   370   379 
-0.512000   528   499   418   379   360   403   394 
-0.510000   547   538   422   374   432   418   394 
-0.508000   509   557   413   374   370   398   374 
-0.506000   499   538   403   379   394   350   350 
-0.504000   509   509   398   389   370   370   360 
-0.502000   499   480   398   374   365   355   374 
-0.500000   518   490   408   370   394   384   384 
-0.498000   528   518   408   360   418   355   394 
-0.496000   547   538   403   379   370   360   379 
-0.494000   451   518   394   389   360   365   379 
-0.492000   480   470   389   389   398   360   374 
-0.490000   509   461   389   389   403   370   379 
-0.488000   470   480   394   374   442   384   384 
-0.486000   480   490   394   374   418   408   394 
-0.484000   499   509   398   384   374   389   394 
-0.482000   480   509   394   389   365   384   384 
-0.480000   480   490   394   389   331   384   374 
-0.478000   480   480   394   384   350   355   379 
-0.476000   480   480   398   365   374   370   374 
-0.474000   470   470   398   370   379   394   384 
-0.472000   442   480   398   389   394   365   384 
-0.470000   442   480   398   398   374   374   394 
-0.468000   470   480   403   394   360   384   394 
-0.466000   432   470   403   379   384   384   374 
-0.464000   442   461   398   379   442   384   370 
-0.462000   432   432   398   379   432   413   374 
-0.460000   442   442   398   394   370   384   384 
-0.458000   451   442   398   394   398   370   398 
-0.456000   470   461   408   389   374   389   398 
-0.454000   413   470   413   370   422   370   379 
-0.452000   451   470   403   370   437   379   370 
-0.450000   413   432   398   379   374   384   370 
-0.448000   413   394   403   398   379   365   379 
-0.446000   432   403   408   398   374   370   398 
-0.444000   461   442   422   389   360   384   408 
-0.442000   480   470   422   379   398   394   398 
-0.440000   394   442   413   384   437   384   374 
-0.438000   374   413   398   394   384   370   370 
-0.436000   394   394   398   394   432   370   379 
-0.434000   451   394   403   398   365   374   403 
-0.432000   422   413   418   389   427   389   408 
-0.430000   432   451   422   379   422   370   403 
-0.428000   394   432   422   389   360   374   384 
-0.426000   384   365   413   394   365   370   379 
-0.424000   413   365   413   403   374   350   394 
-0.422000   403   374   427   398   379   384   403 
-0.420000   403   403   437   394   365   398   422 
-0.418000   432   403   442   394   437   408   427 
-0.416000   422   413   442   394   374   389   413 
-0.414000   403   394   427   398   413   384   394 
-0.412000   403   384   418   408   394   360   394 
-0.410000   413   365   418   389   374   370   408 
-0.408000   432   365   427   389   413   384   413 
-0.406000   394   384   427   384   427   365   418 
-0.404000   394   374   422   394   355   355   408 
-0.402000   422   384   413   403   360   365   403 
-0.400000   403   384   413   403   389   370   398 
-0.398000   394   394   413   398   394   365   403 
-0.396000   413   365   422   389   442   408   403 
-0.394000   413   365   422   389   432   413   408 
-0.392000   432   374   418   389   398   389   408 
-0.390000   422   394   418   398   365   384   398 
-0.388000   403   394   418   394   355   365   398 
-0.386000   374   374   418   394   374   374   398 
-0.384000   355   355   422   379   432   394   398 
-0.382000   346   317   422   389   422   346   403 
-0.380000   365   317   422   398   403   365   408 
-0.378000   346   336   422   413   374   365   418 
-0.376000   346   365   427   403   365   374   418 
-0.374000   317   346   422   389   427   374   403 
-0.372000   355   317   422   389   422   374   398 
-0.370000   326   317   427   389   432   408   403 
-0.368000   355   317   422   403   374   384   408 
-0.366000   384   336   427   398   442   384   418 
-0.364000   355   355   432   394   370   398   418 
-0.362000   298   346   432   374   374   374   403 
-0.360000   298   307   422   379   427   384   394 
-0.358000   317   298   418   389   427   394   394 
-0.356000   346   298   418   403   374   370   403 
-0.354000   317   317   422   408   384   403   418 
-0.352000   307   317   437   398   394   427   432 
-0.350000   317   317   442   389   442   389   418 
-0.348000   317   317   437   379   422   384   398 
-0.346000   317   317   427   398   446   384   394 
-0.344000   326   298   427   398   374   403   403 
-0.342000   336   288   432   408   394   389   427 
-0.340000   307   288   442   394   427   408   437 
-0.338000   307   288   446   389   379   384   422 
-0.336000   317   298   442   394   374   384   403 
-0.334000   259   288   427   403   379   384   394 
-0.332000   240   288   427   418   432   394   403 
-0.330000   259   269   442   413   408   394   418 
-0.328000   307   269   446   398   408   437   437 
-0.326000   288   269   451   389   456   418   437 
-0.324000   269   278   446   394   422   384   422 
-0.322000   269   288   437   398   437   374   398 
-0.320000   269   278   432   413   374   360   408 
-0.318000   240   269   437   398   394   384   418 
-0.316000   230   250   446   408   446   408   432 
-0.314000   278   259   446   403   442   374   437 
-0.312000   298   259   442   408   370   374   418 
-0.310000   221   269   437   418   355   394   413 
-0.308000   192   259   437   413   418   384   418 
-0.306000   202   240   437   413   451   384   422 
-0.304000   230   240   442   403   442   418   422 
-0.302000   269   240   446   413   413   413   437 
-0.300000   250   250   446   422   437   389   437 
-0.298000   240   230   442   418   394   398   427 
-0.296000   182   221   442   403   394   379   418 
-0.294000   202   221   442   408   422   394   418 
-0.292000   221   221   442   398   427   403   418 
-0.290000   211   192   446   413   374   374   427 
-0.288000   202   202   446   427   418   398   432 
-0.286000   221   230   451   437   379   418   442 
-0.284000   221   211   451   418   427   408   437 
-0.282000   230   221   446   403   432   403   422 
-0.280000   173   221   442   413   446   398   418 
-0.278000   202   202   442   418   394   422   418 
-0.276000   221   173   442   427   394   389   432 
-0.274000   240   182   451   422   427   398   451 
-0.272000   221   202   456   403   418   374   442 
-0.270000   202   221   451   394   418   384   418 
-0.268000   182   221   437   403   418   398   403 
-0.266000   192   202   432   422   442   384   403 
-0.264000   173   173   437   432   394   384   422 
-0.262000   221   173   446   432   427   403   446 
-0.260000   240   211   456   418   427   413   451 
-0.258000   221   211   456   403   432   403   437 
-0.256000   163   221   442   413   437   394   403 
-0.254000   163   211   432   427   374   384   398 
-0.252000   182   192   432   418   432   384   418 
-0.250000   202   163   446   418   394   398   442 
-0.248000   250   192   451   408   446   422   446 
-0.246000   230   211   451   398   398   384   432 
-0.244000   192   221   442   413   394   384   408 
-0.242000   202   211   432   427   379   374   408 
-0.240000   202   202   432   432   437   384   418 
-0.238000   202   192   442   422   432   432   432 
-0.236000   202   192   451   418   413   432   442 
-0.234000   211   211   446   418   427   413   442 
-0.232000   230   202   442   418   370   403   418 
-0.230000   173   192   437   413   398   408   408 
-0.228000   182   202   437   418   418   394   413 
-0.226000   202   202   442   398   442   413   422 
-0.224000   202   173   442   403   384   374   432 
-0.222000   202   192   437   418   442   389   432 
-0.220000   211   211   437   432   427   389   427 
-0.218000   211   192   442   427   394   403   432 
-0.216000   163   192   437   413   427   408   418 
-0.214000   154   211   437   413   442   413   418 
-0.212000   202   211   442   408   394   403   418 
-0.210000   230   192   437   422   437   408   427 
-0.208000   240   192   437   432   384   394   437 
-0.206000   202   182   442   418   422   418   437 
-0.204000   163   192   442   394   427   394   418 
-0.202000   163   202   437   394   442   394   408 
-0.200000   202   202   427   408   408   394   408 
-0.198000   192   182   427   427   403   389   418 
-0.196000   221   182   432   437   384   398   437 
-0.194000   192   192   442   432   442   418   446 
-0.192000   192   182   446   413   427   413   437 
-0.190000   182   202   437   403   451   408   413 
-0.188000   173   211   427   422   418   389   403 
-0.186000   182   202   427   422   418   370   418 
-0.184000   202   173   432   432   394   398   437 
-0.182000   221   192   442   413   432   418   451 
-0.180000   202   192   442   394   432   384   432 
-0.178000   182   192   432   398   384   384   403 
-0.176000   192   211   422   413   360   360   398 
-0.174000   202   202   422   432   384   379   413 
-0.172000   202   192   432   432   432   427   432 
-0.170000   211   192   442   427   446   442   446 
-0.168000   221   202   442   418   451   427   446 
-0.166000   221   192   437   418   398   418   422 
-0.164000   192   182   422   418   394   413   403 
-0.162000   163   182   422   422   379   394   413 
-0.160000   173   192   432   403   432   413   427 
-0.158000   211   182   437   403   446   384   437 
-0.156000   202   202   437   408   446   384   437 
-0.154000   202   202   432   422   422   394   422 
-0.152000   202   192   427   432   394   394   422 
-0.150000   173   173   427   422   442   408   418 
-0.148000   163   202   427   427   432   418   422 
-0.146000   163   211   437   413   422   418   427 
-0.144000   221   192   432   427   437   427   437 
-0.142000   221   192   432   437   384   413   432 
-0.140000   173   182   427   427   379   379   432 
-0.138000   144   182   432   403   394   389   418 
-0.136000   163   182   432   394   437   403   413 
-0.134000   211   211   427   398   403   360   413 
-0.132000   192   182   427   422   394   379   422 
-0.130000   192   182   422   432   374   394   432 
-0.128000   221   182   432   442   432   418   442 
-0.126000   202   182   437   418   442   422   442 
-0.124000   211   192   432   408   451   427   418 
-0.122000   192   202   422   422   432   427   413 
-0.120000   202   192   427   422   446   398   418 
-0.118000   221   182   422   437   422   394   437 
-0.116000   202   192   427   432   442   389   451 
-0.114000   182   182   437   403   432   403   437 
-0.112000   192   192   432   394   384   403   408 
-0.110000   173   192   418   408   365   365   398 
-0.108000   144   202   413   427   384   374   408 
-0.106000   182   182   427   437   394   398   427 
-0.104000   211   192   427   432   422   442   446 
-0.102000   230   202   437   422   446   442   451 
-0.100000   240   192   432   413   403   403   432 
-0.098000   173   192   422   422   432   370   398 
-0.096000   154   182   418   432   427   384   408 
-0.094000   182   192   422   418   422   413   427 
-0.092000   173   182   432   413   442   398   446 
-0.090000   202   192   432   408   446   398   446 
-0.088000   192   202   432   418   370   408   427 
-0.086000   221   192   422   422   379   389   418 
-0.084000   192   173   422   427   398   413   418 
-0.082000   163   182   422   432   446   427   427 
-0.080000   182   202   432   422   432   427   437 
-0.078000   202   192   427   422   451   422   442 
-0.076000   211   202   427   437   427   408   437 
-0.074000   182   182   422   437   370   389   427 
-0.072000   163   182   427   422   384   408   418 
-0.070000   182   182   427   413   432   422   418 
-0.068000   221   192   427   403   451   398   422 
-0.066000   211   192   427   418   398   394   427 
-0.064000   211   192   422   432   437   413   432 
-0.062000   211   182   427   442   427   418   442 
-0.060000   202   192   432   422   442   413   442 
-0.058000   154   192   432   408   456   408   422 
-0.056000   173   192   422   418   451   389   418 
-0.054000   221   192   422   418   432   413   422 
-0.052000   211   182   422   442   437   394   437 
-0.050000   192   182   427   437   418   394   451 
-0.049000   192   192   427   437   418   394   451 
-0.048000   202   182   432   437   418   418   451 
-0.047000   202   173   432   418   422   413   442 
-0.046000   221   182   437   413   413   432   442 
-0.045000   221   192   432   403   432   389   418 
-0.044000   192   192   432   403   442   422   418 
-0.043000   163   202   422   403   442   394   403 
-0.042000   163   202   418   422   456   413   413 
-0.041000   163   202   418   422   394   403   408 
-0.040000   163   182   418   422   427   413   418 
-0.039000   163   173   422   437   394   398   427 
-0.038000   182   163   422   432   394   389   446 
-0.037000   211   182   422   437   398   413   451 
-0.036000   221   182   432   422   437   413   456 
-0.035000   230   192   437   427   446   427   456 
-0.034000   250   192   437   408   427   384   442 
-0.033000   221   202   437   408   432   413   437 
-0.032000   192   192   432   403   398   394   413 
-0.031000   173   202   427   413   432   413   408 
-0.030000   173   192   418   422   432   398   403 
-0.029000   173   182   413   437   394   403   408 
-0.028000   192   202   413   446   394   394   418 
-0.027000   202   173   418   422   422   389   427 
-0.026000   202   182   427   442   446   408   437 
-0.025000   192   173   427   427   437   413   451 
-0.024000   192   182   432   427   446   451   456 
-0.023000   182   192   432   418   442   437   451 
-0.022000   192   202   437   418   427   461   451 
-0.021000   202   192   432   422   408   408   432 
-0.020000   211   202   432   422   427   403   432 
-0.019000   211   211   422   422   408   394   418 
-0.018000   211   202   422   422   403   398   408 
-0.017000   192   182   418   427   403   384   418 
-0.016000   163   163   418   427   432   384   418 
-0.015000   173   173   418   437   446   403   427 
-0.014000   182   173   422   408   442   408   437 
-0.013000   202   182   427   422   456   437   442 
-0.012000   211   182   432   413   432   427   446 
-0.011000   221   192   432   418   418   442   451 
-0.010000   192   202   427   413   446   394   446 
-0.009000   192   202   432   422   442   418   446 
-0.008000   192   192   427   437   437   398   432 
-0.007000   202   202   427   442   394   413   432 
-0.006000   211   211   422   451   379   403   432 
-0.005000   192   211   422   432   394   389   422 
-0.004000   173   202   418   442   437   427   427 
-0.003000   163   192   422   432   442   413   427 
-0.002000   144   202   422   437   432   442   437 
-0.001000   144   202   422   422   437   427   437 
0.000000   192   192   427   422   427   442   442 
0.001000   192   173   427   427   446   384   442 
0.002000   211   173   432   437   442   413   451 
0.003000   221   182   427   437   446   389   446 
0.004000   221   202   432   442   451   394   456 
0.005000   278   230   432   451   427   398   451 
0.006000   374   269   432   446   432   413   446 
0.007000   442   307   437   446   442   427   456 
0.008000   451   317   437   427   442   394   437 
0.009000   413   317   437   422   442   422   442 
0.010000   422   326   437   413   422   418   432 
0.012000   470   336   437   418   446   427   432 
0.014000   442   365   432   413   427   422   432 
0.016000   480   365   427   437   427   427   442 
0.018000   499   413   427   442   437   432   456 
0.020000   528   470   437   437   427   398   446 
0.022000   557   490   437   418   442   413   432 
0.024000   518   470   427   413   446   418   418 
0.026000   547   470   418   432   437   374   413 
0.028000   518   442   418   437   427   398   422 
0.030000   528   470   422   437   403   422   451 
0.032000   566   490   432   427   442   446   461 
0.034000   528   528   437   413   446   442   446 
0.036000   538   518   422   413   427   398   418 
0.038000   538   480   413   432   432   403   408 
0.040000   538   470   408   432   442   413   418 
0.042000   557   499   418   432   437   427   446 
0.044000   557   509   427   418   446   398   456 
0.046000   566   538   422   413   413   413   437 
0.048000   566   528   413   427   398   422   413 
0.050000   518   490   403   437   408   398   408 
0.052000   518   480   403   442   451   418   418 
0.054000   547   480   413   427   422   442   427 
0.056000   586   509   418   403   446   451   446 
0.058000   528   509   418   408   427   422   442 
0.060000   528   509   413   422   427   413   422 
0.062000   518   480   408   432   442   398   408 
0.064000   566   499   403   432   403   413   413 
0.066000   547   499   408   413   437   432   422 
0.068000   528   490   408   418   451   413   427 
0.070000   557   499   403   418   446   418   427 
0.072000   518   499   403   437   384   408   422 
0.074000   547   480   403   442   384   422   427 
0.076000   518   490   403   427   442   413   418 
0.078000   538   509   403   408   432   413   418 
0.080000   566   490   398   403   446   427   413 
0.082000   557   470   398   422   403   418   422 
0.084000   518   470   398   427   437   418   427 
0.086000   538   499   403   427   422   413   427 
0.088000   557   518   403   413   442   427   408 
0.090000   576   509   394   408   451   389   398 
0.092000   576   403   389   278   154   168   398 
0.094000   538    67   389    67    38    29   403 
0.096000   538  -125   394    24    14     0   422 
0.098000   566  -192   403    14     0     0   317 
0.100000   307  -250   350     5     0     0   -53 
0.102000   134  -288   302     5     0     0  -206 
0.104000    48  -298   254     5    -5     0  -259 
0.106000    19  -288   206    -5    -5     0  -283 
0.108000    10  -278   158    -5    -5     0  -288 
0.110000     0  -259   115     0    -5     0  -288 
0.112000   -10  -278    72     0     0     0  -288 
0.114000   -10  -278    29     0     0   -29  -293 
0.116000   -19  -278     5    -5     0     0  -245 
0.118000   -10  -278    -5    -5     0     0  -187 
0.120000   -10  -154   -14    -5    -5     0  -158 
0.122000   -10   -77   -24    -5     0     0  -139 
0.124000   -10   -38   -10    -5     0     0  -120 
0.126000   -10   -19    43    -5     0     0  -110 
0.128000   -10   -19    34     0     0     0  -101 
0.130000   -10   -10    29    -5     0     0   -91 
0.132000   -10   -10    24    -5     0     0   -91 
0.134000   -10   -10    19    -5    -5     0   -82 
0.136000   -10   -10    14    -5     0     0   -82 
0.138000   -10   -10    14    -5     0     0   -77 
0.140000   -10   -10    14     0     0     0   -72 
0.142000     0   -10    14     0     0     0   -67 
0.144000     0   -10    14   -10     0     0   -67 
0.146000     0     0    10    -5    -5     0   -67 
0.148000   -10   -10     5   -10     0     0   -67 
0.150000   -10   -10     5     0     0     0   -62 
0.152000   -10   -10     5     0     0     0   -62 
0.154000   -10   -10    10     0     0     0   -58 
0.156000   -10   -10    10    -5     0     0   -58 
0.158000   -10   -10    10    -5     0     0   -53 
0.160000     0   -10     5    -5     0     0   -58 
0.162000   -10   -10     5    -5     0     0   -53 
0.164000   -10   -10     5    -5     0     0   -53 
0.166000   -10   -10     5     0     0     0   -53 
0.168000   -10   -10     5     0     0     0   -48 
0.170000   -10   -10     5    -5     0     0   -48 
0.172000   -10     0     5   -10     0     0   -43 
0.174000   -10   -10     5    -5     0     0   -48 
0.176000   -10   -10     5     0     0     0   -43 
0.178000   -10   -10     5    -5    -5     0   -43 
0.180000   -10   -10     5     5     0     0   -38 
0.182000   -10   -10     5    -5    -5     0   -38 
0.184000     0   -10     5   -10     0     0   -34 
0.186000     0   -10     5    -5     0     0   -38 
0.188000   -10   -10     5    -5     0     0   -38 
0.190000   -10   -10     5    -5     0     0   -38 
0.192000   -10   -10     5    -5     0     0   -38 
0.194000   -10   -10     5     0     0     0   -34 
0.196000   -10   -10     5    -5     0     0   -29 
0.198000   -10   -10     5    -5     0   -10   -34 
0.200000   -10     0     5    -5    -5     0   -34 
0.202000   -10   -10     5    -5     0     0   -34 
0.204000   -10   -10     5     0     0     0   -29 
0.206000   -10   -10     5    -5     0     0   -29 
0.208000   -10   -10     5    -5     0     0   -24 
0.210000   -10   -10     5    -5     0     0   -29 
0.212000   -10   -10     5    -5     0     0   -24 
0.214000   -10   -10     0    -5     0     0   -24 
0.216000   -10   -10     5     0     0     0   -24 
0.218000   -10   -10     5    -5     0     0   -24 
0.220000   -10   -10     5     0     0     0   -24 
0.222000   -10   -10     5    -5     0     0   -24 
0.224000     0   -10     5    -5     0     0   -19 
0.226000     0   -10     5    -5     0    -5   -19 
0.228000     0   -10     5    -5     0     0   -24 
0.230000     0   -10     0    -5     0     0   -19 
0.232000   -10   -10     5     0     0     0   -19 
0.234000   -10   -10     5    -5     0     0   -19 
0.236000   -10   -10     5    -5     0     0   -19 
0.238000   -10   -10     5    -5    -5     0   -19 
0.240000     0   -10     0    -5     0     0   -19 
0.242000   -10   -10     0     0    -5     0   -19 
0.244000   -10   -10     0     0     0     0   -19 
0.246000   -10   -10     5    -5     0    -5   -19 
0.248000   -10   -10     5    -5     0     0   -10 
0.250000   -10   -10     5    -5     0     0   -10 
