  6.7069821e-003
  6.8090481e-003
  6.7115533e-003
  6.4301823e-003
  6.0329990e-003
  5.6132700e-003
  5.2351768e-003
  4.8706451e-003
  4.5668393e-003
  4.3305937e-003
  4.2128575e-003
  4.2170439e-003
  4.2941250e-003
  4.3811631e-003
  4.3967176e-003
  4.3282607e-003
  4.1889562e-003
  3.9997659e-003
  3.7970360e-003
  3.6093956e-003
  3.4481082e-003
  3.3142407e-003
  3.2032750e-003
  3.1174628e-003
  3.0520368e-003
  2.9978396e-003
  2.9319674e-003
  2.8506064e-003
  2.8029621e-003
  2.8166331e-003
  2.8927996e-003
  3.0182020e-003
  3.1736708e-003
  3.3220501e-003
  3.4349955e-003
  3.4729128e-003
  3.4415762e-003
  3.3886163e-003
  3.3633906e-003
  3.4181779e-003
  3.5646265e-003
  3.7567856e-003
  3.9195436e-003
  4.1026325e-003
  4.3598184e-003
  4.7484185e-003
  5.2000409e-003
  5.6519376e-003
  6.0727281e-003
  6.4405317e-003
  5.3034174e-003
  5.4303827e-003
  5.3402009e-003
  5.0705666e-003
  4.7501780e-003
  4.4682091e-003
  4.2498746e-003
  4.0881581e-003
  3.9714610e-003
  3.8977513e-003
  3.8663366e-003
  3.8714146e-003
  3.8823535e-003
  3.8639366e-003
  3.8179709e-003
  3.7871649e-003
  3.7981744e-003
  3.8659516e-003
  3.9980577e-003
  4.1682989e-003
  4.3306700e-003
  4.3937991e-003
  4.2989064e-003
  4.1038156e-003
  3.9206967e-003
  3.8254179e-003
  3.8873202e-003
  4.1157839e-003
  4.4090851e-003
  4.6172064e-003
  4.8330981e-003
  5.2512750e-003
  5.9787403e-003
  6.8728185e-003
  7.7118963e-003
  8.3697770e-003
  8.8120724e-003
  8.9959387e-003
  8.8491921e-003
  8.3449465e-003
  7.5870292e-003
  6.7935640e-003
  6.1315134e-003
  5.5807630e-003
  5.1327315e-003
  4.7791254e-003
  4.5857957e-003
  4.5976491e-003
  4.7694349e-003
  5.0357280e-003
