 16

  1.0422427E+03  3.9677277E+02  2.1939032E+02  1.1662595E+02
  4.5292198E+01  1.3590401E+01  3.8022606E+00  6.0577993E+00
  1.0367385E+01  1.9364374E+01  3.9860172E+01  8.6300285E+01
  2.8106055E+02  6.0829842E+01  2.2809549E+02  1.0688507E+02
  3.9677277E+02  3.3110422E+03  1.1292959E+03  5.2656744E+02
  1.8972052E+02  5.3833691E+01  1.3423479E+01  1.9145571E+01
  2.7615341E+01  3.9476696E+01  5.3834503E+01  6.6010078E+01
  9.8709741E+02  2.3634367E+02  1.1163292E+03  4.5940326E+02
  2.1939032E+02  1.1292959E+03  4.9786479E+03  1.4279520E+03
  4.5472607E+02  1.2053344E+02  2.6242064E+01  3.2957451E+01
  3.9849667E+01  4.5408272E+01  4.7864388E+01  4.6267067E+01
  9.4177899E+02  5.0464560E+02  2.4662910E+03  1.1321000E+03
  1.1662595E+02  5.2656744E+02  1.4279521E+03  4.9418745E+03
  9.8092273E+02  2.3572308E+02  4.4167500E+01  4.7688507E+01
  4.7247707E+01  4.3022003E+01  3.6533089E+01  2.9550873E+01
  5.7724353E+02  9.1378857E+02  1.2285308E+03  2.5183252E+03
  4.5292198E+01  1.8972052E+02  4.5472598E+02  9.8092273E+02
  3.1033860E+03  4.7976035E+02  6.4471558E+01  5.2125053E+01
  3.8164356E+01  2.6764324E+01  1.8631571E+01  1.3120275E+01
  2.3153502E+02  9.4365076E+02  4.1863489E+02  9.9365881E+02
  1.3590400E+01  5.3833691E+01  1.2053342E+02  2.3572313E+02
  4.7976038E+02  1.0739827E+03  8.5001808E+01  4.1898335E+01
  2.1213120E+01  1.1641440E+01  6.9065428E+00  4.3775568E+00
  7.0662735E+01  3.2782449E+02  1.1605225E+02  2.5162808E+02
  3.8022602E+00  1.3423479E+01  2.6242064E+01  4.4167503E+01
  6.4471558E+01  8.5001816E+01  2.3608971E+02  8.1010101E+01
  1.8224249E+01  6.3356977E+00  2.8382201E+00  1.4952840E+00
  1.9941051E+01  7.7009872E+01  2.7522345E+01  5.1157780E+01
  6.0577998E+00  1.9145573E+01  3.2957451E+01  4.7688503E+01
  5.2125061E+01  4.1898331E+01  8.1010101E+01  2.3608969E+02
  8.0935860E+01  1.8224243E+01  6.3328485E+00  2.8382201E+00
  3.0739727E+01  8.1615128E+01  3.6598793E+01  5.6829266E+01
  1.0367384E+01  2.7615337E+01  3.9849674E+01  4.7247704E+01
  3.8164356E+01  2.1213118E+01  1.8224249E+01  8.0935852E+01
  2.3608969E+02  8.1010117E+01  1.8224245E+01  6.3356972E+00
  4.7114182E+01  6.7456253E+01  4.6540756E+01  5.5884594E+01
  1.9364374E+01  3.9476696E+01  4.5408268E+01  4.3022011E+01
  2.6764328E+01  1.1641441E+01  6.3356977E+00  1.8224245E+01
  8.1010117E+01  2.3608969E+02  8.0935860E+01  1.8224249E+01
  6.7456253E+01  4.7114185E+01  5.4611279E+01  4.8844490E+01
  3.9860176E+01  5.3834503E+01  4.7864391E+01  3.6533089E+01
  1.8631573E+01  6.9065437E+00  2.8382199E+00  6.3328490E+00
  1.8224247E+01  8.0935852E+01  2.3608969E+02  8.1010101E+01
  8.1615135E+01  3.0739725E+01  5.7260693E+01  3.9043549E+01
  8.6300301E+01  6.6010086E+01  4.6267063E+01  2.9550867E+01
  1.3120277E+01  4.3775573E+00  1.4952841E+00  2.8382199E+00
  6.3356972E+00  1.8224249E+01  8.1010094E+01  2.3608971E+02
  7.7009872E+01  1.9941051E+01  5.3050312E+01  2.9599888E+01
  2.8106055E+02  9.8709741E+02  9.4177899E+02  5.7724353E+02
  2.3153502E+02  7.0662735E+01  1.9941051E+01  3.0739727E+01
  4.7114182E+01  6.7456253E+01  8.1615135E+01  7.7009872E+01
  3.8070522E+03  3.3185278E+02  1.1994706E+03  5.6706183E+02
  6.0829842E+01  2.3634367E+02  5.0464560E+02  9.1378857E+02
  9.4365076E+02  3.2782449E+02  7.7009872E+01  8.1615128E+01
  6.7456253E+01  4.7114185E+01  3.0739725E+01  1.9941051E+01
  3.3185278E+02  3.8070522E+03  5.2147687E+02  1.1515443E+03
  2.2809549E+02  1.1163292E+03  2.4662910E+03  1.2285308E+03
  4.1863489E+02  1.1605225E+02  2.7522345E+01  3.6598793E+01
  4.6540756E+01  5.4611279E+01  5.7260693E+01  5.3050312E+01
  1.1994706E+03  5.2147687E+02  5.8868569E+03  1.0921837E+03
  1.0688507E+02  4.5940326E+02  1.1321000E+03  2.5183252E+03
  9.9365881E+02  2.5162808E+02  5.1157780E+01  5.6829266E+01
  5.5884594E+01  4.8844490E+01  3.9043549E+01  2.9599888E+01
  5.6706183E+02  1.1515443E+03  1.0921837E+03  5.8868569E+03
      res_pf
  9.9999999E-09  9.9999999E-09  9.9999999E-09  9.9999999E-09
  9.9999999E-09  9.9999999E-09  9.9999999E-09  9.9999999E-09
  9.9999999E-09  9.9999999E-09  9.9999999E-09  9.9999999E-09
  1.0000000E+04  1.0000000E+04  1.0000000E+04  1.0000000E+04
