 11

  2.4031543E+02  8.0156102E+01  1.1816478E+01  2.6855745E+00
  1.4111052E+00  9.7900136E+01  6.9494506E+01  4.7389168E+01
  2.9844910E+01  1.3093202E+01  4.2846493E+00
  8.0156102E+01  2.4031543E+02  4.9186239E+01  6.0234686E+00
  2.6855745E+00  4.3691341E+01  5.6973053E+01  4.9503374E+01
  3.7307114E+01  1.8875253E+01  6.8731164E+00
  1.1816478E+01  4.9186239E+01  1.5921424E+02  4.9186239E+01
  1.1816478E+01  1.5503581E+01  3.4920061E+01  4.4086065E+01
  4.6537215E+01  3.3790026E+01  1.7066341E+01
  2.6855745E+00  6.0234686E+00  4.9186239E+01  2.4031543E+02
  8.0156102E+01  6.0493490E+00  1.9407437E+01  3.3676473E+01
  4.9048169E+01  5.5222099E+01  4.5682512E+01
  1.4111052E+00  2.6855745E+00  1.1816478E+01  8.0156102E+01
  2.4031543E+02  3.7353750E+00  1.3405437E+01  2.6501360E+01
  4.4957891E+01  6.8061791E+01  9.5656111E+01
  9.7900136E+01  4.3691341E+01  1.5503581E+01  6.0493490E+00
  3.7353750E+00  1.0379819E+03  3.9384421E+02  2.1743483E+02
  1.1626387E+02  4.5056010E+01  1.3386655E+01
  6.9494506E+01  5.6973053E+01  3.4920061E+01  1.9407437E+01
  1.3405437E+01  3.9384421E+02  3.3162904E+03  1.1279850E+03
  5.2976571E+02  1.9005543E+02  5.3364671E+01
  4.7389168E+01  4.9503374E+01  4.4086065E+01  3.3676473E+01
  2.6501360E+01  2.1743483E+02  1.1279850E+03  5.0122672E+03
  1.4453791E+03  4.5633155E+02  1.1953421E+02
  2.9844910E+01  3.7307114E+01  4.6537215E+01  4.9048169E+01
  4.4957891E+01  1.1626387E+02  5.2976571E+02  1.4453791E+03
  4.9916346E+03  9.7858319E+02  2.3231667E+02
  1.3093202E+01  1.8875253E+01  3.3790026E+01  5.5222099E+01
  6.8061791E+01  4.5056010E+01  1.9005543E+02  4.5633155E+02
  9.7858319E+02  3.1033983E+03  4.7384414E+02
  4.2846493E+00  6.8731164E+00  1.7066341E+01  4.5682512E+01
  9.5656111E+01  1.3386655E+01  5.3364671E+01  1.1953421E+02
  2.3231667E+02  4.7384414E+02  1.0650372E+03
      res_pf
  1.0000000E-08  1.0000000E-08  1.0000000E-08  1.0000000E-08
  1.0000000E-08  1.0000000E-08  1.0000000E-08  1.0000000E-08
  1.0000000E-08  1.0000000E-08  1.0000000E-08
