 11
 inductances 
  2.5113506E+02  8.0156097E+01  1.1816479E+01  2.6855745E+00
  1.4111052E+00  9.7900126E+01  6.9494501E+01  4.7389168E+01
  2.9844910E+01  1.3093202E+01  4.2846490E+00
  8.0156097E+01  2.5113506E+02  4.9186244E+01  6.0234689E+00
  2.6855745E+00  4.3691335E+01  5.6973049E+01  4.9503375E+01
  3.7307114E+01  1.8875253E+01  6.8731159E+00
  1.1816479E+01  4.9186244E+01  1.6462404E+02  4.9186244E+01
  1.1816479E+01  1.5503579E+01  3.4920060E+01  4.4086065E+01
  4.6537215E+01  3.3790025E+01  1.7066340E+01
  2.6855745E+00  6.0234689E+00  4.9186244E+01  2.5113506E+02
  8.0156097E+01  6.0493485E+00  1.9407437E+01  3.3676473E+01
  4.9048170E+01  5.5222097E+01  4.5682506E+01
  1.4111052E+00  2.6855745E+00  1.1816479E+01  8.0156097E+01
  2.5113506E+02  3.7353747E+00  1.3405438E+01  2.6501360E+01
  4.4957892E+01  6.8061788E+01  9.5656102E+01
  9.7900126E+01  4.3691335E+01  1.5503579E+01  6.0493485E+00
  3.7353747E+00  1.0999181E+03  3.9384417E+02  2.1743482E+02
  1.1626386E+02  4.5056006E+01  1.3386653E+01
  6.9494501E+01  5.6973049E+01  3.4920060E+01  1.9407437E+01
  1.3405438E+01  3.9384417E+02  3.5776404E+03  1.1279851E+03
  5.2976572E+02  1.9005543E+02  5.3364669E+01
  4.7389168E+01  4.9503375E+01  4.4086065E+01  3.3676473E+01
  2.6501360E+01  2.1743482E+02  1.1279851E+03  5.1379005E+03
  1.4453790E+03  4.5633153E+02  1.1953419E+02
  2.9844910E+01  3.7307114E+01  4.6537215E+01  4.9048170E+01
  4.4957892E+01  1.1626386E+02  5.2976572E+02  1.4453790E+03
  5.1800836E+03  9.7858321E+02  2.3231666E+02
  1.3093202E+01  1.8875253E+01  3.3790025E+01  5.5222097E+01
  6.8061788E+01  4.5056006E+01  1.9005543E+02  4.5633153E+02
  9.7858321E+02  3.2352667E+03  4.7384411E+02
  4.2846490E+00  6.8731159E+00  1.7066340E+01  4.5682506E+01
  9.5656102E+01  1.3386653E+01  5.3364669E+01  1.1953419E+02
  2.3231666E+02  4.7384411E+02  1.0985186E+03
   pf_res
  1.0000000E-08  1.0000000E-08  1.0000000E-08  1.0000000E-08
  1.0000000E-08  1.0000000E-08  1.0000000E-08  1.0000000E-08
  1.0000000E-08  1.0000000E-08  1.0000000E-08
