 npf    cnm       kl_pf
 16  1. 0
  1
 2 2 1
  393.9     712.0    85.2        105.6
  2
 2 1 1
  845.0     605.5    85.2        56.5
  3
 1 2 1
  1158.0    285.0    48.7        105.6
  4
 2 2 1
  1170.1   -245.     73.0        105.6
  5
 2 2 1
  838.9    -630.     73.0        105.6
  6
 3 2 1
  424.4    -712.0    146.1       105.6
  7
 2 5 1
  163.2    -471.4     75.9       167.4
  8
 2 5 1
  163.2    -288.4     75.9       186.1
  9
 2 5 1
  163.2    -96.1      75.9       186.1
 10
 2 5 1
  163.2     96.1      75.9       186.1
 11
 2 5 1
  163.2    288.4      75.9       186.1
 12
 2 5 1
  163.2    471.4      75.9       167.4
 13
 1 1 1
  630.    393.      10.       10.
 14
 1 1 1
  630.    -305.      10.       10.
 15
 1 1 1
  1000.0    285.0    10        10.
 16
 1 1 1
  1000.0    -285.0    10        10.
 r1  r2     z1     z2
 100.  1100.  -700. 700.
 i_gra
 1


