 ncam (110)  (132)  
 110

    1
  37.7999992  2.5  .300000012  5.  .0158336125

    2
  37.7999992  7.5  .300000012  5.  .0158336125

    3
  37.7999992  12.5  .300000012  5.  .0158336125

    4
  37.7999992  17.5  .300000012  5.  .0158336125

    5
  37.7999992  22.5  .300000012  5.  .0158336125

    6
  37.7999992  27.5  .300000012  5.  .0158336125

    7
  37.7999992  32.5  .300000012  5.  .0158336125

    8
  37.7999992  37.5  .300000012  5.  .0158336125

    9
  37.7999992  42.5  .300000012  5.  .0158336125

   10
  37.7999992  47.5  .300000012  5.  .0158336125

   11
  37.7999992  52.5  .300000012  5.  .0158336125

   12
  37.7999992  57.5  .300000012  5.  .0158336125

   13
  37.7999992  62.5  .300000012  5.  .0158336125

   14
  37.7999992  67.5  .300000012  5.  .0158336125

   15
  37.7999992  72.5  .300000012  5.  .0158336125

   16
  37.7999992  77.5  .300000012  5.  .0158336125

   17
  37.7999992  82.5  .300000012  5.  .0158336125

   18
  37.7999992  87.5  .300000012  5.  .0158336125

   19
  37.7999992  92.5  .300000012  5.  .0158336125

   20
  37.7999992  97.5  .300000012  5.  .0158336125

   21
  37.7999992  103.099998  .300000012  6.19999981  .0127690434

   22
  40.  110.  .449999988  3.29999995  .0169243906

   23
  44.  113.  .449999988  3.29999995  .0186168309

   24
  48.  117.  .449999988  3.29999995  .0203092694

   25
  51.  119.  .449999988  3.29999995  .0215785988

   26
  55.  122.  .449999988  3.29999995  .0232710391

   27
  58.5  124.  5.  .300000012  .0245044008

   28
  63.  123.  5.  .300000012  .0263893548

   29
  68.  122.  5.  .300000012  .0284837484

   30
  74.  120.  5.  .300000012  .0309970211

   31
  79.  118.  5.  .300000012  .0330914147

   32
  84.  115.  5.  .300000012  .0351858065

   33
  89.  110.  3.29999995  .5  .033891093

   34
  94.  107.  3.29999995  .5  .0357950889

   35
  98.  102.  3.29999995  .5  .0373182818

   36
  101.  98.  3.29999995  .5  .0384606794

   37
  105.  92.  3.29999995  .5  .0399838723

   38
  109.  87.  3.29999995  .5  .041507069

   39
  110.  82.  .5  5.  .0276459921

   40
  112.  77.  .5  5.  .0281486474

   41
  114.  73.  .5  5.  .0286513008

   42
  116.  68.  .5  5.  .0291539561

   43
  117.  62.  .5  5.  .0294052828

   44
  118.  58.  .5  5.  .0296566095

   45
  119.  53.  .5  5.  .0299079381

   46
  120.  48.  .5  5.  .0301592648

   47
  121.  43.  .5  5.  .0304105915

   48
  121.5  38.  .5  5.  .0305362549

   49
  122.  33.  .5  5.  .0306619182

   50
  122.5  28.  .5  5.  .0307875816

   51
  123.  22.5  .5  5.  .0309132468

   52
  123.25  17.5  .5  5.  .0309760775

   53
  123.5  12.5  .5  5.  .0310389102

   54
  123.75  7.5  .5  5.  .0311017409

   55
  124.  2.5  .5  5.  .0311645735

    1
  37.7999992 -2.5  5.  .300000012  .0158336125

    2
  37.7999992 -7.5  5.  .300000012  .0158336125

    3
  37.7999992 -12.5  5.  .300000012  .0158336125

    4
  37.7999992 -17.5  5.  .300000012  .0158336125

    5
  37.7999992 -22.5  5.  .300000012  .0158336125

    6
  37.7999992 -27.5  5.  .300000012  .0158336125

    7
  37.7999992 -32.5  5.  .300000012  .0158336125

    8
  37.7999992 -37.5  5.  .300000012  .0158336125

    9
  37.7999992 -42.5  5.  .300000012  .0158336125

   10
  37.7999992 -47.5  5.  .300000012  .0158336125

   11
  37.7999992 -52.5  5.  .300000012  .0158336125

   12
  37.7999992 -57.5  5.  .300000012  .0158336125

   13
  37.7999992 -62.5  5.  .300000012  .0158336125

   14
  37.7999992 -67.5  5.  .300000012  .0158336125

   15
  37.7999992 -72.5  5.  .300000012  .0158336125

   16
  37.7999992 -77.5  5.  .300000012  .0158336125

   17
  37.7999992 -82.5  5.  .300000012  .0158336125

   18
  37.7999992 -87.5  5.  .300000012  .0158336125

   19
  37.7999992 -92.5  5.  .300000012  .0158336125

   20
  37.7999992 -97.5  5.  .300000012  .0158336125

   21
  37.7999992 -103.099998  6.19999981  .300000012  .0127690434

   22
  40. -110.  3.29999995  .449999988  .0169243906

   23
  44. -113.  3.29999995  .449999988  .0186168309

   24
  48. -117.  3.29999995  .449999988  .0203092694

   25
  51. -119.  3.29999995  .449999988  .0215785988

   26
  55. -122.  3.29999995  .449999988  .0232710391

   27
  58.5 -124.  .300000012  5.  .0245044008

   28
  63. -123.  .300000012  5.  .0263893548

   29
  68. -122.  .300000012  5.  .0284837484

   30
  74. -120.  .300000012  5.  .0309970211

   31
  79. -118.  .300000012  5.  .0330914147

   32
  84. -115.  .300000012  5.  .0351858065

   33
  89. -110.  .5  3.29999995  .033891093

   34
  94. -107.  .5  3.29999995  .0357950889

   35
  98. -102.  .5  3.29999995  .0373182818

   36
  101. -98.  .5  3.29999995  .0384606794

   37
  105. -92.  .5  3.29999995  .0399838723

   38
  109. -87.  .5  3.29999995  .041507069

   39
  110. -82.  5.  .5  .0276459921

   40
  112. -77.  5.  .5  .0281486474

   41
  114. -73.  5.  .5  .0286513008

   42
  116. -68.  5.  .5  .0291539561

   43
  117. -62.  5.  .5  .0294052828

   44
  118. -58.  5.  .5  .0296566095

   45
  119. -53.  5.  .5  .0299079381

   46
  120. -48.  5.  .5  .0301592648

   47
  121. -43.  5.  .5  .0304105915

   48
  121.5 -38.  5.  .5  .0305362549

   49
  122. -33.  5.  .5  .0306619182

   50
  122.5 -28.  5.  .5  .0307875816

   51
  123. -22.5  5.  .5  .0309132468

   52
  123.25 -17.5  5.  .5  .0309760775

   53
  123.5 -12.5  5.  .5  .0310389102

   54
  123.75 -7.5  5.  .5  .0311017409

   55
  124. -2.5  5.  .5  .0311645735

    1
  115.772728  118.5  .918514371  .918514371  .00215552887

    2
  117.318184  115.5  .918514371  .918514371  .00218430324

    3
  118.86364  112.5  .918514371  .918514371  .00221307739

    4
  120.409096  109.5  .918514371  .918514371  .00224185176

    5
  121.954552  106.5  .918514371  .918514371  .0022706259

    6
  123.500008  103.5  .918514371  .918514371  .00229940028

    7
  125.045464  100.5  .918514371  .918514371  .00232817442

    8
  126.590919  97.5  .918514371  .918514371  .0023569488

    9
  128.136368  94.5  .918514371  .918514371  .00238572294

   10
  129.681824  91.5  .918514371  .918514371  .00241449708

   11
  131.22728  88.5  .918514371  .918514371  .00244327146

    1
  115.772728 -118.5  .918514371  .918514371  .00215552887

    2
  117.318184 -115.5  .918514371  .918514371  .00218430324

    3
  118.86364 -112.5  .918514371  .918514371  .00221307739

    4
  120.409096 -109.5  .918514371  .918514371  .00224185176

    5
  121.954552 -106.5  .918514371  .918514371  .0022706259

    6
  123.500008 -103.5  .918514371  .918514371  .00229940028

    7
  125.045464 -100.5  .918514371  .918514371  .00232817442

    8
  126.590919 -97.5  .918514371  .918514371  .0023569488

    9
  128.136368 -94.5  .918514371  .918514371  .00238572294

   10
  129.681824 -91.5  .918514371  .918514371  .00241449708

   11
  131.22728 -88.5  .918514371  .918514371  .00244327146

