 ncam  
 85

    1
  329.140015  57.6699982  6.  62.3600006  .000469809456

    2
  329.140015  120.024994  6.  62.3499985  .000469884864

    3
  329.140015  182.380005  6.  62.3600006  .000469809456

    4
  329.140015  244.735001  6.  62.3500061  .000469884777

    5
  329.140015  307.089996  6.  62.3599854  .000469809573

    6
  332.049988  360.589996  6.  44.6400146  .000656547782

    7
  343.5  403.734985  6.  41.6499939  .000679213146

    8
  365.640015  442.5  6.  35.8800049  .000722854864

    9
  396.97998  474.285004  35.480011  6.  .000785131648

   10
  436.505005  497.850006  43.5700073  6.  .000814377097

   11
  481.705017  512.150024  46.8299866  6.  .000898568833

   12
  528.959961  515.929993  47.6799927  6.  .000986937084

   13
  575.85498  508.994995  46.1099854  6.  .00107425882

   14
  625.525024  490.744995  53.2300415  6.  .000952018134

   15
  677.304993  463.734985  50.3299561  6.  .0010308217

   16
  725.89502  431.334991  46.8500366  6.  .00110476057

   17
  770.72998  393.914978  42.8200073  6.  .00117310695

   18
  811.295044  351.904999  6.  44.1900024  .00123477203

   19
  849.724976  300.535004  6.  58.5499878  .0010789443

   20
  883.47998  239.345001  6.  63.8300171  .00112194754

   21
  907.290039  173.644989  6.  67.5699921  .00115207373

   22
  920.570007  105.035004  6.  69.6500015  .00116897991

   23
  922.984985  35.1049995  6.  70.2099991  .00116903661

   24
  914.5 -34.2550011  6.  68.5100021  .0011644403

   25
  895.324951 -101.360001  6.  65.7000046  .00113683473

   26
  870.599976 -158.005005  6.  47.5899963  .00144155545

   27
  843.334961 -204.26001  6.  44.9199982  .00139640539

   28
  811.670044 -247.625  6.  41.8099976  .00134381384

   29
  782.790039 -305.404999  6.  73.75  .000898548693

   30
  757.73999 -380.934998  6.  77.3099976  .000826467643

   31
  716.599976 -442.22998  56.1399536  6.  .000884382112

   32
  656.185059 -480.820007  64.6900024  6.  .000809788122

   33
  588.795044 -505.265015  70.0900269  6.  .000726702332

   34
  517.690002 -514.380005  72.1199951  6.  .000638847356

   35
  451.934998 -506.535004  59.3900146  6.  .000651394774

   36
  397.609985 -479.455017  49.2599792  6.  .000573182304

   37
  356.730011 -434.584991  6.  52.5100098  .000514188141

   38
  334.809998 -377.97998  6.  60.6999817  .000482622389

   39
  329.140015 -316.450012  6.  62.3600159  .00046980934

   40
  329.140015 -254.095001  6.  62.3499908  .000469884893

   41
  329.140015 -191.73999  6.  62.3600006  .000469809456

   42
  329.140015 -129.384995  6.  62.3499985  .000469884864

   43
  329.140015 -67.0299988  6.  62.3600006  .000469809456

   44
  329.140015 -4.67999935  6.  62.3399963  .000469960214

    1
  355.940002  47.0100021  6.  57.6399994  .000549667457

    2
  355.940002  104.654999  6.  57.6499939  .000549572171

    3
  355.940002  162.299988  6.  57.6399994  .000549667457

    4
  355.940002  219.940002  6.  57.6399994  .000549667457

    5
  355.940002  277.579987  6.  57.6399994  .000549667457

    6
  360.255005  332.825012  6.  52.8500061  .000598822255

    7
  377.080017  382.929993  6.  47.3599854  .000626639638

    8
  408.984985  425.070007  38.7900085  6.  .00067980407

    9
  452.64502  454.85498  48.5299988  6.  .000752318068

   10
  503.52002  469.190002  53.2200012  6.  .000836812658

   11
  556.309998  466.580017  52.3599854  6.  .000924658962

   12
  606.910034  449.849976  48.8400269  6.  .00100680394

   13
  654.415039  425.070007  46.1699829  6.  .00108559756

   14
  698.98999  395.339996  42.9799805  6.  .00115957635

   15
  740.125  361.01001  39.2900391  6.  .00122783647

   16
  777.344971  322.470001  6.  40.539978  .00128955371

   17
  814.73999  271.225006  6.  61.9500122  .000986057683

   18
  848.429993  206.190002  6.  68.1199951  .00102676474

   19
  869.76001  136.119995  6.  72.0200043  .00105261267

   20
  878.02002  63.3450012  6.  73.5299988  .00106263533

   21
  872.929993 -9.71000004  6.  72.5800018  .00105672865

   22
  854.660034 -80.6300049  6.  69.2600021  .00103428878

   23
  830.02002 -138.430008  6.  46.340004  .0014092169

   24
  803.155029 -183.375  6.  43.5499878  .0013633077

   25
  771.76001 -225.285004  6.  40.2700043  .00131014432

   26
  743.23999 -281.51001  6.  72.1800079  .00087167148

   27
  717.594971 -357.10498  6.  79.0099792  .000762514595

   28
  679.974976 -414.25  47.4099731  6.  .00102418638

   29
  629.415039 -444.220001  53.710022  6.  .000947965309

   30
  573.72998 -463.029999  57.6599731  6.  .000864128175

   31
  515.35498 -469.855011  59.0900269  6.  .000776264758

   32
  460.52002 -462.98999  50.5799866  6.  .000779378286

   33
  414.25 -439.924988  41.960022  6.  .000701084791

   34
  379.434998 -401.710022  6.  44.7200012  .000642239815

   35
  360.77002 -353.5  6.  51.7000122  .000610569783

   36
  355.940002 -298.830017  6.  57.6399841  .000549667573

   37
  355.940002 -241.190002  6.  57.6400146  .000549667282

   38
  355.940002 -183.544998  6.  57.6499939  .000549572171

   39
  355.940002 -125.900002  6.  57.6399994  .000549667457

   40
  355.940002 -68.2600021  6.  57.6400032  .000549667398

   41
  355.940002 -10.624999  6.  57.6299973  .000549762859

