 
 232
 
 1
 354.2000122 32.75500107 6.000000000 25.03000069 0.1222559251E-02
 
 2
 354.2000122 57.78499603 6.000000000 25.02999496 0.1222559484E-02
 
 3
 354.2000122 82.81500244 6.000000000 25.03000641 0.1222559018E-02
 
 4
 354.2000122 107.8649979 6.000000000 25.06999207 0.1220609061E-02
 
 5
 354.2000122 132.8999939 6.000000000 25.00000000 0.1224026317E-02
 
 6
 354.2000122 157.8999939 6.000000000 25.00000000 0.1224026317E-02
 
 7
 354.2000122 182.8999939 6.000000000 25.00000000 0.1224026317E-02
 
 8
 354.2000122 207.9499817 6.000000000 25.09999084 0.1219150145E-02
 
 9
 354.2000122 232.9999847 6.000000000 25.00000000 0.1224026317E-02
 
 10
 354.2000122 258.0000000 6.000000000 25.00001526 0.1224025618E-02
 
 11
 354.2000122 283.0499878 6.000000000 25.10000610 0.1219149446E-02
 
 12
 354.2000122 308.1000061 6.000000000 25.00000000 0.1224026317E-02
 
 13
 354.2000122 333.1000061 6.000000000 25.00000000 0.1224026317E-02
 
 14
 354.2000122 350.2999878 6.000000000 9.399993896 0.3255391261E-02
 
 15
 354.6000061 362.7999878 6.000000000 15.62050438 0.1961218193E-02
 
 16
 357.1499939 382.8999939 6.000000000 24.97295952 0.1235557138E-02
 
 17
 363.2999878 407.0499878 6.000000000 25.01384735 0.1254778588E-02
 
 18
 373.0500183 430.0000305 6.000000000 25.00181007 0.1289073960E-02
 
 19
 386.2000122 451.1500244 6.000000000 24.96094322 0.1336698653E-02
 
 20
 402.5000000 470.0499878 25.10236931 6.000000000 0.1385266660E-02
 
 21
 421.5000000 486.2500000 24.98259354 6.000000000 0.1457613078E-02
 
 22
 442.7000122 499.2999878 24.95599747 6.000000000 0.1532557537E-02
 
 23
 465.6500244 509.0000000 25.01376915 6.000000000 0.1608283841E-02
 
 24
 489.8499756 515.0499878 25.03794861 6.000000000 0.1690232893E-02
 
 25
 514.7000122 517.2999878 25.00323105 6.000000000 0.1778444159E-02
 
 26
 539.5500488 515.7500000 24.94675446 6.000000000 0.1868529245E-02
 
 27
 563.9000244 510.4000244 25.05668068 6.000000000 0.1944288844E-02
 
 28
 587.1500244 501.3999939 24.95781326 6.000000000 0.2032472752E-02
 
 29
 607.1500244 490.2000122 20.99542809 6.000000000 0.2498351270E-02
 
 30
 627.5000000 475.6000061 29.12043381 6.000000000 0.1861650264E-02
 
 31
 649.0499878 459.2500000 24.98041534 6.000000000 0.2244712319E-02
 
 32
 669.0000000 444.1500244 25.06013107 6.000000000 0.2306348877E-02
 
 33
 689.0000000 429.1000061 25.00000000 6.000000000 0.2381011145E-02
 
 34
 708.8499756 413.8499756 25.06669235 6.000000000 0.2443090081E-02
 
 35
 726.6500244 399.2999878 20.92300224 6.000000000 0.3000430064E-02
 
 36
 745.1500244 382.5000000 29.07247734 6.000000000 0.2214337932E-02
 
 37
 764.3000488 363.3999939 25.04158211 6.000000000 0.2636843361E-02
 
 38
 781.0500488 344.7999878 25.03376961 6.000000000 0.2695471980E-02
 
 39
 796.8499756 325.3999939 25.02257347 6.000000000 0.2751229331E-02
 
 40
 811.6500244 305.2500000 24.99479294 6.000000000 0.2805443015E-02
 
 41
 825.4500122 284.3999939 25.02662277 6.000000000 0.2849513665E-02
 
 42
 838.2000122 262.8500061 25.06886292 6.000000000 0.2888652030E-02
 
 43
 849.8499756 240.7000122 24.99939728 6.000000000 0.2936939010E-02
 
 44
 860.4000244 218.0499878 24.98822975 6.000000000 0.2974727191E-02
 
 45
 869.7999878 194.8999939 24.99996758 6.000000000 0.3005814273E-02
 
 46
 876.3499756 176.7999878 13.50298119 6.000000000 0.5606994499E-02
 
 47
 880.2000122 164.8500061 11.60904694 6.000000000 0.6550387479E-02
 
 48
 885.1500244 147.2000122 25.05771446 6.000000000 0.3051810898E-02
 
 49
 891.0000000 122.9000015 24.94795799 6.000000000 0.3085495438E-02
 
 50
 895.5500488 98.33000183 25.04552269 6.000000000 0.3089171136E-02
 
 51
 898.5500488 73.49000549 25.02824974 6.000000000 0.3101658542E-02
 
 52
 899.5500488 48.51000214 25.02020454 6.000000000 0.3106108867E-02
 
 53
 898.4500122 23.53499985 25.01828957 6.000000000 0.3102547955E-02
 
 54
 895.3000488 -1.264999390 25.02496719 6.000000000 0.3090845421E-02
 
 55
 890.0999756 -25.72499847 25.03003502 6.000000000 0.3072271124E-02
 
 56
 885.0500488 -43.93499756 12.77961922 6.000000000 0.5983180832E-02
 
 57
 881.0000000 -55.76000214 12.22420120 6.000000000 0.6226408761E-02
 
 58
 873.9499512 -73.00000000 25.04017448 6.000000000 0.3015306080E-02
 
 59
 863.9499512 -95.94999695 25.02837563 6.000000000 0.2982209204E-02
 
 60
 853.8499756 -118.8500061 25.02837563 6.000000000 0.2947345842E-02
 
 61
 843.7500000 -141.7500000 25.02836800 6.000000000 0.2912483411E-02
 
 62
 833.6500244 -164.6499939 25.02838326 6.000000000 0.2877618186E-02
 
 63
 823.5500488 -187.5500031 25.02836800 6.000000000 0.2842756454E-02
 
 64
 813.4500122 -210.4499969 25.02841759 6.000000000 0.2807887271E-02
 
 65
 803.3499756 -233.3500061 25.02838326 6.000000000 0.2773027634E-02
 
 66
 793.2500000 -256.2500000 25.02838326 6.000000000 0.2738164272E-02
 
 67
 783.1500244 -279.1500244 25.02836800 6.000000000 0.2703302540E-02
 
 68
 773.0500488 -302.0499878 25.02839279 6.000000000 0.2668436384E-02
 
 69
 764.0999756 -322.2999878 19.25094604 6.000000000 0.3429101314E-02
 
 70
 754.0000000 -345.1999817 30.80586433 6.000000000 0.2114560688E-02
 
 71
 742.4499512 -370.5999756 25.00501060 6.000000000 0.2565206494E-02
 
 72
 730.6999512 -392.6499939 25.02178383 6.000000000 0.2522917232E-02
 
 73
 716.9000244 -413.5000000 25.04156876 6.000000000 0.2473314060E-02
 
 74
 701.0999756 -432.8500061 24.98978996 6.000000000 0.2423815429E-02
 
 75
 683.4500122 -450.5500183 6.000000000 25.05715179 0.2356444718E-02
 
 76
 664.1500244 -466.4500122 6.000000000 25.02039909 0.2293264493E-02
 
 77
 643.3499756 -480.2999878 6.000000000 25.02174759 0.2221323783E-02
 
 78
 621.3000488 -492.0499878 6.000000000 25.00502396 0.2146625658E-02
 
 79
 598.2500000 -501.6000061 6.000000000 24.95616913 0.2071032766E-02
 
 80
 574.3499756 -508.8000183 6.000000000 25.02976990 0.1982448623E-02
 
 81
 549.8000488 -513.5999756 6.000000000 25.05990791 0.1895428984E-02
 
 82
 524.9000244 -515.9499512 6.000000000 25.02418900 0.1812169328E-02
 
 83
 504.4500122 -515.9499512 6.000000000 15.93803215 0.2734422684E-02
 
 84
 479.8999939 -511.5999756 6.000000000 34.05877304 0.1217317767E-02
 
 85
 451.8499756 -502.8500366 6.000000000 24.94833946 0.1564713428E-02
 
 86
 429.7999878 -491.2500305 6.000000000 25.02659035 0.1483702799E-02
 
 87
 409.7999878 -476.3500061 6.000000000 25.01380348 0.1415384468E-02
 
 88
 392.3500061 -458.5499878 6.000000000 24.98042107 0.1356925815E-02
 
 89
 377.8499756 -438.2999878 6.000000000 24.98736191 0.1306415070E-02
 
 90
 366.6499939 -416.0000000 6.000000000 25.06968498 0.1263528364E-02
 
 91
 359.0000000 -392.2500000 6.000000000 24.98263931 0.1241476042E-02
 
 92
 355.1500244 -367.6499939 6.000000000 24.97234726 0.1228668378E-02
 
 93
 354.2000122 -342.7000122 6.000000000 25.00000000 0.1224026317E-02
 
 94
 354.2000122 -317.6499939 6.000000000 25.10003662 0.1219147933E-02
 
 95
 354.2000122 -292.5999756 6.000000000 25.00000000 0.1224026317E-02
 
 96
 354.2000122 -267.5999756 6.000000000 24.99998474 0.1224027132E-02
 
 97
 354.2000122 -242.5499878 6.000000000 25.09999084 0.1219150145E-02
 
 98
 354.2000122 -217.5000000 6.000000000 25.00000000 0.1224026317E-02
 
 99
 354.2000122 -192.5000000 6.000000000 25.00000000 0.1224026317E-02
 
 100
 354.2000122 -167.5000000 6.000000000 25.00000000 0.1224026317E-02
 
 101
 354.2000122 -142.4499969 6.000000000 25.09999847 0.1219149795E-02
 
 102
 354.2000122 -117.4000015 6.000000000 25.00000000 0.1224026317E-02
 
 103
 354.2000122 -92.38500214 6.000000000 25.02999878 0.1222559367E-02
 
 104
 354.2000122 -67.36000061 6.000000000 25.02000046 0.1223047846E-02
 
 105
 354.2000122 -42.33499908 6.000000000 25.03000259 0.1222559134E-02
 
 106
 354.2000122 -17.30400085 6.000000000 25.03199959 0.1222461578E-02
 
 107
 354.2000122 7.725999832 6.000000000 25.02799988 0.1222656923E-02
 
 108
 326.3999939 33.63500214 6.000000000 24.95000076 0.1130216871E-02
 
 109
 326.3999939 58.58499908 6.000000000 24.94999695 0.1130216988E-02
 
 110
 326.3999939 83.53499603 6.000000000 24.94999695 0.1130216988E-02
 
 111
 326.3999939 108.5049973 6.000000000 24.99000549 0.1128407544E-02
 
 112
 326.3999939 133.4499969 6.000000000 24.89999390 0.1132486737E-02
 
 113
 326.3999939 158.3999939 6.000000000 25.00000000 0.1127956435E-02
 
 114
 326.3999939 183.3500061 6.000000000 24.90000916 0.1132486039E-02
 
 115
 326.3999939 208.2999878 6.000000000 24.99998474 0.1127957134E-02
 
 116
 326.3999939 233.2500000 6.000000000 24.90000916 0.1132486039E-02
 
 117
 326.3999939 258.1499939 6.000000000 24.90000916 0.1132486039E-02
 
 118
 326.3999939 283.1000061 6.000000000 25.00000000 0.1127956435E-02
 
 119
 326.3999939 308.0499878 6.000000000 24.89999390 0.1132486737E-02
 
 120
 326.3999939 333.0000000 6.000000000 25.00000000 0.1127956435E-02
 
 121
 326.3999939 351.3999939 6.000000000 11.79998779 0.2389740665E-02
 
 122
 326.6499939 363.8499756 6.000000000 13.10954475 0.2152669011E-02
 
 123
 328.3999939 382.7999878 6.000000000 24.98077965 0.1135741128E-02
 
 124
 332.9500122 407.2999878 6.000000000 24.95700645 0.1152573852E-02
 
 125
 340.4500122 431.0500183 6.000000000 24.94191933 0.1179249492E-02
 
 126
 350.7000122 453.7000122 6.000000000 24.87084198 0.1218224992E-02
 
 127
 363.6000061 474.9500122 6.000000000 24.93775368 0.1259646728E-02
 
 128
 379.0000000 494.5000000 6.000000000 24.93029022 0.1313391142E-02
 
 129
 396.6499939 512.0499878 24.93871307 6.000000000 0.1374091371E-02
 
 130
 416.2500000 527.4000244 24.93772888 6.000000000 0.1442047418E-02
 
 131
 437.5499878 540.2500000 24.91305351 6.000000000 0.1517340075E-02
 
 132
 460.2500000 550.4499512 24.94190788 6.000000000 0.1594212954E-02
 
 133
 484.0499878 557.8499756 25.00599289 6.000000000 0.1672354410E-02
 
 134
 508.5499878 562.2999878 24.88156128 6.000000000 0.1765786670E-02
 
 135
 533.3500366 563.7999878 24.90002441 6.000000000 0.1850524102E-02
 
 136
 558.2000122 562.2999878 24.98072052 6.000000000 0.1930487924E-02
 
 137
 582.6999512 557.8499756 24.90885162 6.000000000 0.2021033317E-02
 
 138
 606.5000000 550.5499878 24.96498108 6.000000000 0.2098851837E-02
 
 139
 629.5999756 541.1500244 24.93692398 6.000000000 0.2181242919E-02
 
 140
 652.1999512 530.5999756 24.95512772 6.000000000 0.2257891931E-02
 
 141
 674.3499756 519.0999756 24.97220612 6.000000000 0.2332977951E-02
 
 142
 692.9000244 508.5000000 17.76738739 6.000000000 0.3369218670E-02
 
 143
 713.9000244 495.0999756 32.06243134 6.000000000 0.1923637115E-02
 
 144
 737.4000244 478.9500122 24.98259354 6.000000000 0.2550044795E-02
 
 145
 757.2000122 463.7500000 24.95698929 6.000000000 0.2621202730E-02
 
 146
 776.3000488 447.7000122 24.94793320 6.000000000 0.2688297071E-02
 
 147
 794.6999512 430.8999939 24.89655113 6.000000000 0.2757694805E-02
 
 148
 809.1999512 416.6499939 15.76994228 6.000000000 0.4433104303E-02
 
 149
 817.8499756 407.5999756 9.269848824 6.000000000 0.7622250356E-02
 
 150
 829.1999512 394.8499756 24.87263870 6.000000000 0.2880179789E-02
 
 151
 845.1999512 375.7500000 24.97220802 6.000000000 0.2924049506E-02
 
 152
 860.4000244 355.9500122 24.96097946 6.000000000 0.2977974713E-02
 
 153
 874.7500000 335.5500183 24.93390274 6.000000000 0.3030929947E-02
 
 154
 888.1500244 314.5499878 24.90183640 6.000000000 0.3081322415E-02
 
 155
 900.5999756 292.9500122 24.97214890 6.000000000 0.3115718486E-02
 
 156
 912.1500244 270.7999878 24.99941063 6.000000000 0.3152235877E-02
 
 157
 922.7500000 248.2000122 24.93691254 6.000000000 0.3196859732E-02
 
 158
 932.2999878 225.1999969 24.88454437 6.000000000 0.3236742690E-02
 
 159
 940.7999878 201.7999878 24.91905975 6.000000000 0.3261728911E-02
 
 160
 947.6999512 180.1999969 20.44015884 6.000000000 0.4005611409E-02
 
 161
 954.1999512 156.1000061 29.49236679 6.000000000 0.2795194043E-02
 
 162
 960.2500000 129.5500031 24.98520851 6.000000000 0.3320347518E-02
 
 163
 964.5499878 104.9799957 24.91623688 6.000000000 0.3344448283E-02
 
 164
 967.4500122 80.23000336 24.94854736 6.000000000 0.3350159386E-02
 
 165
 968.7000732 55.33000183 24.94320869 6.000000000 0.3355206223E-02
 
 166
 968.2500000 30.40499878 24.94390297 6.000000000 0.3353554057E-02
 
 167
 966.1500244 5.561999321 24.94513893 6.000000000 0.3346114885E-02
 
 168
 962.4000244 -19.08799934 24.95169258 6.000000000 0.3332251916E-02
 
 169
 957.7999878 -40.68500137 19.22833061 6.000000000 0.4303437192E-02
 
 170
 950.8000488 -64.61000061 30.65667915 6.000000000 0.2679453930E-02
 
 171
 941.4500122 -90.75000000 24.90182304 6.000000000 0.3266241634E-02
 
 172
 931.7500000 -113.6999969 24.93689919 6.000000000 0.3228041809E-02
 
 173
 921.6500244 -136.5499878 25.02838326 6.000000000 0.3181379288E-02
 
 174
 911.5499878 -159.3999939 24.93696213 6.000000000 0.3158051055E-02
 
 175
 901.5000000 -182.2000122 24.89656448 6.000000000 0.3128300887E-02
 
 176
 891.4500122 -205.0000000 24.93691254 6.000000000 0.3088421188E-02
 
 177
 881.3499756 -227.8500061 25.02840424 6.000000000 0.3042267868E-02
 
 178
 871.2999268 -250.6999969 24.89657784 6.000000000 0.3023501718E-02
 
 179
 861.2500000 -273.5000000 24.93689919 6.000000000 0.2983795013E-02
 
 180
 851.1500244 -296.2999878 24.93689919 6.000000000 0.2948803827E-02
 
 181
 839.1500244 -323.5000000 34.52206039 6.000000000 0.2100028098E-02
 
 182
 829.0999756 -346.3499756 15.40290737 6.000000000 0.4650358111E-02
 
 183
 820.9500122 -364.7999878 24.93692780 6.000000000 0.2844172763E-02
 
 184
 810.4500122 -387.4500122 25.00121117 6.000000000 0.2800576156E-02
 
 185
 798.6999512 -409.4500122 24.92009163 6.000000000 0.2768957056E-02
 
 186
 785.2999878 -430.4500122 24.93769455 6.000000000 0.2720579971E-02
 
 187
 770.2500000 -450.2999878 24.92889977 6.000000000 0.2669382375E-02
 
 188
 753.6500244 -468.8999939 24.96576881 6.000000000 0.2607996343E-02
 
 189
 735.7000122 -486.2000122 6.000000000 24.93030930 0.2549501602E-02
 
 190
 716.4500122 -502.0000000 6.000000000 24.92005539 0.2483814023E-02
 
 191
 696.0000000 -516.2000122 6.000000000 24.91107178 0.2413787413E-02
 
 192
 672.2500000 -529.8499756 6.000000000 29.92422104 0.1940841903E-02
 
 193
 649.8000488 -540.7500000 6.000000000 20.02421188 0.2803538460E-02
 
 194
 628.8000488 -548.7500000 6.000000000 24.95137978 0.2177209361E-02
 
 195
 604.9499512 -555.9500122 6.000000000 24.90988541 0.2098117955E-02
 
 196
 580.5999756 -561.2500000 6.000000000 24.97294807 0.2008581301E-02
 
 197
 555.9000244 -564.5999756 6.000000000 24.91584778 0.1927539241E-02
 
 198
 531.0499878 -566.0499878 6.000000000 24.90504456 0.1842172467E-02
 
 199
 506.1499634 -565.5499878 6.000000000 24.94513321 0.1752974465E-02
 
 200
 481.3999939 -562.5999756 6.000000000 24.99036789 0.1664238749E-02
 
 201
 457.2500000 -556.5999756 6.000000000 24.88877487 0.1587202772E-02
 
 202
 434.1500244 -547.4499512 6.000000000 24.91463280 0.1505454187E-02
 
 203
 412.4000244 -535.3499756 6.000000000 24.96500206 0.1427148818E-02
 
 204
 392.4500122 -520.5000000 6.000000000 24.89273453 0.1362052746E-02
 
 205
 374.7000122 -503.1000366 6.000000000 24.93031120 0.1298488816E-02
 
 206
 359.3499756 -483.5000000 6.000000000 24.96340752 0.1243643695E-02
 
 207
 346.7500000 -462.0499878 6.000000000 24.90983009 0.1202618587E-02
 
 208
 337.0999756 -439.0999756 6.000000000 24.98399544 0.1165679190E-02
 
 209
 330.5499878 -415.0999756 6.000000000 24.88714409 0.1147477771E-02
 
 210
 327.2500000 -390.4500122 6.000000000 24.95795822 0.1132798847E-02
 
 211
 326.3999939 -365.5499878 6.000000000 24.89999390 0.1132486737E-02
 
 212
 326.3999939 -340.6000061 6.000000000 25.00000000 0.1127956435E-02
 
 213
 326.3999939 -315.6500244 6.000000000 24.89999390 0.1132486737E-02
 
 214
 326.3999939 -290.7000122 6.000000000 25.00000000 0.1127956435E-02
 
 215
 326.3999939 -265.7500000 6.000000000 24.90000916 0.1132486039E-02
 
 216
 326.3999939 -240.8000031 6.000000000 25.00000000 0.1127956435E-02
 
 217
 326.3999939 -215.8500061 6.000000000 24.90000916 0.1132486039E-02
 
 218
 326.3999939 -190.8999939 6.000000000 24.99998474 0.1127957134E-02
 
 219
 326.3999939 -165.9500122 6.000000000 24.90000916 0.1132486039E-02
 
 220
 326.3999939 -141.0000000 6.000000000 25.00000000 0.1127956435E-02
 
 221
 326.3999939 -116.0500031 6.000000000 24.89999390 0.1132486737E-02
 
 222
 326.3999939 -91.11500549 6.000000000 24.97000122 0.1129311626E-02
 
 223
 326.3999939 -66.15499878 6.000000000 24.95000458 0.1130216639E-02
 
 224
 326.3999939 -41.20999908 6.000000000 24.94000053 0.1130670076E-02
 
 225
 326.3999939 -16.26350021 6.000000000 24.95299911 0.1130081015E-02
 
 226
 326.3999939 8.686499596 6.000000000 24.94700050 0.1130352728E-02
 
 227
 371.1500244 -214.9500122 92.90566254 6.000000000 0.3451353987E-03
 
 228
 371.1500244 -258.2000122 6.000000000 33.89999390 0.9458713466E-03
 
 229
 798.8499756 -214.0000000 126.4341583 6.000000000 0.5458621890E-03
 
 230
 722.8499756 -297.2500000 6.000000000 101.5985489 0.6146712112E-03
 
 231
 711.7500000 -332.9500122 58.58005905 6.000000000 0.1049687155E-02
 
 232
 750.6500244 -333.8000183 21.16243744 6.000000000 0.3064460354E-02
