kloop   i_calc
  24   1
RSI=
   3.57306   3.57306   3.57306   3.57306   3.57306   3.57306   
   3.57306   3.90326   5.01451   5.75475   7.2759   7.84184   
   8.33526   8.73309   8.96206   8.69332   8.30097   7.65707   
   7.56827   6.76782   6.52737   4.83513   3.9293   3.57309
ZSI=
   -2.51447   -1.5338   -0.517077   0.49464   1.54142   2.55414   
   3.57086   4.55187   5.16811   5.0641   3.97174   3.39082   
   2.67583   1.78255   0.604858   -0.721984   -1.60323   -2.56942   
   -3.27204   -3.25837   -4.67576   -5.06816   -4.51957   -3.52994
