 kloop      i_calc
    0      1
 RSI=
  0.8929,  0.8936,  0.8950,  0.8932,  1.0106,
  2.5110,  2.2850,  1.2517,  1.6885,  0.8929,
  0.8928,  0.8933,  0.8952,  1.0152,  2.5090,
  2.2970,  1.2491,  1.6882,  0.9247,  0.9247,
  0.9247,  0.9247,  0.9621,  1.1212,  1.6978,
  2.2090,  2.1933,  2.5010,  2.4347,  0.9247,
  0.9247,  0.9247,  0.9611,  1.1199,  1.8559,
  2.2150,  2.1933,  2.5010,  2.4328,  1.3828,
  1.5771
 ZSI=
  0.1683,  0.5092,  0.8500,  1.1909,  1.4475,
  0.3320,  1.0180,  1.5517,  1.5169, -0.1726,
 -0.5135, -0.8543, -1.1953, -1.4536, -0.3350,
 -1.0100, -1.5527, -1.5075,  0.0000,  0.3429,
  0.6858,  1.0287,  1.3208,  1.4646,  1.4646,
  1.2130,  1.0629,  0.5270,  0.4902, -0.3429,
 -0.6858, -1.0287, -1.3198, -1.4625, -1.4625,
 -1.2140, -1.0602, -0.5240, -0.4909, -1.4625,
 -1.4625
  ps loop due to pf
   4.37962E-07   1.99779E-07   9.86463E-08   5.52703E-08   4.16433E-08
   9.84800E-08   8.54624E-08   4.82796E-08   6.17134E-08   1.98549E-07
   9.81827E-08   5.51832E-08   3.33737E-08   2.71158E-08   9.14289E-08
   7.10183E-08   3.30538E-08   4.57275E-08
   4.34752E-06   4.35703E-06
   1.99184E-07   4.38254E-07   2.00192E-07   9.85139E-08   6.74091E-08
   1.00405E-07   9.94356E-08   7.32076E-08   8.48331E-08   9.80777E-08
   5.51943E-08   3.33259E-08   2.12976E-08   1.83571E-08   8.09968E-08
   5.78740E-08   2.32441E-08   3.39036E-08
   4.33132E-06   4.36635E-06
   9.84508E-08   1.99051E-07   4.39231E-07   1.99949E-07   1.16243E-07
   9.65130E-08   1.09593E-07   1.14648E-07   1.15297E-07   5.52236E-08
   3.33768E-08   2.12907E-08   1.42484E-08   1.28988E-08   6.94183E-08
   4.67692E-08   1.68283E-08   2.55546E-08
   4.30519E-06   4.37907E-06
   5.51807E-08   9.81316E-08   1.99204E-07   4.38166E-07   2.21493E-07
   8.72168E-08   1.11569E-07   1.81343E-07   1.47561E-07   3.32366E-08
   2.12068E-08   1.41578E-08   9.85196E-09   9.28982E-09   5.77672E-08
   3.74407E-08   1.24103E-08   1.94388E-08
   4.27854E-06   4.39220E-06
   4.40364E-08   7.22043E-08   1.26727E-07   2.42576E-07   5.30527E-07
   1.01133E-07   1.40107E-07   3.35210E-07   2.18915E-07   2.81942E-08
   1.88897E-08   1.31307E-08   9.45059E-09   9.21844E-09   6.35811E-08
   4.02127E-08   1.25482E-08   2.01258E-08
   4.23372E-06   4.46306E-06
   9.61847E-08   9.62107E-08   9.04734E-08   7.99986E-08   9.33232E-08
   1.50967E-06   6.13247E-07   1.38003E-07   2.45651E-07   9.03209E-08
   8.03332E-08   6.86822E-08   5.73731E-08   6.34962E-08   6.78308E-07
   3.65462E-07   9.21005E-08   1.59739E-07
   5.13444E-06   4.49597E-06
   8.52571E-08   9.85144E-08   1.06982E-07   1.06498E-07   1.36548E-07
   6.94595E-07   1.35669E-06   2.11495E-07   4.06379E-07   7.06381E-08
   5.71181E-08   4.56612E-08   3.64936E-08   3.90906E-08   3.54984E-07
   2.07833E-07   5.58183E-08   9.48977E-08
   5.04662E-06   4.37467E-06
   4.86306E-08   7.41226E-08   1.16328E-07   1.79682E-07   3.61295E-07
   1.48020E-07   2.16158E-07   7.22247E-07   3.86378E-07   3.28609E-08
   2.29400E-08   1.64716E-08   1.21666E-08   1.21674E-08   8.99793E-08
   5.60214E-08   1.67835E-08   2.73616E-08
   3.96081E-06   4.77361E-06
   6.18373E-08   8.46115E-08   1.13542E-07   1.41087E-07   2.20085E-07
   2.72854E-07   4.34087E-07   3.86341E-07   1.06171E-06   4.51620E-08
   3.33742E-08   2.50195E-08   1.91043E-08   1.96974E-08   1.58324E-07
   9.66219E-08   2.76005E-08   4.58610E-08
   3.90304E-06   4.89933E-06
   1.99085E-07   9.84753E-08   5.54072E-08   3.33356E-08   2.70379E-08
   9.13122E-08   7.09081E-08   3.29099E-08   4.51686E-08   4.37953E-07
   1.99059E-07   9.82547E-08   5.53022E-08   4.17966E-08   9.85391E-08
   8.54484E-08   4.85015E-08   6.25012E-08
   4.35768E-06   4.34676E-06
   9.81849E-08   5.52883E-08   3.34223E-08   2.12343E-08   1.82891E-08
   8.07046E-08   5.75996E-08   2.31122E-08   3.34538E-08   1.99608E-07
   4.37894E-07   1.99197E-07   9.84094E-08   6.76396E-08   1.00200E-07
   9.90498E-08   7.34508E-08   8.57664E-08
   4.36684E-06   4.33032E-06
   5.51884E-08   3.33784E-08   2.13188E-08   1.41763E-08   1.28352E-08
   6.90071E-08   4.64029E-08   1.67061E-08   2.51850E-08   9.84574E-08
   1.99165E-07   4.38054E-07   1.99465E-07   1.16658E-07   9.60447E-08
   1.08744E-07   1.14837E-07   1.16193E-07
   4.37941E-06   4.30393E-06
   3.33884E-08   2.13338E-08   1.42690E-08   9.86611E-09   9.31456E-09
   5.78814E-08   3.74056E-08   1.24132E-08   1.93152E-08   5.54219E-08
   9.84416E-08   1.99439E-07   4.39376E-07   2.24299E-07   8.74808E-08
   1.11544E-07   1.82978E-07   1.49483E-07
   4.39373E-06   4.27682E-06
   2.83476E-08   1.90306E-08   1.32598E-08   9.48298E-09   9.27006E-09
   6.39161E-08   4.02751E-08   1.25872E-08   2.00673E-08   4.42372E-08
   7.23603E-08   1.26493E-07   2.42878E-07   5.36320E-07   1.01785E-07
   1.40641E-07   3.41375E-07   2.22222E-07
   4.46856E-06   4.22833E-06
   9.04466E-08   8.05896E-08   6.90522E-08   5.72203E-08   6.35659E-08
   6.75894E-07   3.62628E-07   9.18674E-08   1.58412E-07   9.62884E-08
   9.61061E-08   9.01163E-08   8.03077E-08   9.32020E-08   1.51095E-06
   6.17818E-07   1.38332E-07   2.47643E-07
   4.49518E-06   5.14051E-06
   7.10944E-08   5.77142E-08   4.63148E-08   3.67812E-08   3.95754E-08
   3.59536E-07   2.09274E-07   5.63531E-08   9.53383E-08   8.55429E-08
   9.83143E-08   1.06090E-07   1.06204E-07   1.35040E-07   7.06495E-07
   1.34901E-06   2.09875E-07   4.05103E-07
   4.37200E-06   5.05135E-06
   3.29398E-08   2.30114E-08   1.65443E-08   1.21293E-08   1.21508E-08
   8.95752E-08   5.55723E-08   1.67088E-08   2.70675E-08   4.87894E-08
   7.43408E-08   1.16538E-07   1.81802E-07   3.61016E-07   1.47330E-07
   2.14151E-07   7.21705E-07   3.84606E-07
   4.77464E-06   3.95969E-06
   4.57673E-08   3.38520E-08   2.54104E-08   1.92490E-08   1.98856E-08
   1.59199E-07   9.67559E-08   2.77684E-08   4.58526E-08   6.26864E-08
   8.56136E-08   1.14392E-07   1.42808E-07   2.19258E-07   2.74308E-07
   4.33758E-07   3.85654E-07   1.06154E-06
   4.89178E-06   3.91274E-06
   3.21040E-07   1.41371E-07   7.63281E-08   4.47448E-08   3.53020E-08
   1.02732E-07   8.38662E-08   4.21858E-08   5.63010E-08   3.16194E-07
   1.39712E-07   7.54762E-08   4.45068E-08   3.52237E-08   1.02732E-07
   8.37320E-08   4.21712E-08   5.67868E-08
   4.35706E-06   4.35653E-06
   3.15387E-07   3.24418E-07   1.42194E-07   7.63986E-08   5.56222E-08
   1.07775E-07   9.96999E-08   6.29607E-08   7.74270E-08   1.38871E-07
   7.51676E-08   4.42694E-08   2.77211E-08   2.33692E-08   9.27115E-08
   6.85545E-08   2.91715E-08   4.16958E-08
   4.34415E-06   4.36568E-06
   1.38622E-07   3.13141E-07   3.27551E-07   1.42451E-07   9.25849E-08
   1.06278E-07   1.13077E-07   9.71914E-08   1.06383E-07   7.47933E-08
   4.41044E-08   2.75730E-08   1.81318E-08   1.61070E-08   8.02445E-08
   5.53153E-08   2.07746E-08   3.10597E-08
   4.32122E-06   4.37760E-06
   7.46818E-08   1.37888E-07   3.12645E-07   3.27710E-07   1.67094E-07
   9.87246E-08   1.19985E-07   1.54919E-07   1.42171E-07   4.39126E-08
   2.74778E-08   1.80349E-08   1.23630E-08   1.14745E-08   6.75268E-08
   4.43959E-08   1.51894E-08   2.35082E-08
   4.28752E-06   4.39556E-06
   4.96413E-08   8.42685E-08   1.56302E-07   3.29596E-07   3.38421E-07
   9.66292E-08   1.29106E-07   2.51635E-07   1.86229E-07   3.09416E-08
   2.02851E-08   1.38476E-08   9.81591E-09   9.42927E-09   6.21367E-08
   3.97079E-08   1.27276E-08   2.01986E-08
   4.25899E-06   4.42555E-06
   4.84757E-08   7.71181E-08   1.28814E-07   2.18419E-07   4.51356E-07
   1.23802E-07   1.74494E-07   4.54287E-07   2.83080E-07   3.17130E-08
   2.15889E-08   1.51917E-08   1.10384E-08   1.08645E-08   7.68743E-08
   4.83241E-08   1.48598E-08   2.39734E-08
   4.14280E-06   4.57289E-06
   6.50234E-08   8.86357E-08   1.17809E-07   1.43576E-07   2.17683E-07
   2.84585E-07   4.51424E-07   3.74810E-07   9.04659E-07   4.75305E-08
   3.51045E-08   2.62830E-08   2.00368E-08   2.06191E-08   1.65112E-07
   1.00743E-07   2.88624E-08   4.78961E-08
   3.97824E-06   4.83563E-06
   7.79405E-08   9.36302E-08   1.06740E-07   1.11750E-07   1.50164E-07
   5.56708E-07   1.19017E-06   2.38222E-07   4.80123E-07   6.28040E-08
   4.98692E-08   3.94193E-08   3.13014E-08   3.33902E-08   2.96614E-07
   1.75746E-07   4.75869E-08   8.07104E-08
   5.02049E-06   4.40350E-06
   8.52258E-08   1.00470E-07   1.11137E-07   1.11959E-07   1.44271E-07
   6.17635E-07   1.17376E-06   2.24101E-07   4.33202E-07   6.93291E-08
   5.52186E-08   4.36130E-08   3.45279E-08   3.66714E-08   3.24695E-07
   1.91498E-07   5.21423E-08   8.81868E-08
   4.94173E-06   4.41625E-06
   9.38681E-08   9.74734E-08   9.49814E-08   8.64198E-08   1.03209E-07
   1.52205E-06   7.36329E-07   1.54347E-07   2.79371E-07   8.52183E-08
   7.38523E-08   6.20269E-08   5.12543E-08   5.63232E-08   5.72899E-07
   3.17963E-07   8.14236E-08   1.40599E-07
   5.60618E-06   4.41401E-06
   9.71653E-08   1.00388E-07   9.69103E-08   8.71431E-08   1.02711E-07
   1.35434E-06   7.01067E-07   1.52615E-07   2.73602E-07   8.82476E-08
   7.62329E-08   6.36883E-08   5.23042E-08   5.70872E-08   5.71501E-07
   3.17686E-07   8.22434E-08   1.41400E-07
   5.31774E-06   4.44541E-06
   1.40376E-07   7.59260E-08   4.47334E-08   2.78373E-08   2.34257E-08
   9.27115E-08   6.85719E-08   2.91773E-08   4.13543E-08   3.20232E-07
   3.18881E-07   1.40380E-07   7.58827E-08   5.55129E-08   1.07775E-07
   9.94030E-08   6.29273E-08   7.81096E-08
   4.36620E-06   4.34351E-06
   7.54668E-08   4.45057E-08   2.78454E-08   1.81903E-08   1.61483E-08
   8.02444E-08   5.52626E-08   2.07761E-08   3.08188E-08   1.40124E-07
   3.17356E-07   3.21149E-07   1.41183E-07   9.24345E-08   1.06278E-07
   1.12608E-07   9.71169E-08   1.07292E-07
   4.37819E-06   4.32037E-06
   4.42602E-08   2.77070E-08   1.82039E-08   1.23930E-08   1.15052E-08
   6.75268E-08   4.43075E-08   1.51889E-08   2.33364E-08   7.53540E-08
   1.39239E-07   3.15838E-07   3.24358E-07   1.66911E-07   9.87246E-08
   1.19414E-07   1.54751E-07   1.43188E-07
   4.39626E-06   4.28639E-06
   3.11570E-08   2.04339E-08   1.39631E-08   9.82578E-09   9.44632E-09
   6.20460E-08   3.95443E-08   1.27129E-08   2.00356E-08   5.00454E-08
   8.49903E-08   1.57738E-07   3.36362E-07   3.36825E-07   9.64637E-08
   1.28233E-07   2.50357E-07   1.86529E-07
   4.42581E-06   4.25775E-06
   3.19490E-08   2.17591E-08   1.53275E-08   1.10534E-08   1.08925E-08
   7.67981E-08   4.81254E-08   1.48517E-08   2.38006E-08   4.88906E-08
   7.77807E-08   1.29827E-07   2.22193E-07   4.48700E-07   1.23635E-07
   1.73351E-07   4.49992E-07   2.82898E-07
   4.57222E-06   4.14269E-06
   5.02935E-08   3.80322E-08   2.90304E-08   2.22719E-08   2.32801E-08
   1.92332E-07   1.15944E-07   3.26962E-08   5.43778E-08   6.68603E-08
   8.77515E-08   1.11380E-07   1.31527E-07   1.92752E-07   3.38316E-07
   5.61564E-07   3.25960E-07   8.01195E-07
   4.76067E-06   4.05058E-06
   6.29797E-08   5.01338E-08   3.97385E-08   3.13339E-08   3.35526E-08
   2.97574E-07   1.75431E-07   4.76733E-08   8.04384E-08   7.80631E-08
   9.34821E-08   1.06128E-07   1.11942E-07   1.49250E-07   5.58961E-07
   1.18565E-06   2.37795E-07   4.81799E-07
   4.40247E-06   5.01009E-06
   6.96916E-08   5.56140E-08   4.40202E-08   3.45861E-08   3.68478E-08
   3.25291E-07   1.90958E-07   5.22191E-08   8.78107E-08   8.56074E-08
   1.00620E-07   1.10815E-07   1.12387E-07   1.43640E-07   6.18937E-07
   1.15324E-06   2.23930E-07   4.35413E-07
   4.41879E-06   4.93045E-06
   8.54746E-08   7.42680E-08   6.25499E-08   5.12992E-08   5.65992E-08
   5.74286E-07   3.17019E-07   8.15447E-08   1.40040E-07   9.40237E-08
   9.73143E-08   9.44499E-08   8.65484E-08   1.02728E-07   1.52831E-06
   7.38143E-07   1.54170E-07   2.80510E-07
   4.41585E-06   5.60103E-06
   8.84546E-08   7.65644E-08   6.41112E-08   5.22387E-08   5.72195E-08
   5.70609E-07   3.15786E-07   8.21440E-08   1.40406E-07   9.73303E-08
   1.00297E-07   9.64951E-08   8.74213E-08   1.02457E-07   1.34831E-06
   7.04268E-07   1.52788E-07   2.75500E-07
   4.44633E-06   5.31559E-06
   4.05381E-08   2.86361E-08   2.07339E-08   1.52672E-08   1.53466E-08
   1.14284E-07   7.06383E-08   2.11373E-08   3.43043E-08   5.89775E-08
   8.72219E-08   1.29378E-07   1.80389E-07   2.94862E-07   1.89301E-07
   2.76781E-07   5.31833E-07   5.04493E-07
   4.78087E-06   3.98155E-06
   4.54512E-08   3.30274E-08   2.44349E-08   1.82930E-08   1.86801E-08
   1.45184E-07   8.87920E-08   2.59335E-08   4.25088E-08   6.36384E-08
   8.92593E-08   1.22864E-07   1.56698E-07   2.40433E-07   2.46339E-07
   3.75926E-07   4.25090E-07   7.84716E-07
   4.84056E-06   3.95468E-06
                calculated psi-loops signals ssiref(vs/rad) =  0.00000E+00
  -0.116645E+00  -0.897500E-01  -0.648329E-01  -0.581901E-01
  -0.446528E-01  -0.265609E+00  -0.265147E+00  -0.467097E-01
  -0.772133E-01  -0.114677E+00  -0.108732E+00  -0.103316E+00
  -0.494189E-01   0.453428E-01  -0.291061E+00  -0.333685E+00
   0.113400E+00   0.355339E-01  -0.958158E-01  -0.860595E-01
  -0.663589E-01  -0.568839E-01  -0.538502E-01  -0.445307E-01
  -0.760769E-01  -0.236090E+00  -0.212497E+00  -0.297879E+00
  -0.226886E+00  -0.948483E-01  -0.965582E-01  -0.714357E-01
  -0.104709E-01   0.605257E-01  -0.369793E-01  -0.274602E+00
  -0.254602E+00  -0.334980E+00  -0.259775E+00   0.654786E-01
   0.399864E-01
