 npf    cnm       kl_pf
 16     1. 	   0
  PF1
 2 2 1
  388.00     758.40    102.7        97.40
  PF2
 2 1 1
  833.80     650.90    70.30        47.20
  PF3
 2 3 1
  1201.4     305.50    82.00        126.20
  PF4
 2 2 1
  1195.5    -246.50    70.30        111.90
  PF5
 2 2 1
  839.60    -674.8     82.00        94.50
  PF6
 4 2 1
  427.30    -755.90    181.30       85.20
  CS3L
 2 5 1
  167.7    -497.40     76.50       178.9
  CS2L
 2 5 1
  167.7    -304.10     76.50       197.7
  CS1L
 2 5 1
  167.7    -101.40     76.50       197.7
  CS1U
 2 5 1
  167.7     101.4      76.50       197.7
  CS2U
 2 5 1
  167.7     304.1      76.50       197.7
  CS3U
 2 5 1
  167.7     497.4      76.50       178.9
 13
 1 1 1
  700.    360.      10.       10.
 14
 1 1 1
  700.    -360.      10.       10.
 15
 1 1 1
  1000.0    280.0    10        10.
 16
 1 1 1
  1000.0    -230.0    10        10.
 r1  r2     z1     z2
 100.  1100.  -700. 700.
 i_gra
 1













