 npf    cnm       kl_pf
 11     1. 	   0
  CS3U
 2 5 1
  172.2     531.3      71.90       207.5
  CS2U
 2 5 1
  172.2     318.8      71.90       207.5
  CS1
 2 10 1
  172.2     0.         71.90       425.2
  CS2L
 2 5 1
  172.2    -318.80     71.90       207.5
  CS3L (2 5)
 2 5 1
  172.2    -531.30     71.90       207.5
  PF1
 2 2 1
  394.30     755.70    96.8         97.60
  PF2
 2 1 1
  831.90     653.00    64.90        59.50
  PF3
 2 3 1
  1199.7     326.50    70.80        112.50
  PF4
 2 2 1
  1199.7    -224.30    64.90        112.50
  PF5
 2 2 1
  839.50    -673.0     82.00        94.50
  PF6
 4 2 1
  426.30    -755.70    163.30       97.60








