 npf    cnm       kl_pf
 16     1. 	   0
  PF1
 2 2 1
  395.40     755.70    96.8         97.60
  PF2
 2 1 1
  830.90     653.00    64.90        59.50
  PF3
 2 3 1
  1193.5     324.40    70.80        112.50
  PF4
 2 2 1
  1190.5    -226.30    64.90        112.50
  PF5
 2 2 1
  839.50    -673.0     82.00        94.50
  PF6
 4 2 1
  428.70    -755.70    163.30       97.60
  CS3L
 2 5 1
  168.8    -507.10     74.90       197.9
  CS2L
 2 5 1
  168.8    -304.30     74.90       197.9
  CS1L
 2 5 1
  168.8    -101.40     74.90       197.9
  CS1U
 2 5 1
  168.8     101.4      74.90       197.9
  CS2U
 2 5 1
  168.8     304.3      74.90       197.9
  CS3U
 2 5 1
  168.8     507.1      74.90       197.9
 13
 1 1 1
  700.    360.      10.       10.
 14
 1 1 1
  700.    -360.      10.       10.
 15
 1 1 1
  1000.0    280.0    10        10.
 16
 1 1 1
  1000.0    -230.0    10        10.
 r1  r2     z1     z2
 100.  1100.  -700. 700.
 i_gra
 1













