 1
 10
  154.224991  448.299988  0.1  38.6254463
  154.224991  489.799988  0.1  38.6254463
  154.224991  531.299988  0.1  38.6254463
  154.224991  572.799988  0.1  38.6254463
  154.224991  614.299988  0.1  38.6254463
  190.175003  448.299988  0.1  38.6254463
  190.175003  489.799988  0.1  38.6254463
  190.175003  531.299988  0.1  38.6254463
  190.175003  572.799988  0.1  38.6254463
  190.175003  614.299988  0.1  38.6254463
 2
 10
  154.224991  235.799988  0.1  38.6254463
  154.224991  277.299988  0.1  38.6254463
  154.224991  318.799988  0.1  38.6254463
  154.224991  360.299988  0.1  38.6254463
  154.224991  401.799988  0.1  38.6254463
  190.175003  235.799988  0.1  38.6254463
  190.175003  277.299988  0.1  38.6254463
  190.175003  318.799988  0.1  38.6254463
  190.175003  360.299988  0.1  38.6254463
  190.175003  401.799988  0.1  38.6254463
 3
 20
  154.224991  21.2600002  0.1  39.0972404
  154.224991  63.7800026  0.1  39.0972404
  154.224991  106.300003  0.1  39.0972404
  154.224991  148.820007  0.1  39.0972404
  154.224991  191.340012  0.1  39.0972404
  190.175003  21.2600002  0.1  39.0972404
  190.175003  63.7800026  0.1  39.0972404
  190.175003  106.300003  0.1  39.0972404
  190.175003  148.820007  0.1  39.0972404
  190.175003  191.340012  0.1  39.0972404
  154.224991 -191.340012  0.1  39.0972404
  154.224991 -148.820007  0.1  39.0972404
  154.224991 -106.300003  0.1  39.0972404
  154.224991 -63.7800026  0.1  39.0972404
  154.224991 -21.2600002  0.1  39.0972404
  190.175003 -191.340012  0.1  39.0972404
  190.175003 -148.820007  0.1  39.0972404
  190.175003 -106.300003  0.1  39.0972404
  190.175003 -63.7800026  0.1  39.0972404
  190.175003 -21.2600002  0.1  39.0972404
 4
 10
  154.224991 -401.799988  0.1  38.6254463
  154.224991 -360.299988  0.1  38.6254463
  154.224991 -318.799988  0.1  38.6254463
  154.224991 -277.299988  0.1  38.6254463
  154.224991 -235.799988  0.1  38.6254463
  190.175003 -401.799988  0.1  38.6254463
  190.175003 -360.299988  0.1  38.6254463
  190.175003 -318.799988  0.1  38.6254463
  190.175003 -277.299988  0.1  38.6254463
  190.175003 -235.799988  0.1  38.6254463
 5
 10
  154.224991 -614.299988  0.1  38.6254463
  154.224991 -572.799988  0.1  38.6254463
  154.224991 -531.299988  0.1  38.6254463
  154.224991 -489.799988  0.1  38.6254463
  154.224991 -448.299988  0.1  38.6254463
  190.175003 -614.299988  0.1  38.6254463
  190.175003 -572.799988  0.1  38.6254463
  190.175003 -531.299988  0.1  38.6254463
  190.175003 -489.799988  0.1  38.6254463
  190.175003 -448.299988  0.1  38.6254463
 6
 4
  370.099976  731.299988  0.25  48.5995903
  370.099976  780.100037  0.25  48.5995903
  418.5  731.299988  0.25  48.5995903
  418.5  780.100037  0.25  48.5995903
 7
 2
  815.675049  653.  0.5  43.9405861
  848.125  653.  0.5  43.9405861
 8
 6
  1182.  289.  0.166666667  36.4348755
  1182.  326.5  0.166666667  36.4348755
  1182.  364.  0.166666667  36.4348755
  1217.3999  289.  0.166666667  36.4348755
  1217.3999  326.5  0.166666667  36.4348755
  1217.3999  364.  0.166666667  36.4348755
 9
 4
  1183.47498 -252.425003  0.25  42.7236748
  1183.47498 -196.175003  0.25  42.7236748
  1215.92493 -252.425003  0.25  42.7236748
  1215.92493 -196.175003  0.25  42.7236748
 10
 4
  819. -696.625  0.25  44.0142021
  819. -649.375  0.25  44.0142021
  860. -696.625  0.25  44.0142021
  860. -649.375  0.25  44.0142021
 11
 8
  365.0625 -780.100037  0.125  44.6347389
  365.0625 -731.299988  0.125  44.6347389
  405.887482 -780.100037  0.125  44.6347389
  405.887482 -731.299988  0.125  44.6347389
  446.712494 -780.100037  0.125  44.6347389
  446.712494 -731.299988  0.125  44.6347389
  487.537476 -780.100037  0.125  44.6347389
  487.537476 -731.299988  0.125  44.6347389
