 1
 10  1.
  154.225  448.3
  154.225  489.8
  154.225  531.3
  154.225  572.8
  154.225  614.3
  190.175  448.3
  190.175  489.8
  190.175  531.3
  190.175  572.8
  190.175  614.3
 2
 10  1.
  154.225  235.8
  154.225  277.3
  154.225  318.8
  154.225  360.3
  154.225  401.8
  190.175  235.8
  190.175  277.3
  190.175  318.8
  190.175  360.3
  190.175  401.8
 3
 20  1.
  154.225 -191.34
  154.225 -148.82
  154.225 -106.3
  154.225 -63.78
  154.225 -21.26
  154.225  21.26
  154.225  63.78
  154.225  106.3
  154.225  148.82
  154.225  191.34
  190.175 -191.34
  190.175 -148.82
  190.175 -106.3
  190.175 -63.78
  190.175 -21.26
  190.175  21.26
  190.175  63.78
  190.175  106.3
  190.175  148.82
  190.175  191.34
 4
 10  1.
  154.225 -401.8
  154.225 -360.3
  154.225 -318.8
  154.225 -277.3
  154.225 -235.8
  190.175 -401.8
  190.175 -360.3
  190.175 -318.8
  190.175 -277.3
  190.175 -235.8
 5
 10  1.
  154.225 -614.3
  154.225 -572.8
  154.225 -531.3
  154.225 -489.8
  154.225 -448.3
  190.175 -614.3
  190.175 -572.8
  190.175 -531.3
  190.175 -489.8
  190.175 -448.3
 6
 4  1.
  370.1  731.3
  370.1  780.1
  418.5  731.3
  418.5  780.1
 7
 2  1.
  815.675  653.
  848.125  653.
 8
 6  1.
  1182.  289.
  1182.  326.5
  1182.  364.
  1217.4  289.
  1217.4  326.5
  1217.4  364.
 9
 4  1.
  1183.475 -252.425
  1183.475 -196.175
  1215.925 -252.425
  1215.925 -196.175
 10
 4  1.
  819. -696.625
  819. -649.375
  860. -696.625
  860. -649.375
 11
 8  1.
  365.0625 -780.1
  365.0625 -731.3
  405.8875 -780.1
  405.8875 -731.3
  446.7125 -780.1
  446.7125 -731.3
  487.5375 -780.1
  487.5375 -731.3
