kprobe    kpb   i_calc
  48   3   1
XMP2=
   4.09795   4.09795   4.48882   4.48882   4.90693   4.90693   
   5.22306   5.22306   5.80986   5.80986   5.86105   5.86105   
   3.59673   3.59673   3.59612   3.59631   3.59612   3.59622   
   3.59793   4.91978   6.11675   6.82577   7.76831   8.28186   
   8.76635   8.9473   8.81261   8.33489   7.8586   6.7891   
   6.47955   5.69336   4.83906   4.13029   3.68081   3.59273   
   3.92046   5.6933   6.95899   6.49147   5.69795   4.83769   
   6.49147   5.69795   4.83769   4.12044   3.66892   3.57231
YMP2=
   -3.40875   -3.40875   -3.81775   -3.81775   -3.87915   -3.87915   
   -4.18517   -4.18517   -4.30838   -4.30838   -3.78229   -3.78229   
   -2.45577   -1.43904   -0.42232   0.59441   1.61114   2.62786   
    3.64493   5.13248   4.83333   4.3092   3.46096   2.75238   
    1.63496   0.69494   -0.37613   -1.51895   -2.59571   -3.22511   
    -4.6851   -5.0185   -5.04903   -4.69879   -4.04774   -3.56928   
    4.57709   5.087   4.29914   -4.70008   -5.0383   -5.06747   
    -4.70008   -5.0383   -5.06747   -4.71301   -4.05291   -3.51991
AMP2=
   60.0001   -30   26.5   -63.5001   -28.2   61.8001   
   -67.2001   22.8   90.0001   0   61.0001   -29   
   90.0001   90.0001   90.0001   90.0001   90.0001   90.0001   
   -87.6301   -9.14001   -37.04   -37.04   -49   -59.15   
   -73.1901   -86.6601   -72.6601   -66.1901   -66.1901   -37.66   
   -32.89   -13.05   -11.63   -40.96   -70.2901   -92.0101   
    0   -3.63   -38.8   -11.68   -70.8201   -52.9   
    -57.11   -13.05   -78.3701   -49.04   -19.71   -0.950001
SMP2=
   0.01   0.01   0.01   0.01   0.01   0.01   0.01   0.01   0.01   
   0.01   0.01   0.01   0.01   0.01   0.01   0.01   0.01   0.01   
   0.01   0.01   0.01   0.01   0.01   0.01   0.01   0.01   0.01   
   0.01   0.01   0.01   0.01   0.01   0.01   0.01   0.01   0.01   
   0.01   0.01   0.01   0.01   0.01   0.01   0.01   0.01   0.01   
   0.01   0.01   0.01
