 kprobe kpb   i_calc
  0    6     1
 XMP2=
  0.9720,  0.9717,  0.9712,  0.9717,  0.9714,
  1.0492,  1.2615,  1.5340,  1.7861,  2.0514,
  2.2055,  2.2855,  2.3685,  2.4157,  2.4168,
  0.9718,  0.9711,  0.9712,  0.9708,  1.0497,
  1.2530,  1.4660,  1.6987,  1.8978,  2.0887,
  2.2057,  2.2914,  2.3697,  2.4164
  1.2194,  1.4017,  1.5841,  1.7825,  1.9243,
  2.0673,  2.2066,  2.2873,  2.3681,  2.4159,
  2.4182,  2.4162,  2.3695,  2.2897,  2.2029,
  2.0848,  1.8940,  1.6989,  1.4769,  1.2541,
  1.0479,  0.9724,  0.9740,  0.9748,  0.9737,
  0.9732,  0.9741,  0.9742,  0.9745,  0.9722,  
  1.0511
 YMP2=
 -0.0043,  0.1813,  0.5090,  0.8705,  1.1437,
  1.3292,  1.4072,  1.4101,  1.3233,  1.1068,
  0.9041,  0.7070,  0.5107,  0.2521,  0.0008,
 -0.1878, -0.5216, -0.8601, -1.1524, -1.3340,
 -1.4088, -1.4086, -1.4099, -1.3303, -1.0969,
 -0.8977, -0.6911, -0.5037, -0.2435
  1.4055,  1.4070,  1.4084,  1.3230,  1.2064,
  1.0904,  0.9015,  0.7036,  0.5079,  0.2492,
 -0.0009, -0.2438, -0.5041, -0.6907, -0.8979,
 -1.1020, -1.3327, -1.4063, -1.4055, -1.4047,
 -1.3302, -1.1589, -0.8542, -0.5122, -0.1870,
 -0.0023,  0.1817,  0.5116,  0.8503,  1.1609,
  1.3304
 AMP2=
 -269.8424, -269.8633, -269.9790,  89.8003, -269.7477,
   45.2332,    0.3500,    0.6667, -39.4000,  -39.2167,
  -68.1500,  -67.6500,  -67.3667, -89.6333,  -90.0167,
   89.9264, -269.9369, -269.9369,  89.6320, -223.5667,
 -180.0500, -180.3167, -180.2500, -129.800, -128.9833,
 -111.9667, -112.7833, -112.9167, -90.1000
    0.3000,    0.6670,    0.6170, -39.2830,  -39.1670,
  -39.4170,  -67.9000,  -67.8000, -67.3670,  -89.3330,
  -89.9000,  269.2500,  246.1830, 247.2830,  247.5670,
  230.8170,  230.4670,  179.8670, 180.0830,  180.0330,
  136.3830,   89.5670,   89.7500,  90.2670,   90.1170,
   89.9330,   90.0170,   89.7000,  90.1500,   90.4830,
   44.6170
smp2=
0.1016, 0.1384, 0.1384, 0.1384, 0.1384,
0.1016, 0.1321, 0.1321, 0.1107, 0.1107,
0.1107, 0.1107, 0.1107, 0.1321, 0.1321,
0.1384, 0.1384, 0.1384, 0.1384, 0.1016,
0.1384, 0.1384, 0.1384, 0.1107, 0.1107,
0.1107, 0.1107, 0.1107, 0.1321,
0.1394, 0.1145, 0.1403, 0.1409, 0.1141,
0.1398, 0.1403, 0.1407, 0.1402, 0.1407,
0.1399, 0.1399, 0.1403, 0.1416, 0.1407,
0.1403, 0.1416, 0.1415, 0.1403, 0.1403,
0.1403, 0.1415, 0.1402, 0.1404, 0.1400,
0.1153, 0.1400, 0.1403, 0.1404, 0.1404,
0.1407
  probe loop due to pf
  -3.94207E-07   8.64316E-08   8.33009E-08   6.14485E-08   5.89026E-08
   2.52466E-07   1.94855E-07   7.79015E-08   1.15925E-07  -4.10446E-07
   8.39603E-08   8.23093E-08   6.15092E-08   5.89852E-08   2.52921E-07
   1.95423E-07   7.82913E-08   1.17565E-07
   1.43057E-07   1.42174E-07
  -8.00080E-07  -1.21288E-09   9.21262E-08   7.29845E-08   7.14970E-08
   2.63156E-07   2.18613E-07   9.47047E-08   1.38503E-07   2.32420E-08
   8.96500E-08   7.08030E-08   5.14563E-08   4.89917E-08   2.38116E-07
   1.73346E-07   6.51362E-08   9.92124E-08
   1.38237E-07   1.46360E-07
   1.19841E-08  -8.07618E-07   1.42225E-08   9.09275E-08   1.02264E-07
   2.68458E-07   2.60691E-07   1.38041E-07   1.93465E-07   9.06173E-08
   7.18379E-08   5.20752E-08   3.74353E-08   3.58205E-08   2.06523E-07
   1.39345E-07   4.80109E-08   7.47644E-08
   1.12040E-07   1.65211E-07
   9.05518E-08   3.24128E-08  -8.05440E-07  -1.32468E-08   1.57699E-07
   2.53082E-07   2.95798E-07   2.28027E-07   2.87969E-07   7.07482E-08
   5.11375E-08   3.66546E-08   2.65991E-08   2.59014E-08   1.70472E-07
   1.09421E-07   3.51455E-08   5.59130E-08
   2.39356E-08   2.38837E-07
   7.44044E-08   9.06432E-08  -4.64781E-08  -7.73946E-07   2.45320E-07
   2.30115E-07   3.03940E-07   3.84212E-07   3.89085E-07   5.41752E-08
   3.88698E-08   2.80865E-08   2.06583E-08   2.04603E-08   1.45129E-07
   9.11082E-08   2.80462E-08   4.52831E-08
  -1.38386E-07   3.82274E-07
   9.02051E-08   1.41941E-07   2.15882E-07  -7.17534E-08  -6.20576E-07
   1.85227E-07   2.34176E-07   7.58668E-08   2.62641E-07   5.85598E-08
   3.92249E-08   2.70471E-08   1.92275E-08   1.84541E-08   1.20491E-07
   7.69682E-08   2.48790E-08   3.93742E-08
  -1.60157E-07   3.17480E-07
   5.67077E-08   9.26494E-08   1.45224E-07   1.36154E-07  -2.49417E-07
   6.29751E-08   4.65316E-08  -8.79531E-07  -1.76694E-07   3.51567E-08
   2.24310E-08   1.47137E-08   9.94563E-09   8.99948E-09   4.74379E-08
   3.17843E-08   1.17118E-08   1.76582E-08
   5.82054E-07  -5.28968E-07
   4.43627E-08   6.21181E-08   7.44574E-08   4.72956E-08  -5.58119E-08
   8.74958E-08   8.20272E-08  -3.10225E-07  -6.60994E-07   3.03643E-08
   2.07481E-08   1.43202E-08   1.00653E-08   9.45954E-09   5.81845E-08
   3.70447E-08   1.25833E-08   1.95321E-08
   7.23560E-07  -5.95021E-07
   2.63769E-08   3.98467E-08   5.08417E-08   4.39296E-08   2.08896E-08
  -4.73157E-08  -2.10330E-07  -1.00398E-08  -4.51429E-07   1.60953E-08
   9.41869E-09   5.29638E-09   2.82267E-09   1.63606E-09  -1.31026E-08
  -5.19468E-09   1.36101E-09   3.44572E-10
   2.73948E-07  -1.69342E-07
   2.57980E-08   3.12050E-08   2.95378E-08   1.72212E-08  -7.96526E-10
  -2.72001E-08  -5.40539E-07  -2.09379E-08  -1.27564E-07   1.86276E-08
   1.25163E-08   8.04702E-09   5.01833E-09   3.87931E-09   4.07152E-09
   4.87398E-09   4.46618E-09   5.37279E-09
  -2.93295E-07   8.97527E-08
   1.96047E-08   2.49259E-08   2.48306E-08   1.77215E-08   1.01151E-08
  -2.20310E-07  -7.76421E-07   5.93500E-09  -2.21121E-08   1.27357E-08
   6.98474E-09   2.99382E-09   5.23246E-10  -1.40454E-09  -6.01409E-08
  -2.92846E-08  -3.42170E-09  -8.79484E-09
  -4.80708E-07   1.67547E-07
   2.09062E-08   2.27627E-08   1.90409E-08   1.09816E-08   2.98260E-09
  -3.57020E-07  -3.82707E-07  -3.40048E-09  -3.01544E-08   1.56439E-08
   9.95975E-09   5.39678E-09   2.26472E-09   1.66885E-10  -5.85983E-08
  -2.56351E-08  -1.41405E-09  -5.95340E-09
  -5.04427E-07   1.44565E-07
   2.01172E-08   1.88485E-08   1.32911E-08   5.89343E-09  -1.24788E-09
  -7.70804E-07  -2.17695E-07  -7.94761E-09  -3.10480E-08   1.72407E-08
   1.24486E-08   7.78241E-09   4.16830E-09   2.02320E-09  -5.37121E-08
  -1.97897E-08   1.06844E-09  -2.18928E-09
  -8.75730E-07   1.34809E-07
   1.89306E-08   1.78401E-08   1.33657E-08   7.71559E-09   3.53505E-09
  -7.09020E-07  -7.62529E-08   1.27168E-09  -7.83015E-09   1.59850E-08
   1.07068E-08   5.38234E-09   1.30386E-09  -2.12802E-09  -1.72167E-07
  -6.11507E-08  -5.69701E-09  -1.57450E-08
  -2.58484E-07   4.30903E-08
   1.85013E-08   1.47742E-08   9.29184E-09   4.16284E-09   1.52782E-10
  -2.91720E-07  -6.75984E-08  -3.04833E-09  -1.32519E-08   1.84551E-08
   1.46372E-08   9.13627E-09   4.07076E-09   1.29068E-10  -2.90699E-07
  -6.92343E-08  -3.10776E-09  -1.31526E-08
  -4.08031E-08  -4.14009E-08
   2.45150E-08   9.00557E-08   7.11315E-08   5.12479E-08   4.88496E-08
   2.37584E-07   1.72692E-07   6.47686E-08   9.78617E-08  -7.99141E-07
  -4.02746E-09   9.11713E-08   7.32835E-08   7.16964E-08   2.63430E-07
   2.18961E-07   9.52748E-08   1.40588E-07
   1.47479E-07   1.36942E-07
   9.07424E-08   7.16725E-08   5.19848E-08   3.70868E-08   3.55378E-08
   2.05305E-07   1.38077E-07   4.75103E-08   7.34616E-08   1.94991E-08
  -8.03653E-07   4.02032E-09   9.16334E-08   1.03239E-07   2.68283E-07
   2.61157E-07   1.40038E-07   1.97926E-07
   1.67670E-07   1.08811E-07
   7.16216E-08   5.19382E-08   3.73007E-08   2.68639E-08   2.61846E-08
   1.71380E-07   1.09864E-07   3.54162E-08   5.59151E-08   9.08006E-08
   1.80778E-08  -8.05632E-07   9.29550E-09   1.55581E-07   2.53709E-07
   2.93612E-07   2.24738E-07   2.87965E-07
   2.37182E-07   2.54625E-08
   5.39444E-08   3.87677E-08   2.80719E-08   2.05070E-08   2.03576E-08
   1.44308E-07   9.02721E-08   2.78315E-08   4.46575E-08   7.41029E-08
   9.01767E-08  -4.32808E-08  -7.89299E-07   2.49025E-07   2.29201E-07
   3.02122E-07   3.92118E-07   3.96373E-07
   3.91661E-07  -1.48746E-07
   5.76853E-08   3.86168E-08   2.66337E-08   1.87817E-08   1.80275E-08
   1.17101E-07   7.46499E-08   2.42224E-08   3.80408E-08   8.90873E-08
   1.40476E-07   2.14738E-07  -3.15937E-08  -7.03955E-07   1.79901E-07
   2.25699E-07   4.81969E-08   2.57622E-07
   3.07738E-07  -1.57943E-07
   3.53093E-08   2.24827E-08   1.47317E-08   9.87125E-09   8.91207E-09
   4.64537E-08   3.12013E-08   1.15540E-08   1.72447E-08   5.72007E-08
   9.38879E-08   1.48120E-07   1.42319E-07  -2.58822E-07   6.12687E-08
   4.35758E-08  -8.85374E-07  -1.66897E-07
  -5.27521E-07   5.75656E-07
   3.18713E-08   2.14050E-08   1.45908E-08   1.00740E-08   9.37179E-09
   5.50721E-08   3.55314E-08   1.23571E-08   1.88710E-08   4.77931E-08
   6.93988E-08   8.77243E-08   5.95163E-08  -7.52462E-08   7.98688E-08
   6.75509E-08  -4.47100E-07  -4.62592E-07
  -6.05666E-07   7.09432E-07
   2.69805E-08   1.92380E-08   1.37130E-08   9.79499E-09   9.42132E-09
   6.31773E-08   3.89627E-08   1.26526E-08   1.98096E-08   3.71806E-08
   4.77144E-08   5.03626E-08   2.81747E-08  -2.86887E-08   1.03120E-07
   1.13390E-07  -1.36745E-07  -1.07727E-06
  -5.55149E-07   7.30977E-07
   1.16185E-08   6.14813E-09   2.84193E-09   9.30894E-10  -3.56171E-10
  -2.95013E-08  -1.49416E-08  -1.43317E-09  -4.35806E-09   2.01387E-08
   3.13082E-08   4.10019E-08   3.92885E-08   3.12818E-08  -7.66489E-08
  -2.91149E-07   3.02770E-08  -1.09171E-07
   5.50216E-08   6.40886E-08
   1.52128E-08   9.38670E-09   5.34049E-09   2.72112E-09   1.29877E-09
  -2.20198E-08  -9.60022E-09   7.20984E-10  -1.19187E-09   2.25442E-08
   2.89503E-08   2.96127E-08   2.08577E-08   8.51391E-09  -8.38185E-08
  -7.11802E-07  -2.34102E-09  -6.92650E-08
   1.47273E-07  -4.95450E-07
   1.29971E-08   7.19981E-09   3.14199E-09   6.19048E-10  -1.35793E-09
  -6.01285E-08  -2.87411E-08  -3.34587E-09  -8.72789E-09   1.98590E-08
   2.49872E-08   2.45549E-08   1.74255E-08   9.74394E-09  -2.23025E-07
  -7.56104E-07   5.28796E-09  -2.19423E-08
   1.65820E-07  -4.81742E-07
   1.60217E-08   1.03956E-08   5.77600E-09   2.54129E-09   4.06948E-10
  -5.71905E-08  -2.41280E-08  -1.07180E-09  -5.48991E-09   2.10450E-08
   2.24348E-08   1.82964E-08   1.02728E-08   2.33459E-09  -3.72547E-07
  -3.73431E-07  -4.33061E-09  -3.06080E-08
   1.43475E-07  -5.29758E-07
   1.74137E-08   1.27025E-08   8.02869E-09   4.33489E-09   2.16355E-09
  -5.27619E-08  -1.85340E-08   1.27220E-09  -1.98257E-09   2.01247E-08
   1.86045E-08   1.28876E-08   5.55416E-09  -1.49029E-09  -7.87471E-07
  -2.21251E-07  -8.34242E-09  -3.12392E-08
   1.34867E-07  -8.79151E-07
   1.61108E-08   1.08835E-08   5.52386E-09   1.37923E-09  -2.14955E-09
  -1.75514E-07  -6.07611E-08  -5.71863E-09  -1.59442E-08   1.89425E-08
   1.76910E-08   1.31389E-08   7.58978E-09   3.49378E-09  -6.82542E-07
  -7.74750E-08   1.22765E-09  -7.45406E-09
   4.09803E-08  -2.44767E-07
   5.84914E-08   9.78273E-08   1.60733E-07   1.65160E-07  -3.40830E-07
   5.96753E-08   4.26824E-08  -8.68226E-07  -1.51402E-07   3.57397E-08
   2.25749E-08   1.46975E-08   9.87746E-09   8.88710E-09   4.57588E-08
   3.08967E-08   1.15269E-08   1.73023E-08
   5.22590E-07  -4.78499E-07
   5.06770E-08   7.63494E-08   1.02904E-07   7.51279E-08  -1.06779E-07
   7.54142E-08   6.23629E-08  -6.09470E-07  -3.27760E-07   3.30561E-08
   2.18427E-08   1.47053E-08   1.01408E-08   9.35723E-09   5.34125E-08
   3.48670E-08   1.23169E-08   1.88537E-08
   6.87722E-07  -5.98442E-07
   4.21410E-08   5.74339E-08   6.60756E-08   3.99465E-08  -4.58652E-08
   9.23128E-08   9.07373E-08  -2.39296E-07  -8.28307E-07   2.93713E-08
   2.03252E-08   1.41600E-08   1.00237E-08   9.48431E-09   5.99461E-08
   3.78175E-08   1.26646E-08   1.97579E-08
   7.25833E-07  -5.84293E-07
   2.64877E-08   4.00529E-08   5.11786E-08   4.42575E-08   2.08749E-08
  -4.72811E-08  -2.10066E-07  -1.09562E-08  -4.66641E-07   1.61545E-08
   9.45212E-09   5.31668E-09   2.83609E-09   1.64846E-09  -1.30429E-08
  -5.14699E-09   1.37742E-09   3.70156E-10
   2.77001E-07  -1.75796E-07
   2.70089E-08   3.62298E-08   3.91759E-08   2.71574E-08   5.29598E-09
  -3.90510E-08  -3.17128E-07  -2.05493E-08  -2.08262E-07   1.80207E-08
   1.13720E-08   6.90930E-09   4.06013E-09   2.86282E-09  -4.80203E-09
  -8.28067E-11   3.03278E-09   2.99766E-09
   1.51532E-08   5.36106E-09
   2.56014E-08   3.05621E-08   2.84390E-08   1.61848E-08  -1.37924E-09
  -2.68326E-08  -5.92804E-07  -2.09644E-08  -1.21350E-07   1.86666E-08
   1.26323E-08   8.16738E-09   5.11878E-09   3.98255E-09   4.88587E-09
   5.32445E-09   4.60887E-09   5.60203E-09
  -3.32186E-07   9.68745E-08
   1.96804E-08   2.49159E-08   2.47174E-08   1.75518E-08   9.87783E-09
  -2.20327E-07  -7.70932E-07   5.56181E-09  -2.27873E-08   1.28487E-08
   7.09786E-09   3.09094E-09   6.01240E-10  -1.32315E-09  -5.94849E-08
  -2.88930E-08  -3.30748E-09  -8.60600E-09
  -4.80085E-07   1.67148E-07
   2.08658E-08   2.26892E-08   1.89635E-08   1.09396E-08   2.99156E-09
  -3.63899E-07  -3.78756E-07  -3.33495E-09  -2.98429E-08   1.56332E-08
   9.96139E-09   5.39890E-09   2.26325E-09   1.59831E-10  -5.89647E-08
  -2.57706E-08  -1.42862E-09  -5.98939E-09
  -5.12947E-07   1.44358E-07
   2.01266E-08   1.88253E-08   1.32452E-08   5.84492E-09  -1.30162E-09
  -7.78591E-07  -2.17607E-07  -8.02319E-09  -3.11647E-08   1.72741E-08
   1.24884E-08   7.81657E-09   4.19300E-09   2.04428E-09  -5.39217E-08
  -1.97855E-08   1.09402E-09  -2.15747E-09
  -8.64456E-07   1.34433E-07
   1.89405E-08   1.77711E-08   1.32478E-08   7.58836E-09   3.37691E-09
  -7.04244E-07  -7.71797E-08   1.03353E-09  -8.25549E-09   1.60688E-08
   1.08285E-08   5.50648E-09   1.41140E-09  -2.01218E-09  -1.71600E-07
  -6.06034E-08  -5.53256E-09  -1.54710E-08
  -2.57332E-07   4.35133E-08
   1.84447E-08   1.47018E-08   9.22576E-09   4.11295E-09   1.07008E-10
  -2.90628E-07  -6.76169E-08  -3.10652E-09  -1.33293E-08   1.84374E-08
   1.46621E-08   9.18749E-09   4.12885E-09   2.02504E-10  -2.90690E-07
  -6.87431E-08  -2.99554E-09  -1.29469E-08
  -4.00211E-08  -4.09036E-08
   1.62174E-08   1.10428E-08   5.69878E-09   1.54284E-09  -1.95488E-09
  -1.72588E-07  -5.94664E-08  -5.42902E-09  -1.54269E-08   1.89627E-08
   1.76185E-08   1.29984E-08   7.41827E-09   3.25531E-09  -6.89687E-07
  -7.98407E-08   8.45664E-10  -8.20766E-09
   4.33693E-08  -2.51634E-07
   1.75373E-08   1.28928E-08   8.24018E-09   4.53623E-09   2.40904E-09
  -4.92342E-08  -1.68667E-08   1.64139E-09  -1.31486E-09   2.01342E-08
   1.84826E-08   1.26615E-08   5.27841E-09  -1.87128E-09  -7.79838E-07
  -2.25755E-07  -8.95412E-09  -3.24696E-08
   1.36384E-07  -8.69403E-07
   1.60308E-08   1.03895E-08   5.76160E-09   2.52409E-09   3.83152E-10
  -5.76666E-08  -2.43253E-08  -1.10937E-09  -5.56177E-09   2.10751E-08
   2.24834E-08   1.83486E-08   1.03102E-08   2.35510E-09  -3.75810E-07
  -3.75416E-07  -4.32322E-09  -3.06920E-08
   1.43045E-07  -5.33372E-07
   1.31514E-08   7.33582E-09   3.25538E-09   7.10472E-10  -1.25904E-09
  -5.91974E-08  -2.82117E-08  -3.20481E-09  -8.48893E-09   2.00146E-08
   2.51074E-08   2.45902E-08   1.73461E-08   9.49401E-09  -2.21267E-07
  -7.57021E-07   4.77043E-09  -2.34646E-08
   1.65028E-07  -4.84078E-07
   1.51988E-08   9.37198E-09   5.33287E-09   2.72046E-09   1.30505E-09
  -2.17533E-08  -9.47850E-09   7.35050E-10  -1.15595E-09   2.25592E-08
   2.90511E-08   2.98390E-08   2.11230E-08   8.72548E-09  -8.25997E-08
  -6.97219E-07  -2.17590E-09  -7.04332E-08
   1.45910E-07  -4.81467E-07
   1.14641E-08   6.01443E-09   2.73413E-09   8.46965E-10  -4.43585E-10
  -3.02302E-08  -1.53686E-08  -1.55543E-09  -4.55959E-09   1.99915E-08
   3.12481E-08   4.11722E-08   3.97560E-08   3.21006E-08  -7.79631E-08
  -2.91986E-07   3.17813E-08  -1.10705E-07
   5.12141E-08   6.56052E-08
   2.70509E-08   1.92834E-08   1.37404E-08   9.81058E-09   9.43159E-09
   6.31257E-08   3.89497E-08   1.26627E-08   1.98170E-08   3.72772E-08
   4.78071E-08   5.03357E-08   2.78782E-08  -2.93151E-08   1.02845E-07
   1.11741E-07  -1.37876E-07  -1.05576E-06
  -5.49139E-07   7.26652E-07
   3.16519E-08   2.12866E-08   1.45197E-08   1.00269E-08   9.32735E-09
   5.48014E-08   3.53428E-08   1.22975E-08   1.87760E-08   4.73420E-08
   6.84118E-08   8.56709E-08   5.72507E-08  -7.18311E-08   7.94539E-08
   6.60384E-08  -4.20071E-07  -4.98186E-07
  -6.01596E-07   7.07886E-07
   3.54541E-08   2.25664E-08   1.47802E-08   9.89918E-09   8.93226E-09
   4.64277E-08   3.12134E-08   1.15761E-08   1.72686E-08   5.74489E-08
   9.42775E-08   1.48412E-07   1.40323E-07  -2.61507E-07   6.10332E-08
   4.26830E-08  -8.69240E-07  -1.71444E-07
  -5.22726E-07   5.71295E-07
   5.82196E-08   3.89398E-08   2.68367E-08   1.89133E-08   1.81422E-08
   1.17594E-07   7.50091E-08   2.43681E-08   3.82519E-08   9.00175E-08
   1.42194E-07   2.17909E-07  -5.42310E-08  -6.68592E-07   1.80407E-07
   2.25788E-07   4.43999E-08   2.55797E-07
   3.00942E-07  -1.49155E-07
   5.33912E-08   3.84082E-08   2.78361E-08   2.03502E-08   2.02182E-08
   1.43684E-07   8.98220E-08   2.76526E-08   4.43958E-08   7.32607E-08
   8.91324E-08  -3.66287E-08  -7.88768E-07   2.50033E-07   2.28584E-07
   3.02192E-07   3.97600E-07   3.99219E-07
   3.97162E-07  -1.55226E-07
   7.09671E-08   5.17047E-08   3.72181E-08   2.68384E-08   2.61860E-08
   1.71698E-07   1.10037E-07   3.54349E-08   5.59722E-08   8.86842E-08
   6.08655E-09  -7.92593E-07   1.36940E-08   1.54215E-07   2.54106E-07
   2.93576E-07   2.22833E-07   2.86585E-07
   2.35348E-07   2.73098E-08
   9.00904E-08   7.19496E-08   5.23281E-08   3.73644E-08   3.58181E-08
   2.06448E-07   1.39031E-07   4.78891E-08   7.40346E-08   7.14511E-09
  -7.86935E-07   6.73189E-09   8.91024E-08   1.00962E-07   2.68676E-07
   2.60028E-07   1.37408E-07   1.95285E-07
   1.66262E-07   1.10911E-07
   2.27698E-08   8.99149E-08   7.11635E-08   5.12973E-08   4.89098E-08
   2.37836E-07   1.72923E-07   6.48552E-08   9.79995E-08  -7.90000E-07
  -7.53703E-09   8.96314E-08   7.25471E-08   7.12169E-08   2.63454E-07
   2.18693E-07   9.47852E-08   1.40107E-07
   1.47365E-07   1.37234E-07
  -4.03980E-07   8.39567E-08   8.25628E-08   6.11456E-08   5.87521E-08
   2.52547E-07   1.94891E-07   7.77826E-08   1.15858E-07  -3.99514E-07
   8.42700E-08   8.23834E-08   6.15245E-08   5.89750E-08   2.52932E-07
   1.95381E-07   7.82650E-08   1.17519E-07
   1.43213E-07   1.42102E-07
  -7.88270E-07  -6.20455E-09   9.06306E-08   7.23564E-08   7.11403E-08
   2.63284E-07   2.18568E-07   9.43779E-08   1.38244E-07   2.13044E-08
   8.90362E-08   7.05552E-08   5.13392E-08   4.89209E-08   2.38238E-07
   1.73369E-07   6.50693E-08   9.91598E-08
   1.38463E-07   1.46316E-07
   1.28896E-08  -7.92858E-07   4.70395E-09   8.85904E-08   1.01298E-07
   2.68645E-07   2.60870E-07   1.37377E-07   1.93208E-07   9.03420E-08
   7.16716E-08   5.19745E-08   3.73735E-08   3.57707E-08   2.06526E-07
   1.39280E-07   4.79520E-08   7.46917E-08
   1.12470E-07   1.65076E-07
   8.87779E-08   8.51492E-09  -7.98557E-07   8.04203E-09   1.53539E-07
   2.54442E-07   2.94827E-07   2.21104E-07   2.82072E-07   7.09527E-08
   5.15952E-08   3.70662E-08   2.69187E-08   2.62188E-08   1.72150E-07
   1.10622E-07   3.55763E-08   5.65838E-08
   3.11534E-08   2.32267E-07
   7.27501E-08   8.93097E-08  -2.44353E-08  -7.87916E-07   2.54544E-07
   2.28354E-07   3.03820E-07   4.00269E-07   3.96378E-07   5.29800E-08
   3.80579E-08   2.75388E-08   2.02844E-08   2.01210E-08   1.43480E-07
   8.99526E-08   2.76049E-08   4.46222E-08
  -1.54616E-07   3.96315E-07
   8.88092E-08   1.39680E-07   2.12735E-07  -5.00430E-08  -6.60490E-07
   1.82678E-07   2.31079E-07   5.21367E-08   2.58469E-07   5.76711E-08
   3.86371E-08   2.66451E-08   1.89430E-08   1.81816E-08   1.18759E-07
   7.58416E-08   2.45121E-08   3.87943E-08
  -1.52651E-07   3.04728E-07
