
 55 0

  654.899963 -326.5
  646.200012 -323.5
  620.800049 -320.
  595.800049 -326.200012
  575. -341.199982
  561.099976 -362.799988
  556.400024 -388.100006
  556.5 -423.400024
  556.5 -458.900024
  507.299988 -445.399994
  504.199982 -438.200012
  515.799988 -416.699982
  526.700012 -396.5
  526.900024 -391.599976
  514.599976 -374.600006
  496.799988 -363.399994
  476.100006 -359.699982
  455.600037 -364.
  452.400024 -367.700012
  447.700012 -386.600006
  442.399963 -407.700012
  434.200012 -410.200012
  407.100006 -385.800018
  423.999969 -359.200012
  440.899994 -332.699982
  448.700012 -309.100006
  444.500031 -284.600006
  429.099976 -265.
  406.400024 -255.
  396.5 -253.300003
  424.599976 -254.5
  433.699982 -251.399994
  436. -242.100006
  406.5 -129.400009
  404.899963 -116.700005
  404.899963  338.799988
  410.600006  362.
  449.100006  435.5
  467.299988  455.000031
  492.899994  462.300018
  545.900024  462.799988
  576.5  452.699982
  668.900024  382.800018
  714.299988  343.300018
  754.  298.100006
  787.200012  247.900009
  813.399963  193.699997
	828.	137.2
	828.	-0.2258
  815.200073 -73.7200012
  778.700012 -158.399994
  768.299988 -173.699997
  640.600037 -302.699982
  637.900024 -312.
  644.5 -319.199982
