   kloop  npf
 41 19
  6.392665E+00  1.253104E+01  3.174309E+01  6.641988E+01
  9.540945E+01  7.520456E+02  3.965166E+00  7.881876E+00
  2.154315E+01  4.904668E+01  7.611965E+01  8.984970E+02
  5.566545E+02  9.564740E+00  1.890850E+01  5.023323E+01
  6.118324E+00  1.225185E+01  3.472921E+01
  1.096575E+01  2.122561E+01  4.866013E+01  8.694509E+01
  1.044060E+02  7.281144E+02  2.577010E+00  5.184667E+00
  1.503065E+01  3.586256E+01  5.681723E+01  1.545944E+03
  3.593978E+02  1.588264E+01  3.095363E+01  7.548901E+01
  4.086864E+00  8.270509E+00  2.465150E+01
  1.967866E+01  3.825611E+01  7.720538E+01  1.028235E+02
  9.499411E+01  6.704138E+02  1.754985E+00  3.564533E+00
  1.080929E+01  2.643856E+01  4.164671E+01  2.768094E+03
  2.418645E+02  2.783776E+01  5.378745E+01  1.174967E+02
  2.848878E+00  5.812623E+00  1.800609E+01
  3.473215E+01  7.264484E+01  1.234605E+02  1.011902E+02
  7.480150E+01  5.626940E+02  1.234371E+00  2.525505E+00
  7.926250E+00  1.961164E+01  3.037054E+01  2.585246E+03
  1.675637E+02  5.022416E+01  9.921432E+01  1.873813E+02
  2.043459E+00  4.195728E+00  1.338787E+01
  4.002405E+01  9.322897E+01  2.291044E+02  1.162928E+02
  7.578525E+01  4.380083E+02  1.202386E+00  2.474417E+00
  7.977100E+00  1.984670E+01  3.017665E+01  2.000686E+03
  1.608060E+02  6.899963E+01  1.508810E+02  3.452094E+02
  2.023255E+00  4.174879E+00  1.363040E+01
  1.108849E+01  2.346008E+01  8.610165E+01  2.262635E+02
  2.785856E+02  4.440716E+02  7.750962E+00  1.628346E+01
  5.769869E+01  1.483638E+02  2.052263E+02  1.346603E+03
  9.721357E+02  2.005594E+01  4.232308E+01  1.532440E+02
  1.378600E+01  2.892508E+01  1.019230E+02
  1.560395E+01  3.338146E+01  1.305688E+02  3.324506E+02
  2.681457E+02  4.157333E+02  4.858627E+00  1.015108E+01
  3.507383E+01  8.856124E+01  1.265921E+02  1.727753E+03
  6.192311E+02  2.908302E+01  6.198113E+01  2.365156E+02
  8.534118E+00  1.782967E+01  6.163365E+01
  3.206542E+01  7.220960E+01  6.438214E+02  1.661898E+02
  1.000275E+02  3.873552E+02  1.566303E+00  3.236671E+00
  1.063412E+01  2.653593E+01  3.976000E+01  2.004132E+03
  2.069784E+02  6.130768E+01  1.363300E+02  6.001558E+02
  2.667301E+00  5.522665E+00  1.832141E+01
  2.321967E+01  5.068575E+01  2.312340E+02  2.804522E+02
  1.574361E+02  3.782824E+02  2.496797E+00  5.184628E+00
  1.741915E+01  4.359751E+01  6.402783E+01  1.986498E+03
  3.246608E+02  4.503317E+01  9.790347E+01  4.257763E+02
  4.312912E+00  8.965965E+00  3.030469E+01
  3.942342E+00  7.837905E+00  2.144116E+01  4.885268E+01
  7.585891E+01  7.519040E+02  6.434052E+00  1.260980E+01
  3.190729E+01  6.666733E+01  9.561633E+01  5.534315E+02
  9.043100E+02  6.085350E+00  1.218777E+01  3.457254E+01
  9.622734E+00  1.901973E+01  5.048072E+01
  2.560201E+00  5.151372E+00  1.494205E+01  3.566302E+01
  5.650018E+01  7.278210E+02  1.103564E+01  2.135538E+01
  4.886185E+01  8.703237E+01  1.041848E+02  3.569996E+02
  1.554923E+03  4.061299E+00  8.219544E+00  2.451081E+01
  1.597449E+01  3.112405E+01  7.578254E+01
  1.741408E+00  3.537166E+00  1.072985E+01  2.624707E+01
  4.133668E+01  6.698282E+02  1.981360E+01  3.851048E+01
  7.741808E+01  1.024920E+02  9.438688E+01  2.399507E+02
  2.771577E+03  2.827430E+00  5.769226E+00  1.787645E+01
  2.800654E+01  5.409215E+01  1.178093E+02
  1.233835E+00  2.524739E+00  7.927946E+00  1.961898E+01
  3.037368E+01  5.605210E+02  3.492014E+01  7.322113E+01
  1.247566E+02  1.015571E+02  7.486994E+01  1.674535E+02
  2.580563E+03  2.043253E+00  4.195730E+00  1.339352E+01
  5.060842E+01  1.001216E+02  1.892987E+02
  1.205179E+00  2.480606E+00  8.002195E+00  1.991083E+01
  3.025851E+01  4.351095E+02  3.991659E+01  9.300385E+01
  2.336934E+02  1.169179E+02  7.599381E+01  1.611163E+02
  1.990098E+03  2.028929E+00  4.186899E+00  1.367740E+01
  6.918970E+01  1.516567E+02  3.518177E+02
  7.736881E+00  1.625298E+01  5.757766E+01  1.480576E+02
  2.049285E+02  4.442134E+02  1.110814E+01  2.350231E+01
  8.626759E+01  2.267876E+02  2.790849E+02  9.706395E+02
  1.349045E+03  1.375880E+01  2.886701E+01  1.016981E+02
  2.009152E+01  4.239885E+01  1.535280E+02
  4.901707E+00  1.024276E+01  3.541689E+01  8.942216E+01
  1.276614E+02  4.154736E+02  1.549630E+01  3.314419E+01
  1.294853E+02  3.293647E+02  2.683625E+02  6.242382E+02
  1.716936E+03  8.614450E+00  1.799946E+01  6.225934E+01
  2.888130E+01  6.154198E+01  2.346634E+02
  1.559897E+00  3.223253E+00  1.058913E+01  2.642249E+01
  3.959119E+01  3.871006E+02  3.213892E+01  7.239803E+01
  6.652375E+02  1.653437E+02  9.958446E+01  2.061312E+02
  1.999240E+03  2.656106E+00  5.499485E+00  1.824322E+01
  6.146234E+01  1.367150E+02  6.011340E+02
  2.513762E+00  5.219573E+00  1.753135E+01  4.388885E+01
  6.449930E+01  3.804726E+02  2.321438E+01  5.067195E+01
  2.310300E+02  2.839892E+02  1.589354E+02  3.270144E+02
  2.002709E+03  4.341065E+00  9.024253E+00  3.049250E+01
  4.492635E+01  9.764054E+01  4.231672E+02
  5.234612E+00  1.036084E+01  2.759012E+01  6.112426E+01
  9.283163E+01  7.477346E+02  5.234612E+00  1.036084E+01
  2.759012E+01  6.112426E+01  9.283163E+01  7.402779E+02
  7.402779E+02  7.987971E+00  1.592768E+01  4.411616E+01
  7.987971E+00  1.592768E+01  4.411616E+01
  8.675932E+00  1.695860E+01  4.159065E+01  8.241645E+01
  1.105061E+02  7.359572E+02  3.326581E+00  6.665556E+00
  1.892381E+01  4.450584E+01  7.039928E+01  1.239194E+03
  4.668024E+02  1.284015E+01  2.527695E+01  6.519739E+01
  5.221812E+00  1.052842E+01  3.081134E+01
  1.509784E+01  2.937988E+01  6.499657E+01  1.039281E+02
  1.095783E+02  6.959576E+02  2.216159E+00  4.485984E+00
  1.338026E+01  3.249102E+01  5.149643E+01  2.235570E+03
  3.074740E+02  2.174581E+01  4.234558E+01  9.974152E+01
  3.565300E+00  7.252730E+00  2.214428E+01
  2.671620E+01  5.373451E+01  1.051636E+02  1.128307E+02
  9.095512E+01  6.141151E+02  1.537896E+00  3.138127E+00
  9.723418E+00  2.399042E+01  3.748967E+01  3.490755E+03
  2.102737E+02  3.837776E+01  7.513912E+01  1.582793E+02
  2.526619E+00  5.175418E+00  1.632949E+01
  3.863807E+01  8.669281E+01  1.725691E+02  1.130622E+02
  7.751047E+01  4.970799E+02  1.239877E+00  2.545055E+00
  8.108433E+00  2.014067E+01  3.091386E+01  2.366889E+03
  1.670536E+02  6.079092E+01  1.265269E+02  2.585332E+02
  2.071024E+00  4.264036E+00  1.378056E+01
  3.586440E+01  8.199603E+01  3.288636E+02  1.433688E+02
  9.015327E+01  4.242159E+02  1.410044E+00  2.906262E+00
  9.435844E+00  2.352133E+01  3.561945E+01  2.166671E+03
  1.878851E+02  6.443892E+01  1.420344E+02  4.324554E+02
  2.382862E+00  4.923091E+00  1.616761E+01
  2.300350E+01  5.017088E+01  2.267388E+02  3.028279E+02
  1.671335E+02  3.897909E+02  2.615111E+00  5.429349E+00
  1.822188E+01  4.566757E+01  6.727307E+01  2.066731E+03
  3.407102E+02  4.411429E+01  9.569891E+01  4.074074E+02
  4.512998E+00  9.379952E+00  3.166884E+01
  1.693234E+01  3.636349E+01  1.459798E+02  3.363147E+02
  2.361153E+02  3.969059E+02  4.162580E+00  8.688886E+00
  2.990734E+01  7.512745E+01  1.073928E+02  1.763464E+03
  5.306899E+02  3.206858E+01  6.862730E+01  2.686543E+02
  7.301386E+00  1.524417E+01  5.255885E+01
  1.639007E+01  3.511329E+01  1.384556E+02  3.577815E+02
  2.675065E+02  4.193662E+02  4.574744E+00  9.546947E+00
  3.280138E+01  8.288330E+01  1.196262E+02  1.813837E+03
  5.866456E+02  3.051092E+01  6.508608E+01  2.493877E+02
  8.004634E+00  1.670642E+01  5.747430E+01
  1.214847E+01  2.577372E+01  9.603403E+01  2.516889E+02
  2.850269E+02  4.357274E+02  6.906596E+00  1.448989E+01
  5.103175E+01  1.302305E+02  1.815154E+02  1.443905E+03
  8.683036E+02  2.215970E+01  4.687682E+01  1.718955E+02
  1.225584E+01  2.568889E+01  9.013032E+01
  1.212295E+01  2.569655E+01  9.518397E+01  2.539886E+02
  2.978341E+02  4.461996E+02  7.013045E+00  1.470440E+01
  5.160828E+01  1.324665E+02  1.871523E+02  1.465174E+03
  8.883320E+02  2.197710E+01  4.644171E+01  1.692058E+02
  1.240208E+01  2.597894E+01  9.082842E+01
  3.326581E+00  6.665556E+00  1.892381E+01  4.450584E+01
  7.039928E+01  7.359572E+02  8.675932E+00  1.695860E+01
  4.159065E+01  8.241645E+01  1.105061E+02  4.668024E+02
  1.239194E+03  5.221812E+00  1.052842E+01  3.081134E+01
  1.284015E+01  2.527695E+01  6.519739E+01
  2.216159E+00  4.485984E+00  1.338026E+01  3.249102E+01
  5.149643E+01  6.959576E+02  1.509784E+01  2.937988E+01
  6.499657E+01  1.039281E+02  1.095783E+02  3.074740E+02
  2.235570E+03  3.565300E+00  7.252730E+00  2.214428E+01
  2.174581E+01  4.234558E+01  9.974152E+01
  1.537896E+00  3.138127E+00  9.723418E+00  2.399042E+01
  3.748967E+01  6.141152E+02  2.671620E+01  5.373451E+01
  1.051636E+02  1.128307E+02  9.095512E+01  2.102737E+02
  3.490755E+03  2.526619E+00  5.175418E+00  1.632949E+01
  3.837776E+01  7.513912E+01  1.582793E+02
  1.238821E+00  2.542838E+00  8.100219E+00  2.011947E+01
  3.088384E+01  4.976376E+02  3.863757E+01  8.665318E+01
  1.719199E+02  1.128622E+02  7.742395E+01  1.669224E+02
  2.367353E+03  2.069149E+00  4.259946E+00  1.376579E+01
  6.073033E+01  1.263326E+02  2.576548E+02
  1.409907E+00  2.905897E+00  9.432534E+00  2.351304E+01
  3.561346E+01  4.250914E+02  3.589060E+01  8.205524E+01
  3.261761E+02  1.432605E+02  9.014988E+01  1.878921E+02
  2.172764E+03  2.382308E+00  4.921758E+00  1.616050E+01
  6.439568E+01  1.418725E+02  4.298659E+02
  2.926500E+00  6.087343E+00  2.061237E+01  5.162873E+01
  7.519135E+01  3.805950E+02  2.096474E+01  4.548217E+01
  1.967081E+02  3.156285E+02  1.807207E+02  3.781398E+02
  1.923987E+03  5.080969E+00  1.057747E+01  3.598402E+01
  4.048489E+01  8.750880E+01  3.654852E+02
  4.169377E+00  8.703892E+00  2.996936E+01  7.526956E+01
  1.075177E+02  3.962408E+02  1.689218E+01  3.627526E+01
  1.455815E+02  3.346715E+02  2.357019E+02  5.313170E+02
  1.757508E+03  7.315460E+00  1.527446E+01  5.267979E+01
  3.200567E+01  6.849172E+01  2.681326E+02
  4.583065E+00  9.564345E+00  3.286077E+01  8.304190E+01
  1.198723E+02  4.197292E+02  1.637658E+01  3.508245E+01
  1.382822E+02  3.579340E+02  2.680851E+02  5.877625E+02
  1.814125E+03  8.018836E+00  1.673643E+01  5.757575E+01
  3.047710E+01  6.501008E+01  2.489996E+02
  6.918859E+00  1.451600E+01  5.112735E+01  1.304904E+02
  1.818712E+02  4.359067E+02  1.213268E+01  2.573902E+01
  9.588036E+01  2.513284E+02  2.850543E+02  8.698528E+02
  1.442636E+03  1.227792E+01  2.573554E+01  9.029797E+01
  2.212733E+01  4.680662E+01  1.715995E+02
  7.008576E+00  1.469467E+01  5.156656E+01  1.323705E+02
  1.870934E+02  4.464012E+02  1.213177E+01  2.571512E+01
  9.525048E+01  2.542830E+02  2.982218E+02  8.879589E+02
  1.466608E+03  1.239285E+01  2.595904E+01  9.074617E+01
  2.199098E+01  4.647084E+01  1.693017E+02
  1.965462E+00  4.064459E+00  1.339229E+01  3.350825E+01
  5.025954E+01  4.093951E+02  2.855552E+01  6.336559E+01
  3.432798E+02  2.222770E+02  1.284275E+02  2.596964E+02
  2.309586E+03  3.351594E+00  6.943170E+00  2.308170E+01
  5.342158E+01  1.169348E+02  4.928467E+02
  2.373675E+00  4.920666E+00  1.639861E+01  4.109123E+01
  6.100737E+01  3.976350E+02  2.484533E+01  5.447293E+01
  2.583976E+02  2.792118E+02  1.541970E+02  3.110836E+02
  2.179904E+03  4.077161E+00  8.463490E+00  2.840453E+01
  4.727299E+01  1.028684E+02  4.423763E+02
   kloop  ncam
 41 110
  3.230158E+01  3.325002E+01  3.382326E+01  3.398023E+01
  3.370926E+01  3.303038E+01  3.199138E+01  3.065976E+01
  2.911144E+01  2.742206E+01  2.565952E+01  2.388054E+01
  2.212918E+01  2.043770E+01  1.882795E+01  1.731339E+01
  1.590083E+01  1.459251E+01  1.338702E+01  1.228073E+01
  1.115319E+01  1.102653E+01  1.251104E+01  1.371342E+01
  1.479216E+01  1.608806E+01  1.732905E+01  1.996903E+01
  2.300210E+01  2.712596E+01  3.087528E+01  3.531451E+01
  4.126726E+01  4.622700E+01  5.238142E+01  5.750665E+01
  6.541988E+01  7.269111E+01  7.909299E+01  8.633024E+01
  9.246362E+01  1.002310E+02  1.099070E+02  1.165799E+02
  1.251066E+02  1.335843E+02  1.416767E+02  1.496502E+02
  1.566071E+02  1.619652E+02  1.654811E+02  1.665317E+02
  1.650164E+02  1.611626E+02  1.554499E+02  3.104109E+01
  2.954328E+01  2.788462E+01  2.613564E+01  2.435619E+01
  2.259380E+01  2.088376E+01  1.925050E+01  1.770943E+01
  1.626920E+01  1.493297E+01  1.370016E+01  1.256778E+01
  1.153097E+01  1.058393E+01  9.720448E+00  8.934048E+00
  8.218314E+00  7.567226E+00  6.974914E+00  6.374667E+00
  6.361004E+00  7.256381E+00  8.015765E+00  8.687292E+00
  9.518243E+00  1.031254E+01  1.190598E+01  1.375344E+01
  1.626579E+01  1.856211E+01  2.126557E+01  2.482418E+01
  2.791177E+01  3.160600E+01  3.469126E+01  3.945946E+01
  4.400230E+01  4.764454E+01  5.197717E+01  5.580594E+01
  6.066869E+01  6.646270E+01  7.071182E+01  7.627263E+01
  8.219684E+01  8.847418E+01  9.507747E+01  1.020750E+02
  1.094261E+02  1.178491E+02  1.258049E+02  1.338146E+02
  1.416124E+02  1.488288E+02
  2.118667E+01  2.290584E+01  2.467126E+01  2.644567E+01
  2.817935E+01  2.981043E+01  3.126713E+01  3.247289E+01
  3.335469E+01  3.385299E+01  3.393178E+01  3.358517E+01
  3.283868E+01  3.174409E+01  3.037082E+01  2.879516E+01
  2.709144E+01  2.532555E+01  2.355183E+01  2.181203E+01
  1.994065E+01  1.982999E+01  2.257760E+01  2.475583E+01
  2.668993E+01  2.894835E+01  3.108953E+01  3.586267E+01
  4.131572E+01  4.874382E+01  5.546755E+01  6.348756E+01
  7.450979E+01  8.316405E+01  9.441989E+01  1.036657E+02
  1.176308E+02  1.290212E+02  1.405989E+02  1.515352E+02
  1.588043E+02  1.663856E+02  1.747789E+02  1.771401E+02
  1.775419E+02  1.745625E+02  1.688455E+02  1.622811E+02
  1.543354E+02  1.456893E+02  1.360172E+02  1.275078E+02
  1.192523E+02  1.113815E+02  1.039631E+02  1.954014E+01
  1.798329E+01  1.652568E+01  1.517153E+01  1.392092E+01
  1.277118E+01  1.171775E+01  1.075513E+01  9.877091E+00
  9.077147E+00  8.349047E+00  7.686540E+00  7.083882E+00
  6.535430E+00  6.036278E+00  5.581684E+00  5.167436E+00
  4.789624E+00  4.444768E+00  4.129649E+00  3.808604E+00
  3.847433E+00  4.419765E+00  4.925787E+00  5.366058E+00
  5.924142E+00  6.455674E+00  7.468609E+00  8.652291E+00
  1.026156E+01  1.173808E+01  1.346673E+01  1.570574E+01
  1.770817E+01  2.003254E+01  2.197392E+01  2.496685E+01
  2.787608E+01  3.004495E+01  3.271017E+01  3.511224E+01
  3.813655E+01  4.159242E+01  4.418103E+01  4.754727E+01
  5.116069E+01  5.503399E+01  5.903761E+01  6.334377E+01
  6.797036E+01  7.343875E+01  7.874993E+01  8.444875E+01
  9.054495E+01  9.703962E+01
  1.191440E+01  1.298423E+01  1.415097E+01  1.541877E+01
  1.678984E+01  1.826321E+01  1.983390E+01  2.149088E+01
  2.321555E+01  2.497967E+01  2.674385E+01  2.845624E+01
  3.005324E+01  3.146232E+01  3.260742E+01  3.341788E+01
  3.383833E+01  3.383833E+01  3.341788E+01  3.260742E+01
  3.130568E+01  3.292803E+01  3.872143E+01  4.383786E+01
  4.809217E+01  5.320779E+01  5.788826E+01  6.778750E+01
  7.942966E+01  9.573942E+01  1.108970E+02  1.295003E+02
  1.565701E+02  1.754264E+02  2.000701E+02  2.152536E+02
  2.241449E+02  2.136539E+02  2.085732E+02  1.945810E+02
  1.815235E+02  1.672046E+02  1.533024E+02  1.440207E+02
  1.334461E+02  1.237158E+02  1.148219E+02  1.068019E+02
  9.940125E+01  9.258907E+01  8.572337E+01  7.997602E+01
  7.467073E+01  6.977431E+01  6.525478E+01  1.093612E+01
  1.004330E+01  9.229686E+00  8.488812E+00  7.814601E+00
  7.201100E+00  6.642865E+00  6.134675E+00  5.671884E+00
  5.250130E+00  4.865527E+00  4.514485E+00  4.193744E+00
  3.900461E+00  3.631991E+00  3.385989E+00  3.160284E+00
  2.952947E+00  2.762377E+00  2.586959E+00  2.406795E+00
  2.459548E+00  2.843742E+00  3.194679E+00  3.496053E+00
  3.885167E+00  4.254733E+00  4.930394E+00  5.724802E+00
  6.803813E+00  7.795969E+00  8.951316E+00  1.042632E+01
  1.177618E+01  1.330312E+01  1.457673E+01  1.653258E+01
  1.845870E+01  1.980964E+01  2.151232E+01  2.306624E+01
  2.500350E+01  2.713857E+01  2.875865E+01  3.084642E+01
  3.308703E+01  3.549060E+01  3.792324E+01  4.053826E+01
  4.334961E+01  4.667110E+01  4.986993E+01  5.331468E+01
  5.702410E+01  6.101739E+01
  6.727267E+00  7.294807E+00  7.918719E+00  8.604493E+00
  9.358184E+00  1.018601E+01  1.109439E+01  1.208969E+01
  1.317803E+01  1.436466E+01  1.565351E+01  1.704639E+01
  1.854190E+01  2.013410E+01  2.181098E+01  2.355219E+01
  2.532771E+01  2.709566E+01  2.880168E+01  3.037982E+01
  3.190347E+01  3.759054E+01  4.689970E+01  5.761934E+01
  6.640010E+01  7.924221E+01  9.163774E+01  1.113326E+02
  1.380483E+02  1.807717E+02  2.302906E+02  2.875981E+02
  2.655297E+02  2.359194E+02  1.988052E+02  1.776099E+02
  1.539312E+02  1.384247E+02  1.264848E+02  1.159653E+02
  1.085768E+02  1.004133E+02  9.170374E+01  8.651823E+01
  8.056824E+01  7.517474E+01  7.027146E+01  6.567313E+01
  6.145099E+01  5.756912E+01  5.363952E+01  5.030016E+01
  4.721223E+01  4.435441E+01  4.170715E+01  6.210673E+00
  5.740397E+00  5.311944E+00  4.921326E+00  4.564895E+00
  4.239340E+00  3.941761E+00  3.669416E+00  3.419929E+00
  3.191095E+00  2.981016E+00  2.787881E+00  2.610183E+00
  2.446501E+00  2.295530E+00  2.156102E+00  2.027256E+00
  1.907983E+00  1.797521E+00  1.695075E+00  1.589035E+00
  1.640054E+00  1.906471E+00  2.156085E+00  2.368329E+00
  2.646291E+00  2.909693E+00  3.375702E+00  3.926102E+00
  4.672693E+00  5.359970E+00  6.155937E+00  7.159321E+00
  8.093887E+00  9.127842E+00  9.988321E+00  1.130381E+01
  1.261087E+01  1.348034E+01  1.459935E+01  1.562994E+01
  1.690227E+01  1.826015E+01  1.930045E+01  2.062895E+01
  2.205174E+01  2.357525E+01  2.508726E+01  2.670786E+01
  2.844542E+01  3.048927E+01  3.243547E+01  3.452547E+01
  3.677069E+01  3.918347E+01
  5.202912E+00  5.579617E+00  5.988852E+00  6.433474E+00
  6.916638E+00  7.441643E+00  8.011997E+00  8.631248E+00
  9.303147E+00  1.003132E+01  1.081927E+01  1.167025E+01
  1.258685E+01  1.357097E+01  1.462324E+01  1.574258E+01
  1.692583E+01  1.816675E+01  1.945566E+01  2.077849E+01
  2.227636E+01  2.704078E+01  3.396039E+01  4.242645E+01
  4.919790E+01  5.959078E+01  6.955087E+01  8.111832E+01
  9.501781E+01  1.113063E+02  1.236729E+02  1.317818E+02
  1.313207E+02  1.332614E+02  1.264275E+02  1.205971E+02
  1.117820E+02  1.055525E+02  9.781948E+01  9.154178E+01
  8.720105E+01  8.196159E+01  7.560567E+01  7.191546E+01
  6.754826E+01  6.355126E+01  5.988353E+01  5.629883E+01
  5.299302E+01  4.993904E+01  4.682336E+01  4.413292E+01
  4.163559E+01  3.931510E+01  3.715652E+01  4.855992E+00
  4.536280E+00  4.241563E+00  3.969687E+00  3.718690E+00
  3.486825E+00  3.272418E+00  3.074075E+00  2.890375E+00
  2.720079E+00  2.562117E+00  2.415466E+00  2.279198E+00
  2.152408E+00  2.034420E+00  1.924418E+00  1.821857E+00
  1.726130E+00  1.636738E+00  1.553153E+00  1.465839E+00
  1.526163E+00  1.782444E+00  2.027425E+00  2.234228E+00
  2.507885E+00  2.766973E+00  3.213035E+00  3.741836E+00
  4.457955E+00  5.117682E+00  5.878138E+00  6.825868E+00
  7.721593E+00  8.693604E+00  9.500611E+00  1.072889E+01
  1.195809E+01  1.273741E+01  1.375994E+01  1.470883E+01
  1.586951E+01  1.707202E+01  1.800138E+01  1.917781E+01
  2.043498E+01  2.177841E+01  2.308718E+01  2.448583E+01
  2.598106E+01  2.773205E+01  2.938108E+01  3.114655E+01
  3.303801E+01  3.506543E+01
  1.107129E+01  1.114739E+01  1.121059E+01  1.126069E+01
  1.129725E+01  1.132001E+01  1.132897E+01  1.132395E+01
  1.130501E+01  1.127227E+01  1.122597E+01  1.116638E+01
  1.109386E+01  1.100883E+01  1.091181E+01  1.080334E+01
  1.068408E+01  1.055466E+01  1.041577E+01  1.026820E+01
  1.009345E+01  1.105353E+01  1.324803E+01  1.555296E+01
  1.743855E+01  2.006571E+01  2.253903E+01  2.627634E+01
  3.078065E+01  3.681957E+01  4.238100E+01  4.859690E+01
  5.577577E+01  6.312041E+01  7.009374E+01  7.571017E+01
  8.383376E+01  9.219725E+01  9.546068E+01  1.006214E+02
  1.056219E+02  1.109919E+02  1.145178E+02  1.175109E+02
  1.206224E+02  1.236066E+02  1.264420E+02  1.279350E+02
  1.292142E+02  1.302690E+02  1.310430E+02  1.310145E+02
  1.307530E+02  1.302637E+02  1.295540E+02  1.098279E+01
  1.088254E+01  1.077099E+01  1.064881E+01  1.051672E+01
  1.037534E+01  1.022541E+01  1.006771E+01  9.903013E+00
  9.732031E+00  9.555573E+00  9.374395E+00  9.189111E+00
  9.000566E+00  8.809432E+00  8.616190E+00  8.421715E+00
  8.226295E+00  8.030744E+00  7.835404E+00  7.617603E+00
  8.230282E+00  9.798482E+00  1.140839E+01  1.273427E+01
  1.455834E+01  1.627668E+01  1.896107E+01  2.218389E+01
  2.652050E+01  3.051881E+01  3.503355E+01  4.037988E+01
  4.573501E+01  5.105406E+01  5.539864E+01  6.182676E+01
  6.842213E+01  7.158028E+01  7.619840E+01  8.062200E+01
  8.567895E+01  8.986506E+01  9.325697E+01  9.719352E+01
  1.012201E+02  1.053282E+02  1.085712E+02  1.118082E+02
  1.150241E+02  1.184153E+02  1.210014E+02  1.234845E+02
  1.258460E+02  1.280670E+02
  9.538185E+00  9.771825E+00  1.000257E+01  1.022933E+01
  1.045114E+01  1.066694E+01  1.087573E+01  1.107626E+01
  1.126749E+01  1.144832E+01  1.161755E+01  1.177414E+01
  1.191712E+01  1.204545E+01  1.215822E+01  1.225472E+01
  1.233420E+01  1.239601E+01  1.243983E+01  1.246515E+01
  1.247140E+01  1.395542E+01  1.689786E+01  2.009912E+01
  2.269370E+01  2.638208E+01  2.985241E+01  3.480615E+01
  4.079937E+01  4.874897E+01  5.601620E+01  6.393433E+01
  7.255511E+01  8.167644E+01  8.944923E+01  9.544527E+01
  1.035526E+02  1.118507E+02  1.132982E+02  1.167841E+02
  1.203307E+02  1.233736E+02  1.233900E+02  1.239545E+02
  1.238474E+02  1.234901E+02  1.228962E+02  1.210285E+02
  1.190169E+02  1.168822E+02  1.143212E+02  1.115371E+02
  1.087225E+02  1.058925E+02  1.030616E+02  9.302653E+00
  9.065861E+00  8.828775E+00  8.592058E+00  8.356536E+00
  8.122698E+00  7.891160E+00  7.662377E+00  7.436820E+00
  7.214938E+00  6.996925E+00  6.783255E+00  6.573996E+00
  6.369485E+00  6.169799E+00  5.975032E+00  5.785321E+00
  5.600758E+00  5.421372E+00  5.247012E+00  5.057978E+00
  5.407928E+00  6.404295E+00  7.408561E+00  8.240592E+00
  9.374004E+00  1.044264E+01  1.215434E+01  1.420229E+01
  1.696270E+01  1.950722E+01  2.239717E+01  2.587163E+01
  2.929543E+01  3.278952E+01  3.566138E+01  3.995614E+01
  4.433608E+01  4.666149E+01  4.993271E+01  5.303843E+01
  5.669168E+01  6.002126E+01  6.267472E+01  6.588605E+01
  6.925256E+01  7.278012E+01  7.588565E+01  7.911262E+01
  8.246358E+01  8.622756E+01  8.949088E+01  9.285043E+01
  9.630370E+01  9.984638E+01
  5.586076E+00  5.925200E+00  6.287537E+00  6.674522E+00
  7.087673E+00  7.528339E+00  7.997993E+00  8.497986E+00
  9.029450E+00  9.593409E+00  1.019062E+01  1.082158E+01
  1.148615E+01  1.218382E+01  1.291317E+01  1.367212E+01
  1.445740E+01  1.526473E+01  1.608835E+01  1.692116E+01
  1.785395E+01  2.128465E+01  2.649249E+01  3.270365E+01
  3.764734E+01  4.507965E+01  5.209906E+01  6.045706E+01
  7.049597E+01  8.279749E+01  9.308017E+01  1.021065E+02
  1.075177E+02  1.144257E+02  1.146981E+02  1.137636E+02
  1.106791E+02  1.086227E+02  1.023852E+02  9.776797E+01
  9.467059E+01  9.044103E+01  8.442918E+01  8.100661E+01
  7.679523E+01  7.288186E+01  6.924048E+01  6.551173E+01
  6.204532E+01  5.881825E+01  5.549173E+01  5.256675E+01
  4.983658E+01  4.728561E+01  4.489967E+01  5.268752E+00
  4.971935E+00  4.694225E+00  4.434394E+00  4.191270E+00
  3.963779E+00  3.750767E+00  3.551294E+00  3.364542E+00
  3.189368E+00  3.025204E+00  2.871251E+00  2.726781E+00
  2.591069E+00  2.463616E+00  2.343862E+00  2.231189E+00
  2.125239E+00  2.025462E+00  1.931471E+00  1.832603E+00
  1.920922E+00  2.251507E+00  2.572142E+00  2.841384E+00
  3.200480E+00  3.540032E+00  4.113417E+00  4.794754E+00
  5.716537E+00  6.565946E+00  7.541468E+00  8.746448E+00
  9.897758E+00  1.112856E+01  1.214839E+01  1.369486E+01
  1.525041E+01  1.619914E+01  1.746328E+01  1.864325E+01
  2.007556E+01  2.152268E+01  2.264892E+01  2.406368E+01
  2.557183E+01  2.717988E+01  2.872065E+01  3.036186E+01
  3.211110E+01  3.414987E+01  3.604937E+01  3.807584E+01
  4.023899E+01  4.255003E+01
  6.939787E+00  7.255517E+00  7.584330E+00  7.926250E+00
  8.281164E+00  8.648874E+00  9.029031E+00  9.421127E+00
  9.824431E+00  1.023805E+01  1.066082E+01  1.109130E+01
  1.152784E+01  1.196845E+01  1.241082E+01  1.285247E+01
  1.329047E+01  1.372162E+01  1.414243E+01  1.454935E+01
  1.498371E+01  1.736059E+01  2.134801E+01  2.591878E+01
  2.957887E+01  3.494484E+01  3.999424E+01  4.652415E+01
  5.442109E+01  6.456508E+01  7.355967E+01  8.264506E+01
  9.091114E+01  1.002152E+02  1.056485E+02  1.090975E+02
  1.123868E+02  1.158332E+02  1.125760E+02  1.111090E+02
  1.104727E+02  1.085592E+02  1.038538E+02  1.012944E+02
  9.777771E+01  9.435612E+01  9.103848E+01  8.723468E+01
  8.360645E+01  8.014859E+01  7.648354E+01  7.312478E+01
  6.993877E+01  6.691684E+01  6.404991E+01  6.637042E+00
  6.346962E+00  6.069457E+00  5.804211E+00  5.550759E+00
  5.308896E+00  5.078066E+00  4.858019E+00  4.648278E+00
  4.448403E+00  4.258076E+00  4.076721E+00  3.904131E+00
  3.739730E+00  3.583204E+00  3.434233E+00  3.292415E+00
  3.157342E+00  3.028801E+00  2.906332E+00  2.776106E+00
  2.934638E+00  3.455003E+00  3.968324E+00  4.396783E+00
  4.973673E+00  5.518380E+00  6.416888E+00  7.487780E+00
  8.934233E+00  1.026722E+01  1.179095E+01  1.365165E+01
  1.545321E+01  1.734204E+01  1.890235E+01  2.125588E+01
  2.363755E+01  2.501439E+01  2.688812E+01  2.864969E+01
  3.076393E+01  3.282267E+01  3.444005E+01  3.644703E+01
  3.857650E+01  4.083643E+01  4.294458E+01  4.517556E+01
  4.753761E+01  5.026429E+01  5.275517E+01  5.539031E+01
  5.817878E+01  6.113109E+01
  3.092058E+01  2.940589E+01  2.773684E+01  2.598305E+01
  2.420340E+01  2.244430E+01  2.073999E+01  1.911419E+01
  1.758154E+01  1.615015E+01  1.482291E+01  1.359890E+01
  1.247492E+01  1.144607E+01  1.050649E+01  9.649904E+00
  8.869791E+00  8.159915E+00  7.514037E+00  6.926528E+00
  6.331083E+00  6.318523E+00  7.208554E+00  7.963766E+00
  8.631544E+00  9.458130E+00  1.024812E+01  1.183198E+01
  1.366845E+01  1.616589E+01  1.844877E+01  2.113615E+01
  2.467295E+01  2.774278E+01  3.141434E+01  3.448071E+01
  3.921971E+01  4.373607E+01  4.735340E+01  5.165846E+01
  5.546412E+01  6.029721E+01  6.605258E+01  7.027489E+01
  7.580044E+01  8.168858E+01  8.792970E+01  9.449440E+01
  1.014543E+02  1.087713E+02  1.171645E+02  1.251019E+02
  1.331108E+02  1.409335E+02  1.482104E+02  3.220446E+01
  3.318240E+01  3.378988E+01  3.398355E+01  3.374904E+01
  3.310371E+01  3.209330E+01  3.078390E+01  2.925117E+01
  2.757110E+01  2.581248E+01  2.403298E+01  2.227785E+01
  2.058020E+01  1.896281E+01  1.743968E+01  1.601825E+01
  1.470096E+01  1.348674E+01  1.237211E+01  1.123577E+01
  1.110744E+01  1.260237E+01  1.381258E+01  1.489839E+01
  1.620227E+01  1.745086E+01  2.010910E+01  2.316276E+01
  2.731464E+01  3.108918E+01  3.555861E+01  4.155334E+01
  4.654501E+01  5.274234E+01  5.790289E+01  6.587030E+01
  7.318628E+01  7.963663E+01  8.692197E+01  9.309036E+01
  1.008997E+02  1.106326E+02  1.173331E+02  1.258865E+02
  1.343699E+02  1.424367E+02  1.503590E+02  1.572165E+02
  1.624224E+02  1.657211E+02  1.665520E+02  1.648203E+02
  1.607807E+02  1.549288E+02
  1.940357E+01  1.785297E+01  1.640266E+01  1.505626E+01
  1.381351E+01  1.267162E+01  1.162579E+01  1.067036E+01
  9.799122E+00  9.005584E+00  8.283366E+00  7.626329E+00
  7.028623E+00  6.484809E+00  5.989818E+00  5.539069E+00
  5.128283E+00  4.753659E+00  4.411655E+00  4.099214E+00
  3.780850E+00  3.819750E+00  4.388303E+00  4.891105E+00
  5.328530E+00  5.883065E+00  6.411291E+00  7.417339E+00
  8.593060E+00  1.019153E+01  1.165820E+01  1.337513E+01
  1.559864E+01  1.758774E+01  1.989590E+01  2.182372E+01
  2.479564E+01  2.768474E+01  2.983721E+01  3.248301E+01
  3.486782E+01  3.787003E+01  4.129919E+01  4.386806E+01
  4.720834E+01  5.079392E+01  5.463728E+01  5.860875E+01
  6.288047E+01  6.746995E+01  7.289426E+01  7.816227E+01
  8.381495E+01  8.986280E+01  9.630718E+01  2.104530E+01
  2.276197E+01  2.452813E+01  2.630739E+01  2.805103E+01
  2.969800E+01  3.117695E+01  3.241107E+01  3.332629E+01
  3.386113E+01  3.397708E+01  3.366549E+01  3.294924E+01
  3.187866E+01  3.052231E+01  2.895674E+01  2.725700E+01
  2.549012E+01  2.371160E+01  2.196440E+01  2.008274E+01
  1.997378E+01  2.274287E+01  2.493727E+01  2.688528E+01
  2.915862E+01  3.131347E+01  3.612154E+01  4.161376E+01
  4.909487E+01  5.586554E+01  6.394201E+01  7.504607E+01
  8.375079E+01  9.508079E+01  1.043806E+02  1.184102E+02
  1.298032E+02  1.414140E+02  1.523049E+02  1.594672E+02
  1.668592E+02  1.749769E+02  1.770970E+02  1.771967E+02
  1.739530E+02  1.680447E+02  1.613504E+02  1.533413E+02
  1.446825E+02  1.350332E+02  1.265617E+02  1.183557E+02
  1.105400E+02  1.031774E+02
  1.084340E+01  9.957271E+00  9.149952E+00  8.415103E+00
  7.746453E+00  7.138150E+00  6.584746E+00  6.081024E+00
  5.622344E+00  5.204371E+00  4.823200E+00  4.475347E+00
  4.157545E+00  3.866968E+00  3.600942E+00  3.357122E+00
  3.133500E+00  2.928089E+00  2.739269E+00  2.565420E+00
  2.386876E+00  2.439406E+00  2.820548E+00  3.168768E+00
  3.467862E+00  3.854003E+00  4.220746E+00  4.890991E+00
  5.679162E+00  6.749617E+00  7.733968E+00  8.880039E+00
  1.034311E+01  1.168225E+01  1.319675E+01  1.445993E+01
  1.639972E+01  1.831008E+01  1.964936E+01  2.133755E+01
  2.287840E+01  2.479925E+01  2.691544E+01  2.852135E+01
  3.059063E+01  3.281137E+01  3.519333E+01  3.760368E+01
  4.019474E+01  4.297990E+01  4.627027E+01  4.943866E+01
  5.285048E+01  5.652391E+01  6.047813E+01  1.181477E+01
  1.287756E+01  1.403728E+01  1.529833E+01  1.666317E+01
  1.813135E+01  1.969829E+01  2.135373E+01  2.307990E+01
  2.484934E+01  2.662361E+01  2.835176E+01  2.997069E+01
  3.140779E+01  3.258625E+01  3.343384E+01  3.389268E+01
  3.392957E+01  3.354168E+01  3.275747E+01  3.147607E+01
  3.313798E+01  3.898870E+01  4.416303E+01  4.846217E+01
  5.363237E+01  5.835981E+01  6.835790E+01  8.012125E+01
  9.660858E+01  1.119335E+02  1.307465E+02  1.581368E+02
  1.770353E+02  2.015950E+02  2.163033E+02  2.239296E+02
  2.125496E+02  2.069261E+02  1.927716E+02  1.797625E+02
  1.655460E+02  1.517498E+02  1.425686E+02  1.321120E+02
  1.224945E+02  1.137045E+02  1.057741E+02  9.845589E+01
  9.171916E+01  8.492837E+01  7.924194E+01  7.399224E+01
  6.914664E+01  6.467320E+01
  6.181878E+00  5.714924E+00  5.289473E+00  4.901468E+00
  4.547371E+00  4.223859E+00  3.928051E+00  3.657318E+00
  3.409235E+00  3.181647E+00  2.972667E+00  2.780496E+00
  2.603700E+00  2.440731E+00  2.290477E+00  2.151638E+00
  2.023300E+00  1.904579E+00  1.794506E+00  1.692400E+00
  1.586717E+00  1.637943E+00  1.904193E+00  2.153736E+00
  2.365944E+00  2.643852E+00  2.907175E+00  3.372900E+00
  3.922872E+00  4.668995E+00  5.355824E+00  6.151210E+00
  7.153587E+00  8.087640E+00  9.120531E+00  9.980077E+00
  1.129412E+01  1.259998E+01  1.346773E+01  1.458513E+01
  1.561436E+01  1.688481E+01  1.823990E+01  1.927835E+01
  2.060414E+01  2.202406E+01  2.354446E+01  2.505288E+01
  2.666968E+01  2.840295E+01  3.044177E+01  3.238290E+01
  3.446727E+01  3.670640E+01  3.911271E+01  6.694582E+00
  7.257833E+00  7.876819E+00  8.557077E+00  9.304475E+00
  1.012531E+01  1.102579E+01  1.201233E+01  1.309094E+01
  1.426685E+01  1.554409E+01  1.692445E+01  1.840693E+01
  1.998577E+01  2.164940E+01  2.337833E+01  2.514347E+01
  2.690416E+01  2.860755E+01  3.018901E+01  3.172508E+01
  3.741761E+01  4.670103E+01  5.741737E+01  6.619484E+01
  7.906374E+01  9.149917E+01  1.111177E+02  1.376997E+02
  1.799373E+02  2.281662E+02  2.813255E+02  2.606299E+02
  2.333780E+02  1.973764E+02  1.765909E+02  1.532316E+02
  1.379131E+02  1.260208E+02  1.155692E+02  1.082329E+02
  1.001163E+02  9.143932E+01  8.627714E+01  8.035163E+01
  7.498035E+01  7.009711E+01  6.551470E+01  6.130737E+01
  5.743906E+01  5.352299E+01  5.019442E+01  4.711646E+01
  4.426789E+01  4.162891E+01
  4.839726E+00  4.522468E+00  4.229788E+00  3.959723E+00
  3.710354E+00  3.479888E+00  3.266705E+00  3.069455E+00
  2.886681E+00  2.717215E+00  2.559958E+00  2.413955E+00
  2.278201E+00  2.151891E+00  2.034278E+00  1.924694E+00
  1.822431E+00  1.726943E+00  1.637791E+00  1.554398E+00
  1.467283E+00  1.528022E+00  1.784761E+00  2.030392E+00
  2.237614E+00  2.512087E+00  2.771732E+00  3.218687E+00
  3.748511E+00  4.466037E+00  5.127004E+00  5.888856E+00
  6.838052E+00  7.735467E+00  8.708811E+00  9.516815E+00
  1.074664E+01  1.197747E+01  1.275690E+01  1.377998E+01
  1.472959E+01  1.589095E+01  1.709314E+01  1.802249E+01
  1.919862E+01  2.045533E+01  2.179820E+01  2.310570E+01
  2.450284E+01  2.599646E+01  2.774529E+01  2.939169E+01
  3.115428E+01  3.304226E+01  3.506601E+01  5.184002E+00
  5.557636E+00  5.963345E+00  6.404000E+00  6.882645E+00
  7.402606E+00  7.967178E+00  8.579950E+00  9.244564E+00
  9.964540E+00  1.074336E+01  1.158423E+01  1.248966E+01
  1.346151E+01  1.450052E+01  1.560568E+01  1.677395E+01
  1.799938E+01  1.927272E+01  2.058040E+01  2.206277E+01
  2.678120E+01  3.362974E+01  4.200825E+01  4.870570E+01
  5.898188E+01  6.882117E+01  8.021126E+01  9.387868E+01
  1.098738E+02  1.220301E+02  1.300710E+02  1.298045E+02
  1.319093E+02  1.253591E+02  1.197210E+02  1.111298E+02
  1.050555E+02  9.740410E+01  9.120493E+01  8.692093E+01
  8.173588E+01  7.542242E+01  7.175872E+01  6.741875E+01
  6.344523E+01  5.979799E+01  5.622866E+01  5.293637E+01
  4.989457E+01  4.679043E+01  4.410836E+01  4.161880E+01
  3.930497E+01  3.715228E+01
  1.098547E+01  1.088428E+01  1.077177E+01  1.064872E+01
  1.051576E+01  1.037350E+01  1.022277E+01  1.006430E+01
  9.898818E+00  9.727153E+00  9.550071E+00  9.368213E+00
  9.182392E+00  8.993331E+00  8.801592E+00  8.608015E+00
  8.413086E+00  8.217427E+00  8.021474E+00  7.825868E+00
  7.607740E+00  8.218997E+00  9.784680E+00  1.139159E+01
  1.271514E+01  1.453588E+01  1.625116E+01  1.893122E+01
  2.214886E+01  2.647862E+01  3.047074E+01  3.497858E+01
  4.031788E+01  4.566507E+01  5.097792E+01  5.531768E+01
  6.173968E+01  6.832831E+01  7.148661E+01  7.610311E+01
  8.052467E+01  8.558077E+01  8.977002E+01  9.316393E+01
  9.710434E+01  1.011356E+02  1.052497E+02  1.085006E+02
  1.117464E+02  1.149727E+02  1.183764E+02  1.209751E+02
  1.234717E+02  1.258477E+02  1.280842E+02  1.107483E+01
  1.115184E+01  1.121609E+01  1.126706E+01  1.130454E+01
  1.132820E+01  1.133798E+01  1.133375E+01  1.131569E+01
  1.128369E+01  1.123809E+01  1.117905E+01  1.110722E+01
  1.102265E+01  1.092612E+01  1.081805E+01  1.069920E+01
  1.057009E+01  1.043143E+01  1.028401E+01  1.010933E+01
  1.107152E+01  1.326985E+01  1.557901E+01  1.746807E+01
  2.010015E+01  2.257804E+01  2.632196E+01  3.083439E+01
  3.688424E+01  4.245574E+01  4.868274E+01  5.587427E+01
  6.323210E+01  7.021701E+01  7.584267E+01  8.397855E+01
  9.235496E+01  9.562009E+01  1.007855E+02  1.057907E+02
  1.111638E+02  1.146863E+02  1.176774E+02  1.207840E+02
  1.237619E+02  1.265898E+02  1.280721E+02  1.293393E+02
  1.303808E+02  1.311393E+02  1.310955E+02  1.308181E+02
  1.303127E+02  1.295870E+02
  9.316933E+00  9.082878E+00  8.848351E+00  8.613987E+00
  8.380538E+00  8.148658E+00  7.918773E+00  7.691587E+00
  7.467398E+00  7.246721E+00  7.029721E+00  6.816880E+00
  6.608371E+00  6.404373E+00  6.205093E+00  6.010737E+00
  5.821238E+00  5.636809E+00  5.457467E+00  5.283072E+00
  5.093865E+00  5.447933E+00  6.452545E+00  7.465843E+00
  8.305065E+00  9.448607E+00  1.052681E+01  1.225258E+01
  1.431742E+01  1.710042E+01  1.966564E+01  2.257852E+01
  2.607883E+01  2.952974E+01  3.304852E+01  3.594016E+01
  4.026326E+01  4.467285E+01  4.700795E+01  5.029603E+01
  5.341857E+01  5.708917E+01  6.042792E+01  6.308973E+01
  6.630891E+01  6.968202E+01  7.321491E+01  7.631982E+01
  7.954438E+01  8.289074E+01  8.664623E+01  8.989697E+01
  9.324104E+01  9.667518E+01  1.001949E+02  9.549580E+00
  9.780006E+00  1.000730E+01  1.023053E+01  1.044861E+01
  1.066055E+01  1.086525E+01  1.106161E+01  1.124854E+01
  1.142498E+01  1.158985E+01  1.174200E+01  1.188050E+01
  1.200450E+01  1.211302E+01  1.220534E+01  1.228082E+01
  1.233887E+01  1.237903E+01  1.240101E+01  1.240395E+01
  1.387543E+01  1.679841E+01  1.997695E+01  2.255349E+01
  2.621516E+01  2.966042E+01  3.458126E+01  4.053435E+01
  4.843119E+01  5.565038E+01  6.351870E+01  7.209321E+01
  8.116053E+01  8.890228E+01  9.488026E+01  1.029756E+02
  1.112644E+02  1.127512E+02  1.162712E+02  1.198469E+02
  1.229389E+02  1.230325E+02  1.236484E+02  1.236095E+02
  1.233208E+02  1.227956E+02  1.209946E+02  1.190460E+02
  1.169709E+02  1.144707E+02  1.117358E+02  1.089656E+02
  1.061759E+02  1.033811E+02
  5.252867E+00  4.956516E+00  4.679363E+00  4.420000E+00
  4.177457E+00  3.950461E+00  3.737991E+00  3.539006E+00
  3.352599E+00  3.177985E+00  3.014332E+00  2.860770E+00
  2.716718E+00  2.581403E+00  2.454388E+00  2.334978E+00
  2.222677E+00  2.117024E+00  2.017637E+00  1.923956E+00
  1.825364E+00  1.913270E+00  2.242547E+00  2.561826E+00
  2.829954E+00  3.187624E+00  3.525715E+00  4.096737E+00
  4.775310E+00  5.693270E+00  6.539241E+00  7.510711E+00
  8.710898E+00  9.857537E+00  1.108336E+01  1.209894E+01
  1.363927E+01  1.518859E+01  1.613364E+01  1.739285E+01
  1.856809E+01  1.999474E+01  2.143634E+01  2.255826E+01
  2.396772E+01  2.547016E+01  2.707208E+01  2.860712E+01
  3.024236E+01  3.198519E+01  3.401648E+01  3.590913E+01
  3.792843E+01  4.008390E+01  4.238676E+01  5.569654E+00
  5.908293E+00  6.270118E+00  6.656709E+00  7.069518E+00
  7.509868E+00  7.979335E+00  8.479143E+00  9.010600E+00
  9.574735E+00  1.017230E+01  1.080383E+01  1.146918E+01
  1.216789E+01  1.289863E+01  1.365931E+01  1.444679E+01
  1.525665E+01  1.608333E+01  1.691966E+01  1.785682E+01
  2.129452E+01  2.650789E+01  3.272817E+01  3.767859E+01
  4.512306E+01  5.215378E+01  6.051477E+01  7.055477E+01
  8.284676E+01  9.311032E+01  1.020996E+02  1.074492E+02
  1.143011E+02  1.145164E+02  1.135437E+02  1.104186E+02
  1.083310E+02  1.020958E+02  9.747568E+01  9.437504E+01
  9.014755E+01  8.414805E+01  8.073183E+01  7.652994E+01
  7.262579E+01  6.899355E+01  6.527574E+01  6.181942E+01
  5.860205E+01  5.528586E+01  5.237028E+01  4.964908E+01
  4.710651E+01  4.472848E+01
  6.692480E+00  6.400053E+00  6.120173E+00  5.852548E+00
  5.596961E+00  5.352856E+00  5.120040E+00  4.898007E+00
  4.686337E+00  4.484676E+00  4.292500E+00  4.109528E+00
  3.935267E+00  3.769431E+00  3.611423E+00  3.461130E+00
  3.317967E+00  3.181701E+00  3.051913E+00  2.928321E+00
  2.796898E+00  2.956311E+00  3.480425E+00  3.997259E+00
  4.428690E+00  5.009600E+00  5.557916E+00  6.462887E+00
  7.541405E+00  8.998289E+00  1.034094E+01  1.187573E+01
  1.375045E+01  1.556529E+01  1.746862E+01  1.904104E+01
  2.141307E+01  2.381345E+01  2.520205E+01  2.709145E+01
  2.886763E+01  3.099980E+01  3.307695E+01  3.470862E+01
  3.673383E+01  3.888262E+01  4.116332E+01  4.329160E+01
  4.554390E+01  4.792881E+01  5.068204E+01  5.319784E+01
  5.585933E+01  5.867623E+01  6.165865E+01  6.997725E+00
  7.315951E+00  7.647300E+00  7.991730E+00  8.349117E+00
  8.719285E+00  9.101832E+00  9.496169E+00  9.901617E+00
  1.031709E+01  1.074158E+01  1.117346E+01  1.161110E+01
  1.205237E+01  1.249506E+01  1.293638E+01  1.337350E+01
  1.380315E+01  1.422185E+01  1.462585E+01  1.505606E+01
  1.743527E+01  2.143559E+01  2.601751E+01  2.968756E+01
  3.506546E+01  4.012696E+01  4.668818E+01  5.462577E+01
  6.483401E+01  7.389578E+01  8.306734E+01  9.144553E+01
  1.008619E+02  1.064017E+02  1.099283E+02  1.133111E+02
  1.168399E+02  1.135774E+02  1.121204E+02  1.114944E+02
  1.095752E+02  1.048290E+02  1.022469E+02  9.869590E+01
  9.523947E+01  9.188683E+01  8.804223E+01  8.437483E+01
  8.087936E+01  7.717471E+01  7.377971E+01  7.055957E+01
  6.750536E+01  6.460797E+01
  3.259274E+01  3.222069E+01  3.150105E+01  3.047893E+01
  2.921267E+01  2.776618E+01  2.620216E+01  2.457691E+01
  2.293760E+01  2.132164E+01  1.975666E+01  1.826205E+01
  1.685008E+01  1.552757E+01  1.429714E+01  1.315840E+01
  1.210881E+01  1.114432E+01  1.026019E+01  9.451098E+00
  8.627181E+00  8.591352E+00  9.789433E+00  1.079272E+01
  1.168255E+01  1.277392E+01  1.381701E+01  1.594738E+01
  1.841183E+01  2.176578E+01  2.482917E+01  2.844619E+01
  3.324381E+01  3.735890E+01  4.235127E+01  4.652568E+01
  5.299307E+01  5.910446E+01  6.417765E+01  7.013342E+01
  7.534959E+01  8.200493E+01  9.011241E+01  9.599287E+01
  1.037069E+02  1.118640E+02  1.203907E+02  1.293784E+02
  1.386609E+02  1.480033E+02  1.579798E+02  1.665494E+02
  1.737682E+02  1.788938E+02  1.812838E+02  3.259274E+01
  3.222069E+01  3.150105E+01  3.047893E+01  2.921267E+01
  2.776618E+01  2.620216E+01  2.457691E+01  2.293760E+01
  2.132164E+01  1.975666E+01  1.826205E+01  1.685008E+01
  1.552757E+01  1.429714E+01  1.315840E+01  1.210881E+01
  1.114432E+01  1.026019E+01  9.451098E+00  8.627181E+00
  8.591352E+00  9.789433E+00  1.079272E+01  1.168255E+01
  1.277392E+01  1.381701E+01  1.594738E+01  1.841183E+01
  2.176578E+01  2.482917E+01  2.844619E+01  3.324381E+01
  3.735890E+01  4.235127E+01  4.652568E+01  5.299307E+01
  5.910446E+01  6.417765E+01  7.013342E+01  7.534959E+01
  8.200493E+01  9.011241E+01  9.599287E+01  1.037069E+02
  1.118640E+02  1.203907E+02  1.293784E+02  1.386609E+02
  1.480033E+02  1.579798E+02  1.665494E+02  1.737682E+02
  1.788938E+02  1.812838E+02
  2.642919E+01  2.798016E+01  2.940492E+01  3.064037E+01
  3.162290E+01  3.229553E+01  3.261567E+01  3.256228E+01
  3.213880E+01  3.137314E+01  3.031257E+01  2.901674E+01
  2.754986E+01  2.597388E+01  2.434400E+01  2.270602E+01
  2.109577E+01  1.953978E+01  1.805627E+01  1.665672E+01
  1.519624E+01  1.509710E+01  1.717933E+01  1.886641E+01
  2.036775E+01  2.216016E+01  2.386828E+01  2.753608E+01
  3.175100E+01  3.749530E+01  4.272337E+01  4.894161E+01
  5.736919E+01  6.430476E+01  7.307095E+01  8.038755E+01
  9.171201E+01  1.019078E+02  1.113863E+02  1.217706E+02
  1.302422E+02  1.407697E+02  1.540188E+02  1.622911E+02
  1.719526E+02  1.797535E+02  1.847600E+02  1.877521E+02
  1.871625E+02  1.831819E+02  1.758542E+02  1.677401E+02
  1.585717E+02  1.489956E+02  1.394561E+02  2.480949E+01
  2.316972E+01  2.154852E+01  1.997497E+01  1.846945E+01
  1.704522E+01  1.570975E+01  1.446623E+01  1.331460E+01
  1.225251E+01  1.127626E+01  1.038105E+01  9.561627E+00
  8.812526E+00  8.128303E+00  7.503580E+00  6.933314E+00
  6.412718E+00  5.937399E+00  5.503130E+00  5.060902E+00
  5.092619E+00  5.837444E+00  6.487122E+00  7.055162E+00
  7.769397E+00  8.450351E+00  9.770788E+00  1.131018E+01
  1.340419E+01  1.532390E+01  1.757710E+01  2.051457E+01
  2.311604E+01  2.617104E+01  2.872520E+01  3.267104E+01
  3.648559E+01  3.940836E+01  4.296321E+01  4.615036E+01
  5.018306E+01  5.487104E+01  5.836485E+01  6.293047E+01
  6.783561E+01  7.309454E+01  7.858935E+01  8.450430E+01
  9.085713E+01  9.836086E+01  1.056694E+02  1.134672E+02
  1.217234E+02  1.303655E+02
  1.589385E+01  1.724217E+01  1.867855E+01  2.019469E+01
  2.177643E+01  2.340228E+01  2.504177E+01  2.665486E+01
  2.819156E+01  2.959334E+01  3.079674E+01  3.173846E+01
  3.236315E+01  3.263108E+01  3.252429E+01  3.204997E+01
  3.123921E+01  3.014133E+01  2.881737E+01  2.733136E+01
  2.555005E+01  2.607893E+01  3.014624E+01  3.355666E+01
  3.647782E+01  3.995008E+01  4.318672E+01  5.015254E+01
  5.822208E+01  6.934641E+01  7.955262E+01  9.188776E+01
  1.092401E+02  1.228163E+02  1.409444E+02  1.557651E+02
  1.773013E+02  1.911934E+02  2.063089E+02  2.138232E+02
  2.127653E+02  2.072307E+02  1.992624E+02  1.902465E+02
  1.784490E+02  1.662938E+02  1.544957E+02  1.438147E+02
  1.337023E+02  1.242672E+02  1.147126E+02  1.067492E+02
  9.938876E+01  9.260022E+01  8.634554E+01  1.463719E+01
  1.347260E+01  1.239804E+01  1.140987E+01  1.050341E+01
  9.673562E+00  8.914814E+00  8.221665E+00  7.588829E+00
  7.011138E+00  6.483799E+00  6.002275E+00  5.562438E+00
  5.160423E+00  4.792775E+00  4.456278E+00  4.148069E+00
  3.865452E+00  3.606121E+00  3.367889E+00  3.123718E+00
  3.179297E+00  3.667649E+00  4.108672E+00  4.489110E+00
  4.977019E+00  5.440870E+00  6.301634E+00  7.311700E+00
  8.684482E+00  9.946198E+00  1.141872E+01  1.330962E+01
  1.502634E+01  1.698798E+01  1.862574E+01  2.114620E+01
  2.361831E+01  2.539358E+01  2.761114E+01  2.962704E+01
  3.215155E+01  3.497446E+01  3.710813E+01  3.986967E+01
  4.283744E+01  4.602449E+01  4.928020E+01  5.278687E+01
  5.656346E+01  6.103727E+01  6.537170E+01  7.004878E+01
  7.509384E+01  8.053186E+01
  9.018458E+00  9.786949E+00  1.062734E+01  1.154508E+01
  1.254525E+01  1.363247E+01  1.481000E+01  1.607974E+01
  1.744090E+01  1.888923E+01  2.041573E+01  2.200524E+01
  2.363506E+01  2.527352E+01  2.687901E+01  2.840028E+01
  2.977784E+01  3.094783E+01  3.184762E+01  3.242363E+01
  3.263944E+01  3.643202E+01  4.425838E+01  5.226502E+01
  5.880061E+01  6.747282E+01  7.550919E+01  9.026676E+01
  1.089373E+02  1.371311E+02  1.667496E+02  2.085082E+02
  2.875782E+02  3.671597E+02  3.488366E+02  2.882570E+02
  2.327771E+02  2.003625E+02  1.811736E+02  1.634612E+02
  1.511186E+02  1.381595E+02  1.252287E+02  1.174809E+02
  1.087570E+02  1.009226E+02  9.386211E+01  8.738055E+01
  8.145974E+01  7.604340E+01  7.059368E+01  6.600388E+01
  6.177532E+01  5.787538E+01  5.427493E+01  8.316298E+00
  7.675226E+00  7.089994E+00  6.555802E+00  6.067994E+00
  5.622518E+00  5.215343E+00  4.843017E+00  4.502298E+00
  4.190202E+00  3.904124E+00  3.641620E+00  3.400497E+00
  3.178819E+00  2.974794E+00  2.786822E+00  2.613491E+00
  2.453448E+00  2.305545E+00  2.168735E+00  2.027397E+00
  2.084913E+00  2.418882E+00  2.728894E+00  2.993537E+00
  3.338134E+00  3.665000E+00  4.250398E+00  4.940676E+00
  5.877582E+00  6.739946E+00  7.740981E+00  9.009151E+00
  1.018303E+01  1.149300E+01  1.258445E+01  1.425659E+01
  1.591318E+01  1.703806E+01  1.847471E+01  1.979381E+01
  2.142899E+01  2.319661E+01  2.454639E+01  2.627677E+01
  2.813255E+01  3.012223E+01  3.211282E+01  3.425025E+01
  3.654591E+01  3.925322E+01  4.184474E+01  4.463362E+01
  4.763610E+01  5.086940E+01
  5.929641E+00  6.388309E+00  6.888881E+00  7.435240E+00
  8.031513E+00  8.681989E+00  9.391331E+00  1.016403E+01
  1.100467E+01  1.191742E+01  1.290614E+01  1.397369E+01
  1.512159E+01  1.634952E+01  1.765440E+01  1.902966E+01
  2.046429E+01  2.194126E+01  2.343720E+01  2.492112E+01
  2.652077E+01  3.186065E+01  3.996165E+01  4.970809E+01
  5.761170E+01  6.963884E+01  8.132635E+01  9.669008E+01
  1.161373E+02  1.414512E+02  1.625299E+02  1.769587E+02
  1.742512E+02  1.731213E+02  1.588618E+02  1.480643E+02
  1.335164E+02  1.234534E+02  1.134167E+02  1.050395E+02
  9.922090E+01  9.249180E+01  8.481389E+01  8.032267E+01
  7.509277E+01  7.033797E+01  6.600134E+01  6.184817E+01
  5.803185E+01  5.451863E+01  5.095135E+01  4.789631E+01
  4.506821E+01  4.244710E+01  4.001515E+01  5.509164E+00
  5.123610E+00  4.769845E+00  4.445098E+00  4.146632E+00
  3.872265E+00  3.619778E+00  3.387197E+00  3.172756E+00
  2.974906E+00  2.792165E+00  2.623159E+00  2.466840E+00
  2.321939E+00  2.187714E+00  2.063041E+00  1.947228E+00
  1.839521E+00  1.739278E+00  1.645915E+00  1.548756E+00
  1.606239E+00  1.872127E+00  2.124040E+00  2.337367E+00
  2.618390E+00  2.884454E+00  3.348330E+00  3.897160E+00
  4.641166E+00  5.326334E+00  6.117928E+00  7.109690E+00
  8.041048E+00  9.060673E+00  9.908262E+00  1.120110E+01
  1.249105E+01  1.332712E+01  1.441454E+01  1.542038E+01
  1.665615E+01  1.795428E+01  1.895366E+01  2.022409E+01
  2.158332E+01  2.303761E+01  2.446679E+01  2.599665E+01
  2.763476E+01  2.955771E+01  3.137864E+01  3.333156E+01
  3.542739E+01  3.767782E+01
  5.638714E+00  6.017079E+00  6.424686E+00  6.863894E+00
  7.336791E+00  7.845774E+00  8.393210E+00  8.981368E+00
  9.612401E+00  1.028834E+01  1.101080E+01  1.178098E+01
  1.259939E+01  1.346568E+01  1.437845E+01  1.533467E+01
  1.632969E+01  1.735670E+01  1.840644E+01  1.946681E+01
  2.064847E+01  2.475533E+01  3.091895E+01  3.832631E+01
  4.424660E+01  5.321010E+01  6.174399E+01  7.199466E+01
  8.439913E+01  9.958728E+01  1.120719E+02  1.222913E+02
  1.265255E+02  1.324235E+02  1.294763E+02  1.259392E+02
  1.193392E+02  1.145916E+02  1.067783E+02  1.006612E+02
  9.647135E+01  9.119004E+01  8.441218E+01  8.051472E+01
  7.584267E+01  7.154959E+01  6.759546E+01  6.366872E+01
  6.004160E+01  5.668524E+01  5.325170E+01  5.026947E+01
  4.749819E+01  4.491970E+01  4.251775E+01  5.287577E+00
  4.961695E+00  4.659100E+00  4.378174E+00  4.117196E+00
  3.874608E+00  3.649080E+00  3.439243E+00  3.243948E+00
  3.062057E+00  2.892531E+00  2.734389E+00  2.586836E+00
  2.449080E+00  2.320297E+00  2.199846E+00  2.087172E+00
  1.981588E+00  1.882661E+00  1.789896E+00  1.692732E+00
  1.766969E+00  2.066582E+00  2.354459E+00  2.597069E+00
  2.919047E+00  3.223577E+00  3.744416E+00  4.362233E+00
  5.198826E+00  5.969640E+00  6.857038E+00  7.959553E+00
  9.005960E+00  1.013528E+01  1.107239E+01  1.249712E+01
  1.392587E+01  1.481922E+01  1.599798E+01  1.709438E+01
  1.843211E+01  1.980567E+01  2.087009E+01  2.221410E+01
  2.364925E+01  2.518210E+01  2.666685E+01  2.825193E+01
  2.994519E+01  3.192536E+01  3.378357E+01  3.577139E+01
  3.789906E+01  4.017814E+01
  7.282329E+00  7.610175E+00  7.950874E+00  8.304288E+00
  8.670245E+00  9.048388E+00  9.438129E+00  9.838727E+00
  1.024925E+01  1.066860E+01  1.109523E+01  1.152759E+01
  1.196360E+01  1.240103E+01  1.283733E+01  1.326962E+01
  1.369478E+01  1.410935E+01  1.450977E+01  1.489227E+01
  1.529454E+01  1.766015E+01  2.168773E+01  2.628045E+01
  2.996405E+01  3.534796E+01  4.041758E+01  4.706755E+01
  5.512500E+01  6.554486E+01  7.484508E+01  8.435565E+01
  9.323161E+01  1.031373E+02  1.092169E+02  1.131616E+02
  1.170935E+02  1.211159E+02  1.179382E+02  1.166336E+02
  1.161380E+02  1.142857E+02  1.094332E+02  1.067962E+02
  1.031396E+02  9.956623E+01  9.608913E+01  9.208137E+01
  8.825324E+01  8.460049E+01  8.072456E+01  7.716902E+01
  7.379527E+01  7.059409E+01  6.755640E+01  6.967399E+00
  6.665228E+00  6.375608E+00  6.098334E+00  5.833220E+00
  5.579871E+00  5.337829E+00  5.106932E+00  4.886620E+00
  4.676547E+00  4.476351E+00  4.285566E+00  4.103817E+00
  3.930699E+00  3.765754E+00  3.608768E+00  3.459191E+00
  3.316804E+00  3.181244E+00  3.052087E+00  2.914678E+00
  3.080254E+00  3.625886E+00  4.163813E+00  4.612872E+00
  5.217276E+00  5.787933E+00  6.730514E+00  7.853699E+00
  9.371200E+00  1.076984E+01  1.236918E+01  1.432384E+01
  1.621541E+01  1.820095E+01  1.984156E+01  2.231756E+01
  2.482320E+01  2.627531E+01  2.824999E+01  3.010621E+01
  3.233548E+01  3.450960E+01  3.621724E+01  3.833732E+01
  4.058737E+01  4.297602E+01  4.520611E+01  4.756667E+01
  5.006644E+01  5.295282E+01  5.559075E+01  5.838178E+01
  6.133570E+01  6.446358E+01
  8.711994E+00  8.964789E+00  9.218660E+00  9.472734E+00
  9.726102E+00  9.977855E+00  1.022691E+01  1.047230E+01
  1.071282E+01  1.094721E+01  1.117424E+01  1.139266E+01
  1.160121E+01  1.179857E+01  1.198347E+01  1.215454E+01
  1.231081E+01  1.245102E+01  1.257415E+01  1.267918E+01
  1.277440E+01  1.441721E+01  1.752414E+01  2.095088E+01
  2.371844E+01  2.768421E+01  3.141404E+01  3.660271E+01
  4.288014E+01  5.114598E+01  5.865510E+01  6.671279E+01
  7.520001E+01  8.430199E+01  9.160427E+01  9.709515E+01
  1.042322E+02  1.115236E+02  1.119384E+02  1.142941E+02
  1.168504E+02  1.186664E+02  1.174392E+02  1.171552E+02
  1.160869E+02  1.148369E+02  1.134253E+02  1.109476E+02
  1.084130E+02  1.058391E+02  1.028993E+02  9.990145E+01
  9.693881E+01  9.402032E+01  9.115333E+01  8.460891E+00
  8.212286E+00  7.966577E+00  7.724461E+00  7.486269E+00
  7.252538E+00  7.023446E+00  6.799363E+00  6.580482E+00
  6.366952E+00  6.158931E+00  5.956549E+00  5.759847E+00
  5.568854E+00  5.383582E+00  5.204014E+00  5.030040E+00
  4.861701E+00  4.698819E+00  4.541438E+00  4.371462E+00
  4.665604E+00  5.520220E+00  6.378912E+00  7.091183E+00
  8.059833E+00  8.973272E+00  1.044200E+01  1.219792E+01
  1.456479E+01  1.674584E+01  1.922434E+01  2.220963E+01
  2.514333E+01  2.814755E+01  3.061805E+01  3.431675E+01
  3.808331E+01  4.011052E+01  4.294686E+01  4.563540E+01
  4.880891E+01  5.173737E+01  5.406542E+01  5.689810E+01
  5.987587E+01  6.300580E+01  6.579790E+01  6.871348E+01
  7.175697E+01  7.520141E+01  7.822960E+01  8.137283E+01
  8.463228E+01  8.800885E+01
  9.503072E+00  9.760404E+00  1.001615E+01  1.026931E+01
  1.051884E+01  1.076355E+01  1.100214E+01  1.123340E+01
  1.145595E+01  1.166858E+01  1.186982E+01  1.205840E+01
  1.223311E+01  1.239257E+01  1.253575E+01  1.266140E+01
  1.276875E+01  1.285683E+01  1.292484E+01  1.297242E+01
  1.300085E+01  1.457639E+01  1.766689E+01  2.103831E+01
  2.376936E+01  2.765775E+01  3.131698E+01  3.652351E+01
  4.282782E+01  5.118975E+01  5.883489E+01  6.715250E+01
  7.616179E+01  8.572515E+01  9.377662E+01  9.994753E+01
  1.081995E+02  1.166226E+02  1.177975E+02  1.210586E+02
  1.244133E+02  1.271136E+02  1.265676E+02  1.267568E+02
  1.261546E+02  1.252943E+02  1.241978E+02  1.218410E+02
  1.193636E+02  1.167900E+02  1.137816E+02  1.106331E+02
  1.074875E+02  1.043593E+02  1.012613E+02  9.245296E+00
  8.987800E+00  8.731524E+00  8.477152E+00  8.225327E+00
  7.976780E+00  7.731853E+00  7.491086E+00  7.254904E+00
  7.023577E+00  6.797314E+00  6.576500E+00  6.361266E+00
  6.151591E+00  5.947760E+00  5.749756E+00  5.557489E+00
  5.371147E+00  5.190559E+00  5.015780E+00  4.826740E+00
  5.149678E+00  6.091776E+00  7.037484E+00  7.822044E+00
  8.888284E+00  9.893967E+00  1.151446E+01  1.345197E+01
  1.606536E+01  1.847490E+01  2.121590E+01  2.452328E+01
  2.777169E+01  3.110685E+01  3.385194E+01  3.796627E+01
  4.215775E+01  4.442458E+01  4.759140E+01  5.059295E+01
  5.413996E+01  5.741974E+01  6.002594E+01  6.319767E+01
  6.653168E+01  7.003575E+01  7.315930E+01  7.641808E+01
  7.981582E+01  8.365468E+01  8.701987E+01  9.050395E+01
  9.410623E+01  9.782496E+01
  1.069958E+01  1.082214E+01  1.093390E+01  1.103420E+01
  1.112247E+01  1.119825E+01  1.126088E+01  1.131022E+01
  1.134581E+01  1.136752E+01  1.137509E+01  1.136866E+01
  1.134807E+01  1.131361E+01  1.126534E+01  1.120371E+01
  1.112901E+01  1.104170E+01  1.094234E+01  1.083149E+01
  1.069449E+01  1.177580E+01  1.415068E+01  1.666825E+01
  1.872253E+01  2.159980E+01  2.430791E+01  2.834055E+01
  3.320615E+01  3.971344E+01  4.569707E+01  5.234652E+01
  5.992627E+01  6.774644E+01  7.500146E+01  8.079652E+01
  8.907101E+01  9.758749E+01  1.005402E+02  1.054507E+02
  1.102397E+02  1.152063E+02  1.179990E+02  1.204787E+02
  1.228675E+02  1.250676E+02  1.270629E+02  1.276717E+02
  1.280496E+02  1.281966E+02  1.279805E+02  1.270902E+02
  1.260012E+02  1.247270E+02  1.232813E+02  1.056698E+01
  1.042483E+01  1.027414E+01  1.011550E+01  9.949680E+00
  9.777522E+00  9.599769E+00  9.417190E+00  9.230533E+00
  9.040518E+00  8.847844E+00  8.653099E+00  8.456914E+00
  8.259995E+00  8.062819E+00  7.865915E+00  7.669765E+00
  7.474843E+00  7.281448E+00  7.090039E+00  6.878375E+00
  7.412605E+00  8.813495E+00  1.024544E+01  1.142640E+01
  1.304740E+01  1.457469E+01  1.697419E+01  1.985231E+01
  2.372603E+01  2.729706E+01  3.133400E+01  3.613155E+01
  4.091756E+01  4.570250E+01  4.961718E+01  5.542546E+01
  6.137619E+01  6.430766E+01  6.854965E+01  7.260434E+01
  7.727863E+01  8.126265E+01  8.447595E+01  8.825638E+01
  9.215587E+01  9.617142E+01  9.946230E+01  1.027955E+02
  1.061613E+02  1.097951E+02  1.127080E+02  1.155832E+02
  1.184047E+02  1.211557E+02
  1.105730E+01  1.118124E+01  1.129318E+01  1.139232E+01
  1.147809E+01  1.154991E+01  1.160732E+01  1.164988E+01
  1.167755E+01  1.168984E+01  1.168682E+01  1.166858E+01
  1.163501E+01  1.158653E+01  1.152344E+01  1.144610E+01
  1.135506E+01  1.125078E+01  1.113405E+01  1.100554E+01
  1.084843E+01  1.192037E+01  1.431069E+01  1.683466E+01
  1.889649E+01  2.177759E+01  2.448977E+01  2.855849E+01
  3.346759E+01  4.004577E+01  4.610371E+01  5.285928E+01
  6.061267E+01  6.858804E+01  7.606786E+01  8.206505E+01
  9.067403E+01  9.953705E+01  1.027459E+02  1.079725E+02
  1.130524E+02  1.183711E+02  1.214964E+02  1.242192E+02
  1.268838E+02  1.293468E+02  1.315878E+02  1.323671E+02
  1.328873E+02  1.331468E+02  1.330130E+02  1.321421E+02
  1.310428E+02  1.297297E+02  1.282193E+02  1.092195E+01
  1.077594E+01  1.062029E+01  1.045571E+01  1.028309E+01
  1.010329E+01  9.917116E+00  9.725470E+00  9.529274E+00
  9.329182E+00  9.126092E+00  8.920583E+00  8.713565E+00
  8.505573E+00  8.297362E+00  8.089373E+00  7.882182E+00
  7.676229E+00  7.472081E+00  7.270142E+00  7.046813E+00
  7.585460E+00  9.014047E+00  1.047090E+01  1.167320E+01
  1.332105E+01  1.487396E+01  1.732368E+01  2.026166E+01
  2.421932E+01  2.786972E+01  3.200291E+01  3.692964E+01
  4.183609E+01  4.676486E+01  5.080293E+01  5.680611E+01
  6.295637E+01  6.602554E+01  7.044498E+01  7.466582E+01
  7.954693E+01  8.374405E+01  8.712193E+01  9.110674E+01
  9.522102E+01  9.946141E+01  1.029558E+02  1.064959E+02
  1.100709E+02  1.139308E+02  1.170298E+02  1.200838E+02
  1.230737E+02  1.259801E+02
  2.480949E+01  2.316972E+01  2.154852E+01  1.997497E+01
  1.846945E+01  1.704522E+01  1.570975E+01  1.446623E+01
  1.331460E+01  1.225251E+01  1.127626E+01  1.038105E+01
  9.561627E+00  8.812526E+00  8.128303E+00  7.503580E+00
  6.933314E+00  6.412718E+00  5.937399E+00  5.503130E+00
  5.060902E+00  5.092619E+00  5.837444E+00  6.487122E+00
  7.055162E+00  7.769397E+00  8.450351E+00  9.770788E+00
  1.131018E+01  1.340419E+01  1.532390E+01  1.757710E+01
  2.051457E+01  2.311604E+01  2.617104E+01  2.872520E+01
  3.267104E+01  3.648559E+01  3.940836E+01  4.296321E+01
  4.615036E+01  5.018306E+01  5.487104E+01  5.836485E+01
  6.293047E+01  6.783561E+01  7.309454E+01  7.858935E+01
  8.450430E+01  9.085713E+01  9.836086E+01  1.056694E+02
  1.134672E+02  1.217234E+02  1.303655E+02  2.642919E+01
  2.798016E+01  2.940492E+01  3.064037E+01  3.162290E+01
  3.229553E+01  3.261567E+01  3.256228E+01  3.213880E+01
  3.137314E+01  3.031257E+01  2.901674E+01  2.754986E+01
  2.597388E+01  2.434400E+01  2.270602E+01  2.109577E+01
  1.953978E+01  1.805627E+01  1.665672E+01  1.519624E+01
  1.509710E+01  1.717933E+01  1.886641E+01  2.036775E+01
  2.216016E+01  2.386828E+01  2.753608E+01  3.175100E+01
  3.749530E+01  4.272337E+01  4.894161E+01  5.736919E+01
  6.430476E+01  7.307095E+01  8.038755E+01  9.171201E+01
  1.019078E+02  1.113863E+02  1.217706E+02  1.302422E+02
  1.407697E+02  1.540188E+02  1.622911E+02  1.719526E+02
  1.797535E+02  1.847600E+02  1.877521E+02  1.871625E+02
  1.831819E+02  1.758542E+02  1.677401E+02  1.585717E+02
  1.489956E+02  1.394561E+02
  1.463719E+01  1.347260E+01  1.239804E+01  1.140987E+01
  1.050341E+01  9.673562E+00  8.914814E+00  8.221665E+00
  7.588829E+00  7.011138E+00  6.483799E+00  6.002275E+00
  5.562438E+00  5.160423E+00  4.792775E+00  4.456278E+00
  4.148069E+00  3.865452E+00  3.606121E+00  3.367889E+00
  3.123718E+00  3.179297E+00  3.667649E+00  4.108672E+00
  4.489110E+00  4.977019E+00  5.440870E+00  6.301634E+00
  7.311700E+00  8.684482E+00  9.946198E+00  1.141872E+01
  1.330962E+01  1.502634E+01  1.698798E+01  1.862574E+01
  2.114620E+01  2.361831E+01  2.539358E+01  2.761114E+01
  2.962704E+01  3.215155E+01  3.497446E+01  3.710813E+01
  3.986967E+01  4.283744E+01  4.602449E+01  4.928020E+01
  5.278687E+01  5.656346E+01  6.103727E+01  6.537170E+01
  7.004878E+01  7.509384E+01  8.053186E+01  1.589385E+01
  1.724217E+01  1.867855E+01  2.019469E+01  2.177643E+01
  2.340228E+01  2.504177E+01  2.665486E+01  2.819156E+01
  2.959334E+01  3.079674E+01  3.173846E+01  3.236315E+01
  3.263108E+01  3.252429E+01  3.204997E+01  3.123921E+01
  3.014133E+01  2.881737E+01  2.733136E+01  2.555005E+01
  2.607893E+01  3.014624E+01  3.355666E+01  3.647782E+01
  3.995008E+01  4.318672E+01  5.015254E+01  5.822208E+01
  6.934641E+01  7.955262E+01  9.188776E+01  1.092401E+02
  1.228163E+02  1.409444E+02  1.557651E+02  1.773013E+02
  1.911934E+02  2.063089E+02  2.138232E+02  2.127653E+02
  2.072307E+02  1.992624E+02  1.902465E+02  1.784490E+02
  1.662938E+02  1.544957E+02  1.438147E+02  1.337023E+02
  1.242672E+02  1.147126E+02  1.067492E+02  9.938876E+01
  9.260022E+01  8.634554E+01
  8.316298E+00  7.675226E+00  7.089994E+00  6.555802E+00
  6.067994E+00  5.622518E+00  5.215343E+00  4.843017E+00
  4.502298E+00  4.190202E+00  3.904124E+00  3.641620E+00
  3.400497E+00  3.178819E+00  2.974794E+00  2.786822E+00
  2.613491E+00  2.453448E+00  2.305545E+00  2.168735E+00
  2.027397E+00  2.084913E+00  2.418882E+00  2.728894E+00
  2.993537E+00  3.338134E+00  3.665000E+00  4.250398E+00
  4.940676E+00  5.877582E+00  6.739946E+00  7.740981E+00
  9.009151E+00  1.018303E+01  1.149300E+01  1.258445E+01
  1.425659E+01  1.591318E+01  1.703806E+01  1.847471E+01
  1.979381E+01  2.142899E+01  2.319661E+01  2.454639E+01
  2.627677E+01  2.813255E+01  3.012223E+01  3.211282E+01
  3.425025E+01  3.654591E+01  3.925322E+01  4.184474E+01
  4.463362E+01  4.763610E+01  5.086940E+01  9.018458E+00
  9.786949E+00  1.062734E+01  1.154508E+01  1.254525E+01
  1.363247E+01  1.481000E+01  1.607974E+01  1.744090E+01
  1.888923E+01  2.041573E+01  2.200524E+01  2.363506E+01
  2.527352E+01  2.687901E+01  2.840028E+01  2.977784E+01
  3.094783E+01  3.184762E+01  3.242363E+01  3.263944E+01
  3.643202E+01  4.425838E+01  5.226502E+01  5.880061E+01
  6.747282E+01  7.550919E+01  9.026676E+01  1.089373E+02
  1.371311E+02  1.667496E+02  2.085082E+02  2.875782E+02
  3.671597E+02  3.488366E+02  2.882570E+02  2.327771E+02
  2.003625E+02  1.811736E+02  1.634612E+02  1.511186E+02
  1.381595E+02  1.252287E+02  1.174809E+02  1.087570E+02
  1.009226E+02  9.386211E+01  8.738055E+01  8.145974E+01
  7.604340E+01  7.059368E+01  6.600388E+01  6.177532E+01
  5.787538E+01  5.427493E+01
  5.511161E+00  5.125135E+00  4.770980E+00  4.445853E+00
  4.147111E+00  3.872474E+00  3.619809E+00  3.387039E+00
  3.172455E+00  2.974514E+00  2.791604E+00  2.622560E+00
  2.466137E+00  2.321232E+00  2.186918E+00  2.062199E+00
  1.946365E+00  1.838665E+00  1.738401E+00  1.645000E+00
  1.547848E+00  1.605291E+00  1.870945E+00  2.122626E+00
  2.335773E+00  2.616518E+00  2.882388E+00  3.345829E+00
  3.894243E+00  4.637640E+00  5.322277E+00  6.113331E+00
  7.104392E+00  8.035009E+00  9.053929E+00  9.900915E+00
  1.119297E+01  1.248204E+01  1.331767E+01  1.440452E+01
  1.540978E+01  1.664492E+01  1.794253E+01  1.894145E+01
  2.021142E+01  2.157014E+01  2.302388E+01  2.445264E+01
  2.598210E+01  2.761976E+01  2.954233E+01  3.136285E+01
  3.331551E+01  3.541106E+01  3.766109E+01  5.932158E+00
  6.391516E+00  6.892820E+00  7.440012E+00  8.037307E+00
  8.688988E+00  9.399635E+00  1.017389E+01  1.101626E+01
  1.193105E+01  1.292202E+01  1.399208E+01  1.514281E+01
  1.637382E+01  1.768210E+01  1.906099E+01  2.049929E+01
  2.198005E+01  2.347964E+01  2.496679E+01  2.656936E+01
  3.191824E+01  4.003482E+01  4.979926E+01  5.771847E+01
  6.976904E+01  8.148122E+01  9.689429E+01  1.164153E+02
  1.418504E+02  1.630438E+02  1.775231E+02  1.746976E+02
  1.734538E+02  1.590683E+02  1.482040E+02  1.335936E+02
  1.234922E+02  1.134452E+02  1.050549E+02  9.922683E+01
  9.249004E+01  8.480869E+01  8.031455E+01  7.508223E+01
  7.032542E+01  6.598715E+01  6.183318E+01  5.801621E+01
  5.450241E+01  5.093474E+01  4.787965E+01  4.505139E+01
  4.243021E+01  3.999821E+01
  5.295842E+00  4.969022E+00  4.665675E+00  4.383998E+00
  4.122364E+00  3.879207E+00  3.653153E+00  3.442835E+00
  3.247158E+00  3.064885E+00  2.894976E+00  2.736584E+00
  2.588758E+00  2.450727E+00  2.321769E+00  2.201081E+00
  2.088230E+00  1.982510E+00  1.883501E+00  1.790552E+00
  1.693317E+00  1.767456E+00  2.066967E+00  2.354937E+00
  2.597444E+00  2.919383E+00  3.223988E+00  3.744728E+00
  4.362576E+00  5.199186E+00  5.969993E+00  6.857565E+00
  7.960196E+00  9.006640E+00  1.013628E+01  1.107363E+01
  1.249874E+01  1.392785E+01  1.482174E+01  1.600112E+01
  1.709797E+01  1.843639E+01  1.981104E+01  2.087615E+01
  2.222124E+01  2.365760E+01  2.519178E+01  2.667790E+01
  2.826462E+01  2.995972E+01  3.194220E+01  3.380276E+01
  3.579309E+01  3.792348E+01  4.020574E+01  5.647959E+00
  6.027424E+00  6.436280E+00  6.876804E+00  7.351237E+00
  7.861878E+00  8.411181E+00  9.001336E+00  9.634569E+00
  1.031289E+01  1.103793E+01  1.181091E+01  1.263231E+01
  1.350178E+01  1.441779E+01  1.537740E+01  1.637578E+01
  1.740612E+01  1.845900E+01  1.952220E+01  2.070637E+01
  2.482322E+01  3.100397E+01  3.843125E+01  4.436839E+01
  5.335712E+01  6.191673E+01  7.220888E+01  8.466823E+01
  9.993353E+01  1.124873E+02  1.227632E+02  1.270069E+02
  1.329115E+02  1.299129E+02  1.263302E+02  1.196643E+02
  1.148672E+02  1.070159E+02  1.008656E+02  9.665215E+01
  9.134634E+01  8.454577E+01  8.063497E+01  7.594824E+01
  7.164265E+01  6.767751E+01  6.374156E+01  6.010617E+01
  5.674255E+01  5.330194E+01  5.031411E+01  4.753790E+01
  4.495483E+01  4.254890E+01
  7.153391E+00  6.872481E+00  6.601366E+00  6.340018E+00
  6.088259E+00  5.846142E+00  5.613383E+00  5.389943E+00
  5.175485E+00  4.969769E+00  4.772619E+00  4.583734E+00
  4.402813E+00  4.229606E+00  4.063924E+00  3.905306E+00
  3.753552E+00  3.608459E+00  3.469606E+00  3.336893E+00
  3.195071E+00  3.387807E+00  3.994772E+00  4.597200E+00
  5.098895E+00  5.776711E+00  6.416343E+00  7.462817E+00
  8.711329E+00  1.039656E+01  1.194959E+01  1.372153E+01
  1.587609E+01  1.797197E+01  2.015333E+01  2.195292E+01
  2.466125E+01  2.740770E+01  2.896180E+01  3.109475E+01
  3.310497E+01  3.550616E+01  3.780893E+01  3.962425E+01
  4.186487E+01  4.423667E+01  4.674770E+01  4.906202E+01
  5.150317E+01  5.407875E+01  5.703728E+01  5.971414E+01
  6.253316E+01  6.550201E+01  6.862919E+01  7.444054E+00
  7.744204E+00  8.053731E+00  8.372318E+00  8.699461E+00
  9.034658E+00  9.377277E+00  9.726362E+00  1.008097E+01
  1.043999E+01  1.080197E+01  1.116541E+01  1.152874E+01
  1.188988E+01  1.224687E+01  1.259746E+01  1.293920E+01
  1.326956E+01  1.358611E+01  1.388601E+01  1.419883E+01
  1.631230E+01  1.998482E+01  2.414398E+01  2.748260E+01
  3.234170E+01  3.691227E+01  4.296310E+01  5.028398E+01
  5.977370E+01  6.826859E+01  7.705223E+01  8.552695E+01
  9.490234E+01  1.011820E+02  1.054980E+02  1.103185E+02
  1.152489E+02  1.132125E+02  1.130084E+02  1.134007E+02
  1.126163E+02  1.088479E+02  1.068902E+02  1.039804E+02
  1.010702E+02  9.817787E+01  9.462220E+01  9.117979E+01
  8.785351E+01  8.427130E+01  8.091210E+01  7.769601E+01
  7.461922E+01  7.167687E+01
  8.449829E+00  8.202373E+00  7.957908E+00  7.716948E+00
  7.479884E+00  7.247115E+00  7.018957E+00  6.795758E+00
  6.577676E+00  6.364933E+00  6.157717E+00  5.955974E+00
  5.759888E+00  5.569458E+00  5.384704E+00  5.205593E+00
  5.032090E+00  4.864128E+00  4.701680E+00  4.544487E+00
  4.374881E+00  4.669978E+00  5.525668E+00  6.385770E+00
  7.099140E+00  8.069362E+00  8.984345E+00  1.045490E+01
  1.221301E+01  1.458286E+01  1.676656E+01  1.924784E+01
  2.223571E+01  2.517244E+01  2.817883E+01  3.065083E+01
  3.435102E+01  3.811934E+01  4.014528E+01  4.298111E+01
  4.566925E+01  4.884147E+01  5.176645E+01  5.409212E+01
  5.692094E+01  5.989436E+01  6.301921E+01  6.580491E+01
  6.871342E+01  7.174895E+01  7.518314E+01  7.820138E+01
  8.133308E+01  8.458014E+01  8.794292E+01  8.699607E+00
  8.951080E+00  9.203568E+00  9.456208E+00  9.708138E+00
  9.958451E+00  1.020600E+01  1.044992E+01  1.068895E+01
  1.092186E+01  1.114747E+01  1.136451E+01  1.157179E+01
  1.176789E+01  1.195161E+01  1.212174E+01  1.227703E+01
  1.241641E+01  1.253892E+01  1.264347E+01  1.273834E+01
  1.437647E+01  1.747457E+01  2.089154E+01  2.365116E+01
  2.760569E+01  3.132488E+01  3.649757E+01  4.275521E+01
  5.099406E+01  5.847785E+01  6.650716E+01  7.496344E+01
  8.403204E+01  9.130789E+01  9.677948E+01  1.038941E+02
  1.111642E+02  1.115856E+02  1.139429E+02  1.165003E+02
  1.183238E+02  1.171188E+02  1.168486E+02  1.158002E+02
  1.145713E+02  1.131811E+02  1.107267E+02  1.082145E+02
  1.056622E+02  1.027454E+02  9.976779E+01  9.682391E+01
  9.392290E+01  9.107230E+01
  9.259241E+00  9.001696E+00  8.745300E+00  8.490842E+00
  8.238887E+00  7.990064E+00  7.744992E+00  7.503988E+00
  7.267508E+00  7.035910E+00  6.809500E+00  6.588310E+00
  6.372714E+00  6.162762E+00  5.958663E+00  5.760321E+00
  5.567719E+00  5.381054E+00  5.200168E+00  5.025064E+00
  4.835727E+00  5.159220E+00  6.103101E+00  7.050579E+00
  7.836664E+00  8.904817E+00  9.912349E+00  1.153583E+01
  1.347704E+01  1.609537E+01  1.850940E+01  2.125568E+01
  2.456946E+01  2.782408E+01  3.116578E+01  3.391627E+01
  3.803878E+01  4.223840E+01  4.450991E+01  4.768308E+01
  5.069072E+01  5.424487E+01  5.753124E+01  6.014255E+01
  6.332065E+01  6.666132E+01  7.017204E+01  7.330146E+01
  7.656641E+01  7.997039E+01  8.381604E+01  8.718698E+01
  9.067673E+01  9.428431E+01  9.800844E+01  9.517015E+00
  9.774223E+00  1.002985E+01  1.028294E+01  1.053221E+01
  1.077663E+01  1.101483E+01  1.124565E+01  1.146772E+01
  1.167968E+01  1.188033E+01  1.206820E+01  1.224210E+01
  1.240070E+01  1.254295E+01  1.266771E+01  1.277401E+01
  1.286101E+01  1.292802E+01  1.297440E+01  1.300155E+01
  1.457544E+01  1.766469E+01  2.103417E+01  2.376380E+01
  2.764966E+01  3.130655E+01  3.651186E+01  4.281466E+01
  5.117557E+01  5.882048E+01  6.713982E+01  7.615544E+01
  8.572354E+01  9.378585E+01  9.996708E+01  1.082374E+02
  1.166794E+02  1.178696E+02  1.211483E+02  1.245185E+02
  1.272371E+02  1.267072E+02  1.269074E+02  1.263168E+02
  1.254670E+02  1.243794E+02  1.220280E+02  1.195545E+02
  1.169836E+02  1.139766E+02  1.108275E+02  1.076801E+02
  1.045499E+02  1.014492E+02
  1.057520E+01  1.043365E+01  1.028339E+01  1.012526E+01
  9.959804E+00  9.788040E+00  9.610579E+00  9.428304E+00
  9.241838E+00  9.051989E+00  8.859412E+00  8.664787E+00
  8.468791E+00  8.271799E+00  8.074623E+00  7.877695E+00
  7.681530E+00  7.486481E+00  7.293010E+00  7.101470E+00
  6.889661E+00  7.424964E+00  8.828288E+00  1.026292E+01
  1.144601E+01  1.306991E+01  1.460004E+01  1.700376E+01
  1.988697E+01  2.376758E+01  2.734495E+01  3.138907E+01
  3.619489E+01  4.098945E+01  4.578261E+01  4.970391E+01
  5.552200E+01  6.148285E+01  6.441836E+01  6.866670E+01
  7.272731E+01  7.740839E+01  8.139660E+01  8.461369E+01
  8.839764E+01  9.230054E+01  9.631915E+01  9.961108E+01
  1.029448E+02  1.063103E+02  1.099426E+02  1.128528E+02
  1.157244E+02  1.185413E+02  1.212868E+02  1.070728E+01
  1.082916E+01  1.094027E+01  1.103981E+01  1.112738E+01
  1.120233E+01  1.126427E+01  1.131273E+01  1.134752E+01
  1.136836E+01  1.137515E+01  1.136779E+01  1.134641E+01
  1.131106E+01  1.126203E+01  1.119958E+01  1.112412E+01
  1.103606E+01  1.093601E+01  1.082448E+01  1.068674E+01
  1.176624E+01  1.413865E+01  1.665308E+01  1.870493E+01
  2.157856E+01  2.428315E+01  2.831174E+01  3.317226E+01
  3.967333E+01  4.565121E+01  5.229510E+01  5.987030E+01
  6.768475E+01  7.493734E+01  8.073145E+01  8.900655E+01
  9.752365E+01  1.004828E+02  1.053996E+02  1.101944E+02
  1.151696E+02  1.179758E+02  1.204648E+02  1.228665E+02
  1.250798E+02  1.270892E+02  1.277116E+02  1.281032E+02
  1.282637E+02  1.280615E+02  1.271831E+02  1.261054E+02
  1.248414E+02  1.234049E+02
  1.092741E+01  1.078103E+01  1.062490E+01  1.045984E+01
  1.028673E+01  1.010648E+01  9.919834E+00  9.727795E+00
  9.531119E+00  9.330623E+00  9.127094E+00  8.921261E+00
  8.713824E+00  8.505543E+00  8.296924E+00  8.088648E+00
  7.881153E+00  7.674924E+00  7.470550E+00  7.268389E+00
  7.044800E+00  7.582912E+00  9.010760E+00  1.046672E+01
  1.166832E+01  1.331524E+01  1.486715E+01  1.731572E+01
  2.025231E+01  2.420814E+01  2.785688E+01  3.198854E+01
  3.691392E+01  4.181859E+01  4.674637E+01  5.078388E+01
  5.678683E+01  6.293658E+01  6.600730E+01  7.042812E+01
  7.464985E+01  7.953275E+01  8.373383E+01  8.711411E+01
  9.110263E+01  9.522117E+01  9.946636E+01  1.029662E+02
  1.065124E+02  1.100938E+02  1.139615E+02  1.170680E+02
  1.201298E+02  1.231281E+02  1.260428E+02  1.106328E+01
  1.118775E+01  1.130001E+01  1.139966E+01  1.148578E+01
  1.155799E+01  1.161572E+01  1.165862E+01  1.168653E+01
  1.169905E+01  1.169629E+01  1.167815E+01  1.164475E+01
  1.159640E+01  1.153331E+01  1.145602E+01  1.136487E+01
  1.126065E+01  1.114378E+01  1.101509E+01  1.085784E+01
  1.193061E+01  1.432292E+01  1.684902E+01  1.891256E+01
  2.179593E+01  2.451035E+01  2.858268E+01  3.349617E+01
  4.008041E+01  4.614399E+01  5.290634E+01  6.066793E+01
  6.865169E+01  7.613983E+01  8.214403E+01  9.076319E+01
  9.963653E+01  1.028493E+02  1.080817E+02  1.131673E+02
  1.184914E+02  1.216185E+02  1.243425E+02  1.270081E+02
  1.294705E+02  1.317099E+02  1.324859E+02  1.330016E+02
  1.332555E+02  1.331151E+02  1.322371E+02  1.311302E+02
  1.298090E+02  1.282905E+02
  6.296282E+00  5.963934E+00  5.650611E+00  5.355348E+00
  5.077223E+00  4.815265E+00  4.568614E+00  4.336401E+00
  4.117724E+00  3.911866E+00  3.717936E+00  3.535343E+00
  3.363212E+00  3.201081E+00  3.048212E+00  2.904060E+00
  2.768107E+00  2.639849E+00  2.518730E+00  2.404374E+00
  2.283738E+00  2.397038E+00  2.811623E+00  3.214702E+00
  3.552887E+00  4.004505E+00  4.431292E+00  5.150044E+00
  6.004469E+00  7.160516E+00  8.225987E+00  9.449347E+00
  1.095879E+01  1.240401E+01  1.394560E+01  1.522291E+01
  1.715936E+01  1.910970E+01  2.029144E+01  2.187082E+01
  2.334695E+01  2.513676E+01  2.693664E+01  2.833980E+01
  3.009986E+01  3.197570E+01  3.397528E+01  3.588447E+01
  3.791704E+01  4.008216E+01  4.260320E+01  4.494631E+01
  4.744392E+01  5.010832E+01  5.295263E+01  6.648610E+00
  7.021849E+00  7.416869E+00  7.834464E+00  8.275434E+00
  8.740281E+00  9.229502E+00  9.743196E+00  1.028136E+01
  1.084351E+01  1.142882E+01  1.203604E+01  1.266311E+01
  1.330753E+01  1.396603E+01  1.463448E+01  1.530781E+01
  1.598027E+01  1.664491E+01  1.729416E+01  1.799261E+01
  2.108914E+01  2.607935E+01  3.188790E+01  3.653899E+01
  4.342752E+01  4.993975E+01  5.823584E+01  6.831929E+01
  8.121254E+01  9.253833E+01  1.035529E+02  1.123616E+02
  1.224742E+02  1.262027E+02  1.276666E+02  1.272872E+02
  1.273239E+02  1.210299E+02  1.166683E+02  1.138012E+02
  1.094692E+02  1.026655E+02  9.882046E+01  9.398487E+01
  8.945013E+01  8.519733E+01  8.075194E+01  7.660403E+01
  7.272952E+01  6.871921E+01  6.516998E+01  6.185103E+01
  5.874423E+01  5.583348E+01
  6.777340E+00  6.460258E+00  6.158204E+00  5.870684E+00
  5.597220E+00  5.337265E+00  5.090292E+00  4.855793E+00
  4.633143E+00  4.421844E+00  4.221325E+00  4.031133E+00
  3.850638E+00  3.679406E+00  3.517014E+00  3.362845E+00
  3.216616E+00  3.077889E+00  2.946210E+00  2.821138E+00
  2.688567E+00  2.833894E+00  3.331287E+00  3.819228E+00
  4.227203E+00  4.774738E+00  5.291884E+00  6.152389E+00
  7.176982E+00  8.562037E+00  9.838768E+00  1.130097E+01
  1.309491E+01  1.482392E+01  1.665040E+01  1.816144E+01
  2.044610E+01  2.275414E+01  2.411571E+01  2.595473E+01
  2.767957E+01  2.975923E+01  3.181283E+01  3.342108E+01
  3.542631E+01  3.755823E+01  3.982566E+01  4.196214E+01
  4.422924E+01  4.663617E+01  4.942521E+01  5.199231E+01
  5.471714E+01  5.761102E+01  6.068617E+01  7.109832E+00
  7.458099E+00  7.822356E+00  8.202801E+00  8.599474E+00
  9.012196E+00  9.440654E+00  9.884337E+00  1.034248E+01
  1.081398E+01  1.129752E+01  1.179127E+01  1.229321E+01
  1.280075E+01  1.331097E+01  1.382043E+01  1.432523E+01
  1.482127E+01  1.530372E+01  1.576770E+01  1.625893E+01
  1.886119E+01  2.321342E+01  2.820760E+01  3.221101E+01
  3.808574E+01  4.362394E+01  5.082857E+01  5.956985E+01
  7.084635E+01  8.087710E+01  9.101034E+01  1.001198E+02
  1.103671E+02  1.160165E+02  1.194018E+02  1.222061E+02
  1.251216E+02  1.208433E+02  1.184703E+02  1.171301E+02
  1.143280E+02  1.086155E+02  1.054465E+02  1.012352E+02
  9.718870E+01  9.331044E+01  8.902443E+01  8.497054E+01
  8.113690E+01  7.711182E+01  7.347511E+01  7.004581E+01
  6.681071E+01  6.375765E+01
