   kloop  npf
 24 11
  1.152703E+01  2.385287E+01  1.899248E+02  1.634319E+02
  7.853612E+01  2.720170E+01  8.881322E+01  1.536592E+02
  2.171085E+02  2.130168E+02  1.262454E+02
  1.586780E+01  3.489305E+01  2.537813E+02  1.246376E+02
  5.155709E+01  3.468807E+01  1.062374E+02  1.694602E+02
  2.160007E+02  1.800986E+02  9.224758E+01
  2.274897E+01  5.320798E+01  2.943779E+02  8.293716E+01
  3.387086E+01  4.543005E+01  1.282169E+02  1.851391E+02
  2.098070E+02  1.500232E+02  6.813632E+01
  3.356842E+01  8.214777E+01  2.948369E+02  5.371901E+01
  2.293848E+01  6.061360E+01  1.545869E+02  1.988858E+02
  1.993031E+02  1.246515E+02  5.144254E+01
  5.172419E+01  1.249779E+02  2.533473E+02  3.478631E+01
  1.582682E+01  8.360988E+01  1.868165E+02  2.098025E+02
  1.851156E+02  1.029233E+02  3.921750E+01
  7.988128E+01  1.645346E+02  1.872332E+02  2.350284E+01
  1.138513E+01  1.170589E+02  2.221502E+02  2.159664E+02
  1.694915E+02  8.572803E+01  3.068165E+01
  1.207162E+02  1.701292E+02  1.252012E+02  1.635045E+01
  8.399895E+00  1.689014E+02  2.594853E+02  2.170281E+02
  1.531040E+02  7.163590E+01  2.434955E+01
  1.480969E+02  1.298964E+02  8.837118E+01  1.347795E+01
  7.403100E+00  2.772474E+02  3.529060E+02  2.558922E+02
  1.638020E+02  7.145070E+01  2.312993E+01
  1.208269E+02  9.567502E+01  8.235033E+01  1.577846E+01
  9.343962E+00  4.228834E+02  6.522225E+02  4.225538E+02
  2.489663E+02  1.019923E+02  3.152789E+01
  1.045027E+02  8.919385E+01  8.896902E+01  1.894896E+01
  1.157423E+01  4.100431E+02  8.858918E+02  5.709896E+02
  3.290265E+02  1.320511E+02  4.018026E+01
  7.811673E+01  8.084223E+01  1.103189E+02  2.917934E+01
  1.889584E+01  3.016277E+02  1.152392E+03  1.017228E+03
  5.911262E+02  2.309362E+02  6.867792E+01
  6.962805E+01  7.617193E+01  1.163770E+02  3.370239E+01
  2.243927E+01  2.655102E+02  1.105136E+03  1.235179E+03
  7.350437E+02  2.834068E+02  8.335439E+01
  6.181054E+01  7.123368E+01  1.216476E+02  3.867930E+01
  2.652953E+01  2.313270E+02  9.929571E+02  1.431625E+03
  9.089411E+02  3.464498E+02  1.007734E+02
  5.411147E+01  6.567928E+01  1.260606E+02  4.441343E+01
  3.151396E+01  1.977189E+02  8.511066E+02  1.531826E+03
  1.125953E+03  4.264290E+02  1.226223E+02
  4.578407E+01  5.884603E+01  1.293972E+02  5.165304E+01
  3.825467E+01  1.620473E+02  6.885405E+02  1.431560E+03
  1.396667E+03  5.382098E+02  1.529889E+02
  3.759221E+01  5.169060E+01  1.328439E+02  6.090882E+01
  4.703398E+01  1.267390E+02  5.225244E+02  1.121957E+03
  1.509496E+03  6.664891E+02  1.905955E+02
  3.213495E+01  4.622759E+01  1.332464E+02  6.806278E+01
  5.431778E+01  1.047926E+02  4.234048E+02  9.082493E+02
  1.414318E+03  7.576587E+02  2.209065E+02
  2.591866E+01  3.923093E+01  1.306429E+02  7.734012E+01
  6.474669E+01  8.141537E+01  3.218025E+02  6.842903E+02
  1.161692E+03  8.492756E+02  2.624339E+02
  2.240416E+01  3.415008E+01  1.205705E+02  7.905267E+01
  7.086339E+01  7.063000E+01  2.807693E+02  6.092797E+02
  1.105335E+03  9.832545E+02  3.032372E+02
  2.056857E+01  3.285011E+01  1.278624E+02  8.864924E+01
  7.718020E+01  6.187651E+01  2.382097E+02  4.953407E+02
  8.498376E+02  8.256465E+02  2.976033E+02
  1.466770E+01  2.332774E+01  9.862747E+01  8.493907E+01
  9.065100E+01  4.511721E+01  1.772636E+02  3.847913E+02
  7.218447E+02  1.052493E+03  4.208089E+02
  9.067034E+00  1.548490E+01  8.341220E+01  9.994214E+01
  1.251770E+02  2.623477E+01  9.928147E+01  2.068927E+02
  3.702386E+02  5.751434E+02  4.479674E+02
  7.545593E+00  1.373996E+01  8.982996E+01  1.304087E+02
  1.463987E+02  2.051495E+01  7.449531E+01  1.476955E+02
  2.488233E+02  3.455341E+02  2.950346E+02
  8.499383E+00  1.658146E+01  1.273495E+02  1.707964E+02
  1.188978E+02  2.148778E+01  7.406083E+01  1.374838E+02
  2.130787E+02  2.493578E+02  1.791149E+02
   kloop  ncam
 24 232
  2.381636E+02  2.135583E+02  1.920779E+02  1.732230E+02
  1.566290E+02  1.419824E+02  1.289942E+02  1.174217E+02
  1.071052E+02  9.790309E+01  8.964318E+01  8.222855E+01
  7.557158E+01  7.137715E+01  6.862594E+01  6.500652E+01
  6.179869E+01  5.992335E+01  5.923286E+01  5.958812E+01
  6.085560E+01  6.294016E+01  6.575555E+01  6.925756E+01
  7.338788E+01  7.807892E+01  8.331213E+01  8.904030E+01
  9.469655E+01  1.012007E+02  1.083343E+02  1.149278E+02
  1.214716E+02  1.279703E+02  1.339491E+02  1.405338E+02
  1.477151E+02  1.544311E+02  1.611992E+02  1.680135E+02
  1.748698E+02  1.817786E+02  1.887204E+02  1.956751E+02
  2.026565E+02  2.080296E+02  2.115473E+02  2.167148E+02
  2.237445E+02  2.307946E+02  2.379232E+02  2.452068E+02
  2.526883E+02  2.603840E+02  2.683286E+02  2.744723E+02
  2.786472E+02  2.850482E+02  2.937237E+02  3.023229E+02
  3.107310E+02  3.188360E+02  3.265096E+02  3.336077E+02
  3.399729E+02  3.454377E+02  3.498305E+02  3.529822E+02
  3.546191E+02  3.550228E+02  3.537407E+02  3.517482E+02
  3.494943E+02  3.470874E+02  3.445461E+02  3.418840E+02
  3.392235E+02  3.365517E+02  3.339142E+02  3.314515E+02
  3.292354E+02  3.273619E+02  3.262618E+02  3.280089E+02
  3.323673E+02  3.405143E+02  3.535488E+02  3.728149E+02
  4.001238E+02  4.382117E+02  4.905510E+02  5.624005E+02
  6.605882E+02  7.966822E+02  1.002893E+03  1.410590E+03
  1.659067E+03  1.087105E+03  8.466642E+02  6.956213E+02
  5.870844E+02  5.038774E+02  4.375615E+02  3.831904E+02
  3.377974E+02  2.993693E+02  2.665043E+02  2.145503E+02
  1.920619E+02  1.724429E+02  1.552401E+02  1.401260E+02
  1.267854E+02  1.149766E+02  1.044946E+02  9.516612E+01
  8.685974E+01  7.941671E+01  7.274691E+01  6.675751E+01
  6.272909E+01  6.024670E+01  5.708005E+01  5.390119E+01
  5.181150E+01  5.064603E+01  5.029341E+01  5.066292E+01
  5.167226E+01  5.324192E+01  5.533998E+01  5.792190E+01
  6.095948E+01  6.442205E+01  6.826893E+01  7.250275E+01
  7.709397E+01  8.202013E+01  8.718534E+01  9.245557E+01
  9.780328E+01  1.024388E+02  1.079347E+02  1.142571E+02
  1.198719E+02  1.255380E+02  1.312359E+02  1.359081E+02
  1.388020E+02  1.427849E+02  1.486042E+02  1.544585E+02
  1.603237E+02  1.662044E+02  1.721082E+02  1.780266E+02
  1.839374E+02  1.898370E+02  1.957337E+02  2.010852E+02
  2.069763E+02  2.133483E+02  2.191764E+02  2.250247E+02
  2.309496E+02  2.369641E+02  2.430711E+02  2.492843E+02
  2.548694E+02  2.613595E+02  2.687115E+02  2.754213E+02
  2.820519E+02  2.884339E+02  2.944622E+02  3.000705E+02
  3.051842E+02  3.096578E+02  3.134077E+02  3.163537E+02
  3.186312E+02  3.194042E+02  3.192369E+02  3.181979E+02
  3.166486E+02  3.148427E+02  3.128307E+02  3.106128E+02
  3.081401E+02  3.054903E+02  3.026910E+02  2.994802E+02
  2.962043E+02  2.933550E+02  2.900496E+02  2.866927E+02
  2.833310E+02  2.799460E+02  2.766081E+02  2.738544E+02
  2.725309E+02  2.732115E+02  2.762750E+02  2.823452E+02
  2.922942E+02  3.069805E+02  3.277511E+02  3.563699E+02
  3.950919E+02  4.473292E+02  5.162314E+02  6.046290E+02
  7.181820E+02  8.652795E+02  1.026675E+03  1.044028E+03
  8.895953E+02  7.374909E+02  6.194839E+02  5.279257E+02
  4.550984E+02  3.958696E+02  3.467495E+02  3.055083E+02
  2.704762E+02  2.404553E+02  1.062210E+03  1.484569E+03
  3.410238E+02  3.830022E+02  3.823509E+02  3.595255E+02
  3.791704E+02  3.344053E+02  2.964818E+02  2.639986E+02
  2.359881E+02  2.116906E+02  1.904668E+02  1.718068E+02
  1.553700E+02  1.408675E+02  1.279797E+02  1.165184E+02
  1.063180E+02  9.993628E+01  9.574690E+01  9.015544E+01
  8.505037E+01  8.181780E+01  8.023110E+01  8.007433E+01
  8.114638E+01  8.330307E+01  8.641174E+01  9.040217E+01
  9.518948E+01  1.006810E+02  1.068488E+02  1.136332E+02
  1.203552E+02  1.280837E+02  1.364597E+02  1.440726E+02
  1.514912E+02  1.587280E+02  1.652889E+02  1.724348E+02
  1.801160E+02  1.872011E+02  1.942400E+02  2.012220E+02
  2.081358E+02  2.149889E+02  2.217553E+02  2.284062E+02
  2.349529E+02  2.398889E+02  2.430798E+02  2.477144E+02
  2.538736E+02  2.599015E+02  2.658670E+02  2.718782E+02
  2.779785E+02  2.841725E+02  2.904882E+02  2.952874E+02
  2.985373E+02  3.035028E+02  3.099605E+02  3.159210E+02
  3.212304E+02  3.257613E+02  3.293849E+02  3.319760E+02
  3.334184E+02  3.336119E+02  3.324782E+02  3.299671E+02
  3.265916E+02  3.214647E+02  3.143356E+02  3.073710E+02
  3.003139E+02  2.932568E+02  2.862018E+02  2.791571E+02
  2.722184E+02  2.653675E+02  2.586410E+02  2.521305E+02
  2.458733E+02  2.399428E+02  2.354560E+02  2.321904E+02
  2.298641E+02  2.308038E+02  2.347546E+02  2.423718E+02
  2.544833E+02  2.722717E+02  2.969990E+02  3.302840E+02
  3.730340E+02  4.253786E+02  4.889843E+02  5.680103E+02
  6.702528E+02  8.104150E+02  1.025037E+03  1.468098E+03
  1.575541E+03  1.061642E+03  8.319273E+02  6.853506E+02
  5.794826E+02  4.979547E+02  4.327207E+02  3.436704E+02
  3.028972E+02  2.682426E+02  2.385114E+02  2.128705E+02
  1.905996E+02  1.711640E+02  1.541301E+02  1.391450E+02
  1.259431E+02  1.142300E+02  1.038309E+02  9.457461E+01
  8.839458E+01  8.459192E+01  7.969331E+01  7.468598E+01
  7.123596E+01  6.909379E+01  6.808441E+01  6.806467E+01
  6.890743E+01  7.049205E+01  7.276482E+01  7.565625E+01
  7.912058E+01  8.311258E+01  8.757467E+01  9.250481E+01
  9.786297E+01  1.036189E+02  1.096364E+02  1.157268E+02
  1.218489E+02  1.271092E+02  1.332978E+02  1.403268E+02
  1.465059E+02  1.526750E+02  1.588067E+02  1.637791E+02
  1.668361E+02  1.710212E+02  1.770626E+02  1.830589E+02
  1.889808E+02  1.948345E+02  2.006242E+02  2.063328E+02
  2.119347E+02  2.174280E+02  2.228172E+02  2.276096E+02
  2.327851E+02  2.382339E+02  2.430995E+02  2.478833E+02
  2.526511E+02  2.574145E+02  2.621674E+02  2.669178E+02
  2.711048E+02  2.759227E+02  2.812318E+02  2.859286E+02
  2.902822E+02  2.940877E+02  2.972468E+02  2.996985E+02
  3.013802E+02  3.021867E+02  3.020867E+02  3.010467E+02
  2.984930E+02  2.952362E+02  2.918906E+02  2.870547E+02
  2.818434E+02  2.764843E+02  2.710171E+02  2.654403E+02
  2.597198E+02  2.539263E+02  2.480807E+02  2.416219E+02
  2.355400E+02  2.302034E+02  2.242450E+02  2.183238E+02
  2.124786E+02  2.067063E+02  2.010581E+02  1.959122E+02
  1.918451E+02  1.892082E+02  1.881897E+02  1.891438E+02
  1.925518E+02  1.988349E+02  2.086869E+02  2.229461E+02
  2.425856E+02  2.689356E+02  3.025894E+02  3.433065E+02
  3.917265E+02  4.501005E+02  5.217264E+02  6.116020E+02
  7.272408E+02  8.767423E+02  1.035355E+03  1.036259E+03
  8.780063E+02  7.283236E+02  6.123943E+02  5.223661E+02
  4.506257E+02  3.921588E+02  8.474527E+02  6.237631E+02
  3.385015E+02  3.544913E+02  3.435302E+02  3.274275E+02
  6.930405E+02  5.852296E+02  5.024792E+02  4.363447E+02
  3.821627E+02  3.369742E+02  2.987121E+02  2.659154E+02
  2.376319E+02  2.131226E+02  1.916805E+02  1.728738E+02
  1.563426E+02  1.460993E+02  1.393792E+02  1.302943E+02
  1.217839E+02  1.160391E+02  1.126910E+02  1.113862E+02
  1.118060E+02  1.137202E+02  1.169145E+02  1.212709E+02
  1.266580E+02  1.329408E+02  1.400716E+02  1.479685E+02
  1.558227E+02  1.648367E+02  1.744203E+02  1.828995E+02
  1.909222E+02  1.985203E+02  2.052407E+02  2.124221E+02
  2.199498E+02  2.267273E+02  2.332914E+02  2.396297E+02
  2.457249E+02  2.515842E+02  2.571801E+02  2.624802E+02
  2.674971E+02  2.711226E+02  2.734051E+02  2.766422E+02
  2.807262E+02  2.845050E+02  2.880604E+02  2.915323E+02
  2.949609E+02  2.983383E+02  3.016818E+02  3.041081E+02
  3.057409E+02  3.082192E+02  3.110638E+02  3.130729E+02
  3.141188E+02  3.141279E+02  3.130430E+02  3.108266E+02
  3.074640E+02  3.029651E+02  2.973651E+02  2.907235E+02
  2.840515E+02  2.756817E+02  2.655649E+02  2.563221E+02
  2.472193E+02  2.383178E+02  2.296038E+02  2.210763E+02
  2.127993E+02  2.047511E+02  1.969553E+02  1.894642E+02
  1.822929E+02  1.754920E+02  1.702838E+02  1.655645E+02
  1.611458E+02  1.594440E+02  1.597723E+02  1.624923E+02
  1.680489E+02  1.770716E+02  1.901876E+02  2.081751E+02
  2.311475E+02  2.584298E+02  2.900085E+02  3.267669E+02
  3.701495E+02  4.219098E+02  4.845896E+02  5.624643E+02
  6.629350E+02  8.000064E+02  1.007973E+03  1.424103E+03
  1.638226E+03  1.081254E+03  8.431139E+02  6.201230E+02
  5.284279E+02  4.555029E+02  3.961266E+02  3.469911E+02
  3.057049E+02  2.706394E+02  2.405957E+02  2.146704E+02
  1.922085E+02  1.725710E+02  1.553656E+02  1.402337E+02
  1.302284E+02  1.240901E+02  1.161174E+02  1.078430E+02
  1.019158E+02  9.793586E+01  9.561273E+01  9.470925E+01
  9.501938E+01  9.635134E+01  9.861164E+01  1.016870E+02
  1.055002E+02  1.099806E+02  1.150428E+02  1.206732E+02
  1.268140E+02  1.334211E+02  1.402952E+02  1.471663E+02
  1.539733E+02  1.597420E+02  1.664459E+02  1.739088E+02
  1.803627E+02  1.866956E+02  1.928719E+02  1.977899E+02
  2.007767E+02  2.048292E+02  2.105620E+02  2.161236E+02
  2.214824E+02  2.266499E+02  2.316280E+02  2.363921E+02
  2.409183E+02  2.452120E+02  2.492758E+02  2.527462E+02
  2.563505E+02  2.599305E+02  2.629612E+02  2.658052E+02
  2.685369E+02  2.711673E+02  2.736834E+02  2.760891E+02
  2.781015E+02  2.803679E+02  2.826712E+02  2.845151E+02
  2.858196E+02  2.863930E+02  2.861820E+02  2.851633E+02
  2.833170E+02  2.806105E+02  2.770785E+02  2.727405E+02
  2.665273E+02  2.604956E+02  2.551392E+02  2.480904E+02
  2.408931E+02  2.337179E+02  2.265869E+02  2.194933E+02
  2.124128E+02  2.053983E+02  1.984612E+02  1.909387E+02
  1.840602E+02  1.780637E+02  1.714891E+02  1.650497E+02
  1.587718E+02  1.526556E+02  1.467326E+02  1.412621E+02
  1.366366E+02  1.330764E+02  1.306757E+02  1.296454E+02
  1.302663E+02  1.327595E+02  1.375185E+02  1.449968E+02
  1.557003E+02  1.703030E+02  1.888922E+02  2.109099E+02
  2.362536E+02  2.655941E+02  2.997969E+02  3.400067E+02
  3.877806E+02  4.453093E+02  5.157934E+02  6.040738E+02
  7.174612E+02  8.642651E+02  1.025919E+03  1.044655E+03
  8.906218E+02  7.383144E+02  4.455921E+02  3.579198E+02
  3.152747E+02  3.063912E+02  2.901462E+02  2.817112E+02
  1.396035E+03  1.685506E+03  1.094861E+03  8.506839E+02
  6.981957E+02  5.891953E+02  5.056820E+02  4.389399E+02
  3.842821E+02  3.387575E+02  3.001595E+02  2.671587E+02
  2.387606E+02  2.214362E+02  2.101168E+02  1.946760E+02
  1.799317E+02  1.694870E+02  1.626968E+02  1.589500E+02
  1.577165E+02  1.586119E+02  1.612760E+02  1.655028E+02
  1.710787E+02  1.777965E+02  1.855666E+02  1.942664E+02
  2.029629E+02  2.128971E+02  2.231200E+02  2.317565E+02
  2.395122E+02  2.464709E+02  2.523466E+02  2.584037E+02
  2.644486E+02  2.696343E+02  2.743987E+02  2.787395E+02
  2.826446E+02  2.861311E+02  2.891855E+02  2.917869E+02
  2.939595E+02  2.952959E+02  2.960486E+02  2.970056E+02
  2.978797E+02  2.983576E+02  2.985338E+02  2.985703E+02
  2.985032E+02  2.983174E+02  2.980238E+02  2.976462E+02
  2.974007E+02  2.970405E+02  2.959781E+02  2.940171E+02
  2.911002E+02  2.872329E+02  2.824386E+02  2.767589E+02
  2.702517E+02  2.629893E+02  2.550559E+02  2.465440E+02
  2.386153E+02  2.292808E+02  2.185986E+02  2.091167E+02
  1.998986E+02  1.909804E+02  1.823414E+02  1.739756E+02
  1.659235E+02  1.581635E+02  1.507098E+02  1.435898E+02
  1.368060E+02  1.303928E+02  1.254741E+02  1.207059E+02
  1.159800E+02  1.134670E+02  1.123960E+02  1.129822E+02
  1.154859E+02  1.202789E+02  1.277212E+02  1.382658E+02
  1.518561E+02  1.678267E+02  1.859419E+02  2.065260E+02
  2.301147E+02  2.572386E+02  2.885576E+02  3.250678E+02
  3.681373E+02  4.194920E+02  4.816694E+02  5.588723E+02
  6.580953E+02  7.930361E+02  9.967264E+02  1.018444E+03
  1.050097E+03  8.998768E+02  7.456660E+02  6.257863E+02
  5.328739E+02  4.590814E+02  3.991092E+02  3.494712E+02
  3.078772E+02  2.724928E+02  2.421895E+02  2.160499E+02
  1.990207E+02  1.886373E+02  1.750877E+02  1.608829E+02
  1.504048E+02  1.429676E+02  1.380633E+02  1.352811E+02
  1.342738E+02  1.347252E+02  1.364690E+02  1.393151E+02
  1.431301E+02  1.478000E+02  1.531925E+02  1.592697E+02
  1.659441E+02  1.731469E+02  1.805837E+02  1.878700E+02
  1.949202E+02  2.007621E+02  2.074155E+02  2.145769E+02
  2.206014E+02  2.263401E+02  2.317542E+02  2.359270E+02
  2.384059E+02  2.417165E+02  2.462247E+02  2.504101E+02
  2.542488E+02  2.577657E+02  2.609650E+02  2.638220E+02
  2.663250E+02  2.684951E+02  2.703387E+02  2.717052E+02
  2.729177E+02  2.737978E+02  2.742918E+02  2.745519E+02
  2.746566E+02  2.746189E+02  2.744235E+02  2.740741E+02
  2.736092E+02  2.730391E+02  2.721255E+02  2.710345E+02
  2.693671E+02  2.669808E+02  2.638781E+02  2.600755E+02
  2.555921E+02  2.504536E+02  2.447323E+02  2.384720E+02
  2.303621E+02  2.230884E+02  2.169628E+02  2.092098E+02
  2.014863E+02  1.939036E+02  1.864683E+02  1.791691E+02
  1.719874E+02  1.649591E+02  1.580872E+02  1.507174E+02
  1.440863E+02  1.383360E+02  1.320991E+02  1.260466E+02
  1.201951E+02  1.145443E+02  1.091115E+02  1.040765E+02
  9.971187E+01  9.616134E+01  9.347212E+01  9.177588E+01
  9.124510E+01  9.200095E+01  9.428241E+01  9.835534E+01
  1.045128E+02  1.131476E+02  1.242214E+02  1.372261E+02
  1.519531E+02  1.686856E+02  1.877670E+02  2.096184E+02
  2.347634E+02  2.638637E+02  2.977725E+02  3.376161E+02
  3.849243E+02  4.418074E+02  5.114942E+02  5.986083E+02
  7.103510E+02  8.553042E+02  2.734703E+02  2.266641E+02
  2.789024E+02  2.542772E+02  2.372330E+02  2.345734E+02
  5.434164E+02  6.379054E+02  7.647646E+02  9.516861E+02
  1.292067E+03  1.953456E+03  1.159745E+03  8.861383E+02
  7.220552E+02  6.068999E+02  5.193709E+02  4.499985E+02
  3.935226E+02  3.603149E+02  3.389509E+02  3.098296E+02
  2.818212E+02  2.613238E+02  2.469803E+02  2.375796E+02
  2.321369E+02  2.299437E+02  2.303437E+02  2.329470E+02
  2.373778E+02  2.432931E+02  2.505101E+02  2.588244E+02
  2.672363E+02  2.767503E+02  2.858808E+02  2.928224E+02
  2.982865E+02  3.024888E+02  3.055498E+02  3.083479E+02
  3.106368E+02  3.121862E+02  3.131866E+02  3.136655E+02
  3.136327E+02  3.131269E+02  3.121647E+02  3.107512E+02
  3.089261E+02  3.072068E+02  3.059825E+02  3.040782E+02
  3.011127E+02  2.978342E+02  2.943343E+02  2.907711E+02
  2.871693E+02  2.835099E+02  2.797970E+02  2.768797E+02
  2.749667E+02  2.721364E+02  2.678579E+02  2.628705E+02
  2.571772E+02  2.508324E+02  2.438997E+02  2.364501E+02
  2.285595E+02  2.203064E+02  2.117703E+02  2.030290E+02
  1.951883E+02  1.862601E+02  1.763406E+02  1.676655E+02
  1.592791E+02  1.512041E+02  1.434215E+02  1.359258E+02
  1.287436E+02  1.218576E+02  1.152769E+02  1.090151E+02
  1.030691E+02  9.746301E+01  9.316398E+01  8.885055E+01
  8.447067E+01  8.186491E+01  8.030641E+01  7.992693E+01
  8.088389E+01  8.340537E+01  8.770935E+01  9.407813E+01
  1.024151E+02  1.121705E+02  1.231001E+02  1.353502E+02
  1.491738E+02  1.647907E+02  1.824555E+02  2.025503E+02
  2.255583E+02  2.519872E+02  2.824854E+02  3.180029E+02
  3.597361E+02  4.093750E+02  4.693469E+02  4.966481E+02
  5.798824E+02  6.861277E+02  8.242799E+02  9.893877E+02
  1.063819E+03  9.329009E+02  7.730816E+02  6.468146E+02
  5.495010E+02  4.724248E+02  4.100447E+02  3.585811E+02
  3.261003E+02  3.066120E+02  2.812865E+02  2.547324E+02
  2.347921E+02  2.200814E+02  2.095912E+02  2.025326E+02
  1.982656E+02  1.962286E+02  1.961061E+02  1.975588E+02
  2.003434E+02  2.042642E+02  2.091049E+02  2.147748E+02
  2.211328E+02  2.280655E+02  2.351322E+02  2.417916E+02
  2.479375E+02  2.527999E+02  2.581125E+02  2.634160E+02
  2.676082E+02  2.713257E+02  2.745424E+02  2.768026E+02
  2.780599E+02  2.796637E+02  2.815672E+02  2.830382E+02
  2.840759E+02  2.847276E+02  2.850065E+02  2.848961E+02
  2.844085E+02  2.835850E+02  2.824381E+02  2.810926E+02
  2.793437E+02  2.770357E+02  2.746577E+02  2.720978E+02
  2.694275E+02  2.666597E+02  2.637791E+02  2.607889E+02
  2.580255E+02  2.548922E+02  2.511857E+02  2.476512E+02
  2.436467E+02  2.390855E+02  2.340090E+02  2.284537E+02
  2.224547E+02  2.160650E+02  2.093613E+02  2.023848E+02
  1.937744E+02  1.863656E+02  1.803062E+02  1.728040E+02
  1.654321E+02  1.582544E+02  1.512681E+02  1.444611E+02
  1.378200E+02  1.313682E+02  1.251040E+02  1.184325E+02
  1.124909E+02  1.073570E+02  1.018287E+02  9.649758E+01
  9.137357E+01  8.645609E+01  8.175363E+01  7.739084E+01
  7.355938E+01  7.035481E+01  6.779963E+01  6.597799E+01
  6.499805E+01  6.492631E+01  6.591190E+01  6.811546E+01
  7.171386E+01  7.694884E+01  8.374856E+01  9.170206E+01
  1.006090E+02  1.106074E+02  1.218592E+02  1.345561E+02
  1.489258E+02  1.652413E+02  1.838330E+02  2.051053E+02
  2.295592E+02  2.578078E+02  2.907091E+02  3.292775E+02
  3.749705E+02  4.297976E+02  1.762449E+02  1.489574E+02
  2.366879E+02  2.050244E+02  1.895233E+02  1.905449E+02
  3.162345E+02  3.576568E+02  4.068839E+02  4.663627E+02
  5.397033E+02  6.329496E+02  7.577198E+02  9.406538E+02
  1.268672E+03  2.037278E+03  1.177164E+03  8.952784E+02
  7.284054E+02  6.443031E+02  5.937876E+02  5.277452E+02
  4.663699E+02  4.216137E+02  3.892473E+02  3.661444E+02
  3.500790E+02  3.395249E+02  3.331508E+02  3.301473E+02
  3.298017E+02  3.315084E+02  3.348839E+02  3.395677E+02
  3.446926E+02  3.504210E+02  3.546983E+02  3.564944E+02
  3.563984E+02  3.548610E+02  3.526465E+02  3.497993E+02
  3.461147E+02  3.423017E+02  3.381234E+02  3.336261E+02
  3.288294E+02  3.237738E+02  3.184912E+02  3.129963E+02
  3.073210E+02  3.028005E+02  2.998198E+02  2.954445E+02
  2.893153E+02  2.830895E+02  2.768295E+02  2.706576E+02
  2.645794E+02  2.585704E+02  2.526251E+02  2.481124E+02
  2.451713E+02  2.408470E+02  2.347462E+02  2.282074E+02
  2.212576E+02  2.139595E+02  2.063771E+02  1.985744E+02
  1.906140E+02  1.825561E+02  1.744574E+02  1.663703E+02
  1.592659E+02  1.513260E+02  1.426493E+02  1.351145E+02
  1.278405E+02  1.208446E+02  1.141134E+02  1.076451E+02
  1.014591E+02  9.554356E+01  8.990595E+01  8.455313E+01
  7.948093E+01  7.470734E+01  7.104801E+01  6.730197E+01
  6.345106E+01  6.103205E+01  5.940131E+01  5.864394E+01
  5.886017E+01  6.019759E+01  6.279606E+01  6.684275E+01
  7.223853E+01  7.854290E+01  8.554398E+01  9.331801E+01
  1.020032E+02  1.117096E+02  1.225601E+02  1.347432E+02
  1.484891E+02  1.640160E+02  1.815873E+02  2.015822E+02
  2.244250E+02  2.506606E+02  2.809671E+02  2.886086E+02
  3.268118E+02  3.720411E+02  4.263072E+02  4.923448E+02
  5.744666E+02  6.791361E+02  8.151037E+02  9.799691E+02
  1.066152E+03  9.432310E+02  7.819140E+02  6.535968E+02
  5.782798E+02  5.351153E+02  4.807406E+02  4.252370E+02
  3.838320E+02  3.528081E+02  3.297015E+02  3.127436E+02
  3.006047E+02  2.921903E+02  2.868554E+02  2.839576E+02
  2.830329E+02  2.837294E+02  2.856815E+02  2.886889E+02
  2.925212E+02  2.969896E+02  3.014600E+02  3.052258E+02
  3.081939E+02  3.101554E+02  3.119414E+02  3.130001E+02
  3.133915E+02  3.132539E+02  3.125927E+02  3.116894E+02
  3.110078E+02  3.099872E+02  3.080970E+02  3.058348E+02
  3.032265E+02  3.003337E+02  2.971721E+02  2.937320E+02
  2.900427E+02  2.861540E+02  2.820750E+02  2.781802E+02
  2.737538E+02  2.686944E+02  2.639384E+02  2.591260E+02
  2.543083E+02  2.494927E+02  2.446622E+02  2.398161E+02
  2.354903E+02  2.306594E+02  2.251811E+02  2.201668E+02
  2.148435E+02  2.091656E+02  2.031872E+02  1.969437E+02
  1.904673E+02  1.838139E+02  1.770466E+02  1.701929E+02
  1.619608E+02  1.550448E+02  1.494845E+02  1.426873E+02
  1.360564E+02  1.296247E+02  1.233861E+02  1.173306E+02
  1.114498E+02  1.057594E+02  1.002563E+02  9.441928E+01
  8.925403E+01  8.480045E+01  8.002681E+01  7.544250E+01
  7.105366E+01  6.685968E+01  6.286423E+01  5.915655E+01
  5.587589E+01  5.308889E+01  5.080576E+01  4.908300E+01
  4.799173E+01  4.756941E+01  4.791382E+01  4.912704E+01
  5.132179E+01  5.465592E+01  5.905376E+01  6.418886E+01
  6.989071E+01  7.623435E+01  8.330648E+01  9.120760E+01
  1.000547E+02  1.099844E+02  1.211573E+02  1.337630E+02
  1.480269E+02  1.642087E+02  1.826622E+02  2.037584E+02
  2.280035E+02  2.560227E+02  1.200694E+02  1.029448E+02
  1.976202E+02  1.650169E+02  1.517747E+02  1.546890E+02
  2.002600E+02  2.229160E+02  2.489223E+02  2.789786E+02
  3.139205E+02  3.548725E+02  4.034901E+02  4.622297E+02
  5.345903E+02  6.263207E+02  7.488654E+02  9.269166E+02
  1.239095E+03  1.763233E+03  1.838622E+03  1.217057E+03
  9.333425E+02  7.769874E+02  6.759994E+02  6.059809E+02
  5.557007E+02  5.190532E+02  4.918642E+02  4.716888E+02
  4.567201E+02  4.456118E+02  4.374138E+02  4.313913E+02
  4.271760E+02  4.229722E+02  4.165959E+02  4.088787E+02
  3.998714E+02  3.901666E+02  3.811044E+02  3.714425E+02
  3.610935E+02  3.517035E+02  3.424759E+02  3.334140E+02
  3.244968E+02  3.157193E+02  3.070887E+02  2.985973E+02
  2.902380E+02  2.838602E+02  2.797500E+02  2.738280E+02
  2.658174E+02  2.579297E+02  2.501850E+02  2.426556E+02
  2.353295E+02  2.281790E+02  2.211904E+02  2.159700E+02
  2.125812E+02  2.076195E+02  2.008343E+02  1.938487E+02
  1.866911E+02  1.794126E+02  1.720620E+02  1.646852E+02
  1.573249E+02  1.500200E+02  1.428057E+02  1.357129E+02
  1.295621E+02  1.227682E+02  1.154187E+02  1.090565E+02
  1.029087E+02  9.699098E+01  9.129633E+01  8.582674E+01
  8.059816E+01  7.560392E+01  7.085113E+01  6.634365E+01
  6.207779E+01  5.806787E+01  5.499484E+01  5.180543E+01
  4.850200E+01  4.635761E+01  4.481841E+01  4.394109E+01
  4.379122E+01  4.446701E+01  4.606078E+01  4.870036E+01
  5.229481E+01  5.649398E+01  6.112278E+01  6.622326E+01
  7.187610E+01  7.814084E+01  8.508244E+01  9.280406E+01
  1.014295E+02  1.110678E+02  1.218473E+02  1.339547E+02
  1.475855E+02  1.629814E+02  1.804241E+02  1.811837E+02
  2.020683E+02  2.260604E+02  2.537952E+02  2.860044E+02
  3.237465E+02  3.683935E+02  4.218584E+02  4.868953E+02
  5.674384E+02  6.700772E+02  8.033495E+02  9.673813E+02
  1.060747E+03  1.061739E+03  9.770159E+02  8.314418E+02
  7.161203E+02  6.308404E+02  5.675376E+02  5.199887E+02
  4.839423E+02  4.563222E+02  4.352576E+02  4.191496E+02
  4.068746E+02  3.976375E+02  3.907064E+02  3.855896E+02
  3.818619E+02  3.791777E+02  3.766680E+02  3.735112E+02
  3.696697E+02  3.659535E+02  3.613460E+02  3.554110E+02
  3.500031E+02  3.443786E+02  3.385536E+02  3.336725E+02
  3.306432E+02  3.265359E+02  3.203991E+02  3.141740E+02
  3.078885E+02  3.015869E+02  2.952652E+02  2.889038E+02
  2.825291E+02  2.761762E+02  2.698367E+02  2.640572E+02
  2.577257E+02  2.508019E+02  2.445024E+02  2.382809E+02
  2.321614E+02  2.261430E+02  2.202064E+02  2.143455E+02
  2.091994E+02  2.035019E+02  1.971723E+02  1.914965E+02
  1.856637E+02  1.796537E+02  1.735177E+02  1.672809E+02
  1.609651E+02  1.546187E+02  1.482871E+02  1.419841E+02
  1.345441E+02  1.283895E+02  1.234961E+02  1.175617E+02
  1.117942E+02  1.062072E+02  1.007947E+02  9.554955E+01
  9.046814E+01  8.556158E+01  8.082704E+01  7.581719E+01
  7.140274E+01  6.760109E+01  6.353909E+01  5.964938E+01
  5.593599E+01  5.239856E+01  4.903818E+01  4.591986E+01
  4.314686E+01  4.076703E+01  3.878422E+01  3.723754E+01
  3.617505E+01  3.561765E+01  3.563123E+01  3.628233E+01
  3.764483E+01  3.982488E+01  4.275222E+01  4.616852E+01
  4.993389E+01  5.409121E+01  5.868946E+01  6.378478E+01
  6.944163E+01  7.573427E+01  8.274843E+01  9.058352E+01
  9.935515E+01  1.091921E+02  1.202695E+02  1.327574E+02
  1.468853E+02  1.629211E+02  8.433714E+01  7.319305E+01
  1.630768E+02  1.325438E+02  1.215897E+02  1.253572E+02
  1.505567E+02  1.653892E+02  1.820708E+02  2.009059E+02
  2.222167E+02  2.464012E+02  2.740081E+02  3.057573E+02
  3.424346E+02  3.850399E+02  4.351997E+02  4.948387E+02
  5.666276E+02  6.251771E+02  6.748012E+02  7.759144E+02
  9.531685E+02  1.251452E+03  2.092239E+03  1.548223E+03
  1.177028E+03  9.929852E+02  8.762119E+02  7.943584E+02
  7.335831E+02  6.866336E+02  6.491071E+02  6.182995E+02
  5.941849E+02  5.705842E+02  5.456017E+02  5.228851E+02
  5.009238E+02  4.800685E+02  4.620621E+02  4.437772E+02
  4.252295E+02  4.091161E+02  3.938826E+02  3.794343E+02
  3.656679E+02  3.525003E+02  3.398924E+02  3.277969E+02
  3.161542E+02  3.074553E+02  3.019114E+02  2.939954E+02
  2.834793E+02  2.732898E+02  2.634064E+02  2.538621E+02
  2.446293E+02  2.356776E+02  2.269860E+02  2.205532E+02
  2.163863E+02  2.102997E+02  2.021350E+02  1.939429E+02
  1.857503E+02  1.775994E+02  1.695283E+02  1.615713E+02
  1.537583E+02  1.461151E+02  1.386640E+02  1.314231E+02
  1.252050E+02  1.183979E+02  1.110898E+02  1.047716E+02
  9.865320E+01  9.275238E+01  8.706756E+01  8.160510E+01
  7.638156E+01  7.139415E+01  6.665156E+01  6.215661E+01
  5.790605E+01  5.391393E+01  5.085503E+01  4.764284E+01
  4.429587E+01  4.206674E+01  4.039341E+01  3.932028E+01
  3.889740E+01  3.920134E+01  4.030344E+01  4.230683E+01
  4.511550E+01  4.839933E+01  5.198852E+01  5.590897E+01
  6.021480E+01  6.494210E+01  7.012942E+01  7.584159E+01
  8.215541E+01  8.913306E+01  9.684684E+01  1.054053E+02
  1.149161E+02  1.255096E+02  1.373319E+02  1.341448E+02
  1.475250E+02  1.625733E+02  1.795566E+02  1.987433E+02
  2.205120E+02  2.452899E+02  2.735997E+02  3.060791E+02
  3.434286E+02  3.867500E+02  4.371111E+02  4.957751E+02
  5.450170E+02  5.822202E+02  6.496719E+02  7.609184E+02
  9.065680E+02  1.079240E+03  1.189823E+03  1.125544E+03
  9.998962E+02  8.922055E+02  8.095581E+02  7.459638E+02
  6.961564E+02  6.565371E+02  6.243746E+02  5.977508E+02
  5.753338E+02  5.561104E+02  5.385676E+02  5.215689E+02
  5.050218E+02  4.913082E+02  4.760026E+02  4.589833E+02
  4.447967E+02  4.311717E+02  4.180562E+02  4.076980E+02
  4.014864E+02  3.932479E+02  3.815123E+02  3.701369E+02
  3.591212E+02  3.484645E+02  3.381181E+02  3.280336E+02
  3.182205E+02  3.086888E+02  2.994004E+02  2.911238E+02
  2.822252E+02  2.727185E+02  2.642201E+02  2.559379E+02
  2.478702E+02  2.400078E+02  2.323266E+02  2.248146E+02
  2.182837E+02  2.110904E+02  2.032005E+02  1.962170E+02
  1.891900E+02  1.821151E+02  1.750433E+02  1.679913E+02
  1.609717E+02  1.540312E+02  1.472052E+02  1.404967E+02
  1.326819E+02  1.262937E+02  1.212577E+02  1.151864E+02
  1.092982E+02  1.035945E+02  9.806927E+01  9.271793E+01
  8.754073E+01  8.254756E+01  7.773601E+01  7.265272E+01
  6.818835E+01  6.434644E+01  6.025172E+01  5.633970E+01
  5.261363E+01  4.907353E+01  4.571882E+01  4.260586E+01
  3.982592E+01  3.742006E+01  3.538840E+01  3.376308E+01
  3.258229E+01  3.185817E+01  3.164290E+01  3.198691E+01
  3.294664E+01  3.460613E+01  3.689047E+01  3.955687E+01
  4.247018E+01  4.565787E+01  4.915092E+01  5.298438E+01
  5.719794E+01  6.183661E+01  6.695159E+01  7.260117E+01
  7.885193E+01  8.577564E+01  9.347123E+01  1.020273E+02
  1.115649E+02  1.222193E+02  7.041452E+01  6.191867E+01
  1.592377E+02  1.264457E+02  1.158170E+02  1.207316E+02
  1.571011E+02  1.698004E+02  1.837210E+02  1.990025E+02
  2.157629E+02  2.341339E+02  2.542970E+02  2.764633E+02
  3.007599E+02  3.272835E+02  3.562576E+02  3.876786E+02
  4.213931E+02  4.458088E+02  4.651315E+02  5.027950E+02
  5.611628E+02  6.369556E+02  7.347332E+02  8.618798E+02
  1.029931E+03  1.261589E+03  1.617267E+03  2.381213E+03
  2.378770E+03  1.763117E+03  1.487597E+03  1.313490E+03
  1.196666E+03  1.096069E+03  1.006707E+03  9.370211E+02
  8.769954E+02  8.246523E+02  7.819787E+02  7.402877E+02
  6.996670E+02  6.655026E+02  6.341018E+02  6.050557E+02
  5.780086E+02  5.526588E+02  5.288373E+02  5.063858E+02
  4.851135E+02  4.694517E+02  4.595487E+02  4.454989E+02
  4.270705E+02  4.094175E+02  3.924428E+02  3.761285E+02
  3.604130E+02  3.452499E+02  3.305990E+02  3.198293E+02
  3.128646E+02  3.027103E+02  2.892811E+02  2.760644E+02
  2.630902E+02  2.504006E+02  2.380305E+02  2.260084E+02
  2.143571E+02  2.030939E+02  1.922315E+02  1.817782E+02
  1.728751E+02  1.632023E+02  1.528832E+02  1.439659E+02
  1.353071E+02  1.269365E+02  1.188598E+02  1.110928E+02
  1.036607E+02  9.656530E+01  8.982159E+01  8.343274E+01
  7.739513E+01  7.172883E+01  6.738787E+01  6.278250E+01
  5.796062E+01  5.468148E+01  5.213479E+01  5.036901E+01
  4.943669E+01  4.942065E+01  5.039698E+01  5.248224E+01
  5.553391E+01  5.910806E+01  6.297145E+01  6.714290E+01
  7.166945E+01  7.657675E+01  8.189104E+01  8.766281E+01
  9.395073E+01  1.007946E+02  1.082400E+02  1.163620E+02
  1.252270E+02  1.349146E+02  1.455077E+02  1.373206E+02
  1.483891E+02  1.604933E+02  1.737417E+02  1.882128E+02
  2.040285E+02  2.212921E+02  2.401034E+02  2.605474E+02
  2.826337E+02  3.064553E+02  3.318902E+02  3.587281E+02
  3.791916E+02  3.938504E+02  4.200678E+02  4.616081E+02
  5.138780E+02  5.784549E+02  6.578521E+02  7.552057E+02
  8.740862E+02  1.018338E+03  1.190710E+03  1.382042E+03
  1.540639E+03  1.574362E+03  1.492958E+03  1.380878E+03
  1.276780E+03  1.187579E+03  1.110049E+03  1.041188E+03
  9.799847E+02  9.330165E+02  8.838240E+02  8.331936E+02
  7.933847E+02  7.570331E+02  7.236219E+02  6.982193E+02
  6.833388E+02  6.639286E+02  6.371002E+02  6.118695E+02
  5.881087E+02  5.656753E+02  5.443787E+02  5.240668E+02
  5.046955E+02  4.862123E+02  4.684978E+02  4.529622E+02
  4.364801E+02  4.191572E+02  4.038669E+02  3.891103E+02
  3.748404E+02  3.610287E+02  3.476325E+02  3.346232E+02
  3.233958E+02  3.110803E+02  2.976992E+02  2.859693E+02
  2.743485E+02  2.628501E+02  2.515427E+02  2.404337E+02
  2.295259E+02  2.188808E+02  2.085324E+02  1.984692E+02
  1.868747E+02  1.774907E+02  1.701464E+02  1.613352E+02
  1.528016E+02  1.445314E+02  1.365173E+02  1.287564E+02
  1.212549E+02  1.140257E+02  1.070664E+02  9.972306E+01
  9.329184E+01  8.776017E+01  8.187728E+01  7.626814E+01
  7.093653E+01  6.588307E+01  6.110496E+01  5.667166E+01
  5.269843E+01  4.923561E+01  4.627898E+01  4.386594E+01
  4.203895E+01  4.080476E+01  4.022110E+01  4.034030E+01
  4.122166E+01  4.295800E+01  4.543746E+01  4.833445E+01
  5.146385E+01  5.484748E+01  5.850943E+01  6.247634E+01
  6.677762E+01  7.144577E+01  7.651670E+01  8.203013E+01
  8.802991E+01  9.456034E+01  1.016857E+02  1.094536E+02
  1.179336E+02  1.271973E+02  8.344281E+01  7.450731E+01
  2.217153E+02  1.723055E+02  1.576746E+02  1.661710E+02
  1.783932E+02  1.912177E+02  2.050462E+02  2.199526E+02
  2.359732E+02  2.531384E+02  2.715007E+02  2.911060E+02
  3.118875E+02  3.337150E+02  3.565153E+02  3.799833E+02
  4.036769E+02  4.198550E+02  4.324586E+02  4.576664E+02
  4.971924E+02  5.486080E+02  6.138288E+02  6.955573E+02
  7.967803E+02  9.217983E+02  1.078119E+03  1.278741E+03
  1.549273E+03  1.955019E+03  2.806129E+03  2.851151E+03
  2.148683E+03  1.799915E+03  1.565591E+03  1.410881E+03
  1.290752E+03  1.193253E+03  1.117605E+03  1.046349E+03
  9.791783E+02  9.241656E+02  8.746778E+02  8.297300E+02
  7.885338E+02  7.504484E+02  7.150898E+02  6.821243E+02
  6.511874E+02  6.285931E+02  6.143759E+02  5.942893E+02
  5.681136E+02  5.431968E+02  5.193630E+02  4.965454E+02
  4.746417E+02  4.535789E+02  4.332919E+02  4.184281E+02
  4.088292E+02  3.948535E+02  3.764638E+02  3.584855E+02
  3.409517E+02  3.239066E+02  3.073846E+02  2.914116E+02
  2.760063E+02  2.611804E+02  2.469402E+02  2.332872E+02
  2.216956E+02  2.091388E+02  1.957766E+02  1.842355E+02
  1.730222E+02  1.621768E+02  1.517098E+02  1.416441E+02
  1.320127E+02  1.228198E+02  1.140857E+02  1.058137E+02
  9.799933E+01  9.066823E+01  8.505272E+01  7.907523E+01
  7.280707E+01  6.851543E+01  6.514650E+01  6.275649E+01
  6.140517E+01  6.118822E+01  6.219291E+01  6.455677E+01
  6.809252E+01  7.223677E+01  7.669130E+01  8.147253E+01
  8.662823E+01  9.218038E+01  9.815051E+01  1.045859E+02
  1.115406E+02  1.190453E+02  1.271348E+02  1.358724E+02
  1.453084E+02  1.555017E+02  1.665093E+02  1.546266E+02
  1.656114E+02  1.774144E+02  1.900849E+02  2.036309E+02
  2.180865E+02  2.334500E+02  2.496969E+02  2.667672E+02
  2.845170E+02  3.028480E+02  3.214770E+02  3.400613E+02
  3.534795E+02  3.628958E+02  3.801776E+02  4.079683E+02
  4.434091E+02  4.871272E+02  5.402842E+02  6.041905E+02
  6.801271E+02  7.694943E+02  8.743955E+02  9.972117E+02
  1.140727E+03  1.306645E+03  1.491949E+03  1.679722E+03
  1.817011E+03  1.840601E+03  1.758126E+03  1.633496E+03
  1.510108E+03  1.415412E+03  1.318941E+03  1.223312E+03
  1.150914E+03  1.086845E+03  1.029573E+03  9.869977E+02
  9.624198E+02  9.307328E+02  8.876259E+02  8.477623E+02
  8.107816E+02  7.763283E+02  7.440094E+02  7.135208E+02
  6.847328E+02  6.575091E+02  6.316296E+02  6.091003E+02
  5.853534E+02  5.605722E+02  5.388309E+02  5.179527E+02
  4.978474E+02  4.784621E+02  4.597291E+02  4.415999E+02
  4.260053E+02  4.089395E+02  3.904657E+02  3.743307E+02
  3.584270E+02  3.427794E+02  3.274746E+02  3.125143E+02
  2.978946E+02  2.836919E+02  2.699423E+02  2.566229E+02
  2.413381E+02  2.290126E+02  2.193922E+02  2.078727E+02
  1.967258E+02  1.859254E+02  1.754620E+02  1.653330E+02
  1.555484E+02  1.461240E+02  1.370565E+02  1.274945E+02
  1.191295E+02  1.119370E+02  1.042943E+02  9.701303E+01
  9.009743E+01  8.354840E+01  7.736132E+01  7.162133E+01
  6.647118E+01  6.197233E+01  5.811732E+01  5.495081E+01
  5.252252E+01  5.083655E+01  4.996039E+01  4.995328E+01
  5.088277E+01  5.285724E+01  5.572954E+01  5.908694E+01
  6.269303E+01  6.656858E+01  7.073616E+01  7.522025E+01
  8.004736E+01  8.524617E+01  9.084760E+01  9.688495E+01
  1.033939E+02  1.104081E+02  1.179797E+02  1.261393E+02
  1.349362E+02  1.444172E+02  1.006533E+02  9.047833E+01
  2.853886E+02  2.199242E+02  2.011478E+02  2.128401E+02
  2.409459E+02  2.530387E+02  2.653730E+02  2.778637E+02
  2.903753E+02  3.027546E+02  3.148504E+02  3.264919E+02
  3.374383E+02  3.474380E+02  3.562921E+02  3.637450E+02
  3.695717E+02  3.725503E+02  3.750954E+02  3.827196E+02
  3.977834E+02  4.203313E+02  4.507688E+02  4.896502E+02
  5.372648E+02  5.940300E+02  6.606722E+02  7.381820E+02
  8.275243E+02  9.297265E+02  1.047000E+03  1.181722E+03
  1.323967E+03  1.504953E+03  1.744729E+03  2.031432E+03
  2.431072E+03  3.099980E+03  5.322485E+03  3.286246E+03
  2.612485E+03  2.270487E+03  2.032532E+03  1.850808E+03
  1.704056E+03  1.580964E+03  1.475184E+03  1.382572E+03
  1.300080E+03  1.242172E+03  1.206640E+03  1.157527E+03
  1.095280E+03  1.037682E+03  9.839282E+02  9.335473E+02
  8.860685E+02  8.411493E+02  7.985001E+02  7.676192E+02
  7.478172E+02  7.191712E+02  6.819051E+02  6.459716E+02
  6.113967E+02  5.782148E+02  5.464392E+02  5.160668E+02
  4.870816E+02  4.594584E+02  4.331644E+02  4.081619E+02
  3.870847E+02  3.644013E+02  3.404097E+02  3.197548E+02
  2.997160E+02  2.803626E+02  2.617141E+02  2.438112E+02
  2.267070E+02  2.104088E+02  1.949493E+02  1.803284E+02
  1.665343E+02  1.536088E+02  1.437148E+02  1.331340E+02
  1.220138E+02  1.143212E+02  1.081825E+02  1.036770E+02
  1.008858E+02  9.994420E+01  1.009735E+02  1.041776E+02
  1.092166E+02  1.151262E+02  1.213885E+02  1.280078E+02
  1.350283E+02  1.424542E+02  1.502858E+02  1.585519E+02
  1.672825E+02  1.764708E+02  1.861079E+02  1.962100E+02
  2.067659E+02  2.177621E+02  2.291688E+02  2.055376E+02
  2.155223E+02  2.256563E+02  2.358655E+02  2.460317E+02
  2.560491E+02  2.657801E+02  2.750722E+02  2.837600E+02
  2.916543E+02  2.986111E+02  3.044444E+02  3.090010E+02
  3.114679E+02  3.132058E+02  3.180229E+02  3.278849E+02
  3.428614E+02  3.629343E+02  3.884147E+02  4.196256E+02
  4.567758E+02  5.000123E+02  5.497873E+02  6.064884E+02
  6.706626E+02  7.427630E+02  8.232578E+02  9.134692E+02
  1.014442E+03  1.127759E+03  1.254745E+03  1.395833E+03
  1.552292E+03  1.698755E+03  1.882851E+03  2.093182E+03
  2.245914E+03  2.320657E+03  2.295040E+03  2.219233E+03
  2.160172E+03  2.074412E+03  1.947423E+03  1.827706E+03
  1.718403E+03  1.619618E+03  1.530050E+03  1.448330E+03
  1.373599E+03  1.305029E+03  1.241620E+03  1.187720E+03
  1.132163E+03  1.075429E+03  1.026661E+03  9.806592E+02
  9.370745E+02  8.956552E+02  8.561437E+02  8.183477E+02
  7.861588E+02  7.512458E+02  7.138056E+02  6.813944E+02
  6.497356E+02  6.188843E+02  5.889973E+02  5.600566E+02
  5.320309E+02  5.050448E+02  4.791364E+02  4.542348E+02
  4.258910E+02  4.032085E+02  3.856058E+02  3.646285E+02
  3.444045E+02  3.248643E+02  3.059828E+02  2.877509E+02
  2.701841E+02  2.533031E+02  2.370969E+02  2.200437E+02
  2.051641E+02  1.923879E+02  1.788382E+02  1.659523E+02
  1.537341E+02  1.421835E+02  1.312882E+02  1.211846E+02
  1.121058E+02  1.041483E+02  9.729181E+01  9.160362E+01
  8.715604E+01  8.394279E+01  8.206211E+01  8.159415E+01
  8.263161E+01  8.533185E+01  8.942779E+01  9.421503E+01
  9.928445E+01  1.046501E+02  1.103260E+02  1.163254E+02
  1.226611E+02  1.293445E+02  1.363852E+02  1.437906E+02
  1.515649E+02  1.597034E+02  1.682145E+02  1.770736E+02
  1.862676E+02  1.957692E+02  1.561916E+02  1.423698E+02
  5.038984E+02  3.813009E+02  3.479899E+02  3.707181E+02
  2.597377E+02  2.700985E+02  2.803070E+02  2.902495E+02
  2.997770E+02  3.087369E+02  3.169892E+02  3.243913E+02
  3.307721E+02  3.359794E+02  3.399098E+02  3.424534E+02
  3.435436E+02  3.434370E+02  3.437681E+02  3.475656E+02
  3.574336E+02  3.739762E+02  3.973971E+02  4.280042E+02
  4.658748E+02  5.111788E+02  5.642760E+02  6.256776E+02
  6.957430E+02  7.747023E+02  8.634273E+02  9.624615E+02
  1.063215E+03  1.185176E+03  1.335229E+03  1.496202E+03
  1.685516E+03  1.913970E+03  2.174875E+03  2.551558E+03
  3.196404E+03  4.786729E+03  3.801701E+03  2.996967E+03
  2.576645E+03  2.292225E+03  2.078059E+03  1.906738E+03
  1.763862E+03  1.668025E+03  1.610791E+03  1.533435E+03
  1.438014E+03  1.352014E+03  1.273496E+03  1.201239E+03
  1.134190E+03  1.071591E+03  1.012831E+03  9.706728E+02
  9.437883E+02  9.050900E+02  8.551527E+02  8.074496E+02
  7.619553E+02  7.186508E+02  6.774930E+02  6.384226E+02
  6.013695E+02  5.662572E+02  5.330053E+02  5.015323E+02
  4.751040E+02  4.467627E+02  4.168848E+02  3.912082E+02
  3.663199E+02  3.423043E+02  3.191859E+02  2.970144E+02
  2.758520E+02  2.557067E+02  2.366163E+02  2.185766E+02
  2.015705E+02  1.856466E+02  1.734632E+02  1.604077E+02
  1.466753E+02  1.371333E+02  1.294657E+02  1.237588E+02
  1.200990E+02  1.186343E+02  1.194958E+02  1.229122E+02
  1.284598E+02  1.349698E+02  1.418116E+02  1.489790E+02
  1.565074E+02  1.643867E+02  1.726010E+02  1.811626E+02
  1.900815E+02  1.993268E+02  2.088638E+02  2.186796E+02
  2.287311E+02  2.389704E+02  2.493315E+02  2.204457E+02
  2.289036E+02  2.372002E+02  2.452442E+02  2.529150E+02
  2.601084E+02  2.667054E+02  2.725876E+02  2.776413E+02
  2.817544E+02  2.848535E+02  2.868585E+02  2.877222E+02
  2.876149E+02  2.876575E+02  2.897610E+02  2.958221E+02
  3.065273E+02  3.217714E+02  3.417425E+02  3.666414E+02
  3.965738E+02  4.315880E+02  4.719881E+02  5.179991E+02
  5.699530E+02  6.280674E+02  6.925206E+02  7.640915E+02
  8.432145E+02  9.305688E+02  1.026656E+03  1.131638E+03
  1.246608E+03  1.353990E+03  1.491473E+03  1.666001E+03
  1.836162E+03  2.021848E+03  2.216582E+03  2.369491E+03
  2.452367E+03  2.539491E+03  2.580392E+03  2.518515E+03
  2.394612E+03  2.251453E+03  2.110381E+03  1.978879E+03
  1.859139E+03  1.750887E+03  1.652563E+03  1.570415E+03
  1.487181E+03  1.403600E+03  1.332902E+03  1.267144E+03
  1.205627E+03  1.147817E+03  1.093208E+03  1.041425E+03
  9.976498E+02  9.504848E+02  9.002472E+02  8.570309E+02
  8.150733E+02  7.744398E+02  7.353173E+02  6.976570E+02
  6.613923E+02  6.266600E+02  5.934809E+02  5.617382E+02
  5.257786E+02  4.971264E+02  4.749633E+02  4.486231E+02
  4.232844E+02  3.988451E+02  3.752674E+02  3.525360E+02
  3.306673E+02  3.096813E+02  2.895602E+02  2.684141E+02
  2.499899E+02  2.341836E+02  2.174383E+02  2.015292E+02
  1.864587E+02  1.722250E+02  1.588104E+02  1.463749E+02
  1.351943E+02  1.253808E+02  1.169052E+02  1.098439E+02
  1.042775E+02  1.001906E+02  9.769289E+01  9.686963E+01
  9.782046E+01  1.007203E+02  1.052367E+02  1.105169E+02
  1.160636E+02  1.218840E+02  1.279832E+02  1.343650E+02
  1.410304E+02  1.479777E+02  1.552014E+02  1.626918E+02
  1.704339E+02  1.784018E+02  1.865805E+02  1.949208E+02
  2.033833E+02  2.119139E+02  1.805466E+02  1.657681E+02
  6.222860E+02  4.661774E+02  4.249953E+02  4.544158E+02
  2.754668E+02  2.834178E+02  2.908587E+02  2.976816E+02
  3.037643E+02  3.089961E+02  3.132872E+02  3.165577E+02
  3.187300E+02  3.197565E+02  3.196191E+02  3.183175E+02
  3.158860E+02  3.135822E+02  3.123546E+02  3.134039E+02
  3.194652E+02  3.315152E+02  3.496190E+02  3.739226E+02
  4.043800E+02  4.410244E+02  4.840168E+02  5.336247E+02
  5.899388E+02  6.528834E+02  7.228145E+02  7.997072E+02
  8.765151E+02  9.673709E+02  1.075608E+03  1.187001E+03
  1.311294E+03  1.450999E+03  1.596030E+03  1.777012E+03
  2.010339E+03  2.277205E+03  2.623653E+03  3.121649E+03
  4.038717E+03  5.160563E+03  3.561826E+03  2.972313E+03
  2.606582E+03  2.396412E+03  2.280450E+03  2.132721E+03
  1.962037E+03  1.817009E+03  1.690528E+03  1.578296E+03
  1.477175E+03  1.385026E+03  1.300259E+03  1.240374E+03
  1.202546E+03  1.148549E+03  1.079719E+03  1.014855E+03
  9.537620E+02  8.962647E+02  8.421726E+02  7.912918E+02
  7.434320E+02  6.984098E+02  6.560507E+02  6.161905E+02
  5.828826E+02  5.473206E+02  5.099842E+02  4.779789E+02
  4.470049E+02  4.171626E+02  3.884799E+02  3.610149E+02
  3.348367E+02  3.099518E+02  2.864013E+02  2.641728E+02
  2.432402E+02  2.236585E+02  2.086864E+02  1.926122E+02
  1.756933E+02  1.638864E+02  1.543339E+02  1.471278E+02
  1.423569E+02  1.401796E+02  1.407337E+02  1.442722E+02
  1.502676E+02  1.573086E+02  1.646312E+02  1.722147E+02
  1.800807E+02  1.882007E+02  1.965390E+02  2.050866E+02
  2.138292E+02  2.227102E+02  2.316684E+02  2.406622E+02
  2.496207E+02  2.584684E+02  2.671159E+02  2.328220E+02
  2.392505E+02  2.452450E+02  2.507227E+02  2.555885E+02
  2.597677E+02  2.631855E+02  2.657784E+02  2.674967E+02
  2.683058E+02  2.681928E+02  2.671574E+02  2.652203E+02
  2.632356E+02  2.620613E+02  2.621892E+02  2.654429E+02
  2.729262E+02  2.844731E+02  3.001802E+02  3.201598E+02
  3.444473E+02  3.730276E+02  4.061049E+02  4.438019E+02
  4.863179E+02  5.337385E+02  5.860888E+02  6.438423E+02
  7.071330E+02  7.762134E+02  8.511697E+02  9.318679E+02
  1.018842E+03  1.098785E+03  1.199328E+03  1.324814E+03
  1.445518E+03  1.577731E+03  1.722855E+03  1.852027E+03
  1.936860E+03  2.059716E+03  2.251382E+03  2.451977E+03
  2.639954E+03  2.773519E+03  2.805329E+03  2.729457E+03
  2.589755E+03  2.430978E+03  2.275268E+03  2.142743E+03
  2.009320E+03  1.877344E+03  1.767987E+03  1.668304E+03
  1.576827E+03  1.492317E+03  1.413677E+03  1.340093E+03
  1.278579E+03  1.212981E+03  1.143801E+03  1.084833E+03
  1.028052E+03  9.735159E+02  9.214332E+02  8.716881E+02
  8.241407E+02  7.789202E+02  7.360004E+02  6.951830E+02
  6.492207E+02  6.127994E+02  5.847423E+02  5.515147E+02
  5.196496E+02  4.889954E+02  4.594923E+02  4.311115E+02
  4.038660E+02  3.777702E+02  3.527941E+02  3.265902E+02
  3.038005E+02  2.842717E+02  2.636100E+02  2.440046E+02
  2.254538E+02  2.079527E+02  1.914754E+02  1.762080E+02
  1.624753E+02  1.504058E+02  1.399582E+02  1.312178E+02
  1.242725E+02  1.190943E+02  1.158036E+02  1.144885E+02
  1.152534E+02  1.182896E+02  1.231842E+02  1.289091E+02
  1.348629E+02  1.410425E+02  1.474416E+02  1.540506E+02
  1.608561E+02  1.678401E+02  1.749795E+02  1.822456E+02
  1.896032E+02  1.970062E+02  2.044174E+02  2.117687E+02
  2.190013E+02  2.260452E+02  2.070529E+02  1.916866E+02
  7.696511E+02  5.694411E+02  5.184055E+02  5.566167E+02
  2.873939E+02  2.921606E+02  2.961453E+02  2.992815E+02
  3.015081E+02  3.027850E+02  3.030918E+02  3.024205E+02
  3.007823E+02  2.982138E+02  2.947521E+02  2.904628E+02
  2.854295E+02  2.815720E+02  2.792456E+02  2.782705E+02
  2.814049E+02  2.898641E+02  3.036142E+02  3.226864E+02
  3.469592E+02  3.763844E+02  4.110035E+02  4.509440E+02
  4.961663E+02  5.464725E+02  6.019853E+02  6.624858E+02
  7.222859E+02  7.921044E+02  8.737383E+02  9.558460E+02
  1.045040E+03  1.142103E+03  1.239138E+03  1.354615E+03
  1.493697E+03  1.638491E+03  1.802892E+03  1.992951E+03
  2.218549E+03  2.496949E+03  2.860921E+03  3.390534E+03
  4.398724E+03  6.198349E+03  4.564689E+03  3.708068E+03
  3.107103E+03  2.725740E+03  2.445350E+03  2.223310E+03
  2.038847E+03  1.880658E+03  1.741834E+03  1.647023E+03
  1.588337E+03  1.506017E+03  1.403488E+03  1.309181E+03
  1.222235E+03  1.141921E+03  1.067583E+03  9.986451E+02
  9.345998E+02  8.750021E+02  8.194603E+02  7.676294E+02
  7.246178E+02  6.789773E+02  6.313368E+02  5.906625E+02
  5.514113E+02  5.136980E+02  4.775469E+02  4.430191E+02
  4.101851E+02  3.790415E+02  3.496276E+02  3.219135E+02
  2.958566E+02  2.715156E+02  2.529232E+02  2.329275E+02
  2.118704E+02  1.971107E+02  1.850850E+02  1.758873E+02
  1.696039E+02  1.663996E+02  1.664140E+02  1.699220E+02
  1.762603E+02  1.837125E+02  1.913479E+02  1.991267E+02
  2.070499E+02  2.150660E+02  2.231159E+02  2.311656E+02
  2.391741E+02  2.470605E+02  2.547425E+02  2.621564E+02
  2.692158E+02  2.758353E+02  2.819240E+02  2.421197E+02
  2.459394E+02  2.491235E+02  2.516222E+02  2.533894E+02
  2.543976E+02  2.546288E+02  2.540790E+02  2.527578E+02
  2.506930E+02  2.479115E+02  2.444628E+02  2.404015E+02
  2.370499E+02  2.349996E+02  2.336578E+02  2.347515E+02
  2.396581E+02  2.481706E+02  2.603143E+02  2.761339E+02
  2.956145E+02  3.186991E+02  3.455197E+02  3.761311E+02
  4.106463E+02  4.490764E+02  4.913675E+02  5.378117E+02
  5.883989E+02  6.431816E+02  7.020594E+02  7.647712E+02
  8.315616E+02  8.922063E+02  9.674176E+02  1.059708E+03
  1.146757E+03  1.240242E+03  1.340814E+03  1.428834E+03
  1.486022E+03  1.568167E+03  1.697106E+03  1.838592E+03
  1.993887E+03  2.164523E+03  2.351222E+03  2.550438E+03
  2.747899E+03  2.910997E+03  2.989468E+03  2.958946E+03
  2.837195E+03  2.653977E+03  2.480418E+03  2.316956E+03
  2.167355E+03  2.031149E+03  1.906685E+03  1.792425E+03
  1.698533E+03  1.600108E+03  1.497964E+03  1.412207E+03
  1.330688E+03  1.253391E+03  1.180503E+03  1.111728E+03
  1.046738E+03  9.855796E+02  9.280940E+02  8.739055E+02
  8.134198E+02  7.658689E+02  7.294533E+02  6.865503E+02
  6.456082E+02  6.063904E+02  5.687917E+02  5.327515E+02
  4.982664E+02  4.653336E+02  4.338974E+02  4.009988E+02
  3.724583E+02  3.480439E+02  3.222603E+02  2.978360E+02
  2.747612E+02  2.530241E+02  2.325854E+02  2.136610E+02
  1.966342E+02  1.816509E+02  1.686510E+02  1.577285E+02
  1.489774E+02  1.423503E+02  1.379771E+02  1.359453E+02
  1.363600E+02  1.394271E+02  1.446286E+02  1.507168E+02
  1.569606E+02  1.633424E+02  1.698402E+02  1.764277E+02
  1.830734E+02  1.897406E+02  1.963872E+02  2.029656E+02
  2.094227E+02  2.156968E+02  2.217354E+02  2.274629E+02
  2.328151E+02  2.377236E+02  2.370245E+02  2.216805E+02
  9.684379E+02  7.041309E+02  6.396968E+02  6.904841E+02
  2.937508E+02  2.942909E+02  2.939423E+02  2.927099E+02
  2.906166E+02  2.877026E+02  2.840141E+02  2.796009E+02
  2.745374E+02  2.689093E+02  2.627711E+02  2.562116E+02
  2.493221E+02  2.444216E+02  2.413497E+02  2.388634E+02
  2.396260E+02  2.449830E+02  2.548279E+02  2.691074E+02
  2.876547E+02  3.103724E+02  3.372261E+02  3.682567E+02
  4.033634E+02  4.423130E+02  4.851171E+02  5.315110E+02
  5.770695E+02  6.298190E+02  6.906891E+02  7.509417E+02
  8.152407E+02  8.838242E+02  9.509291E+02  1.028851E+03
  1.119732E+03  1.210731E+03  1.309333E+03  1.416768E+03
  1.534785E+03  1.665798E+03  1.812675E+03  1.979645E+03
  2.173565E+03  2.347868E+03  2.477026E+03  2.695199E+03
  3.078507E+03  3.653494E+03  4.846646E+03  4.918577E+03
  3.686183E+03  3.104315E+03  2.718428E+03  2.492806E+03
  2.364046E+03  2.194462E+03  1.998214E+03  1.829643E+03
  1.682484E+03  1.552396E+03  1.436236E+03  1.331665E+03
  1.236894E+03  1.150529E+03  1.071458E+03  9.987835E+02
  9.392175E+02  8.766900E+02  8.120891E+02  7.573736E+02
  7.049067E+02  6.547942E+02  6.070233E+02  5.616293E+02
  5.186574E+02  4.780656E+02  4.398693E+02  4.039950E+02
  3.703604E+02  3.390172E+02  3.151190E+02  2.893804E+02
  2.622715E+02  2.431799E+02  2.275021E+02  2.153255E+02
  2.067233E+02  2.018573E+02  2.008578E+02  2.040169E+02
  2.104696E+02  2.180720E+02  2.256630E+02  2.331759E+02
  2.405827E+02  2.478042E+02  2.547576E+02  2.613845E+02
  2.676205E+02  2.733740E+02  2.785606E+02  2.831160E+02
  2.869687E+02  2.900580E+02  2.923317E+02  2.469831E+02
  2.473932E+02  2.470914E+02  2.460815E+02  2.443819E+02
  2.420186E+02  2.390288E+02  2.354575E+02  2.313564E+02
  2.267915E+02  2.218036E+02  2.164620E+02  2.108271E+02
  2.065179E+02  2.038591E+02  2.014174E+02  2.007797E+02
  2.034799E+02  2.092860E+02  2.181659E+02  2.301104E+02
  2.450673E+02  2.629522E+02  2.838407E+02  3.077403E+02
  3.347042E+02  3.647020E+02  3.976437E+02  4.337039E+02
  4.728081E+02  5.149176E+02  5.598535E+02  6.073146E+02
  6.573946E+02  7.024398E+02  7.577227E+02  8.246733E+02
  8.868912E+02  9.526848E+02  1.022271E+03  1.082152E+03
  1.120537E+03  1.174920E+03  1.258663E+03  1.348338E+03
  1.444404E+03  1.547695E+03  1.659451E+03  1.780986E+03
  1.913350E+03  2.057908E+03  2.216436E+03  2.373453E+03
  2.559556E+03  2.768212E+03  2.943272E+03  3.063131E+03
  3.085683E+03  3.001654E+03  2.846528E+03  2.664127E+03
  2.500879E+03  2.326849E+03  2.146881E+03  1.998644E+03
  1.860608E+03  1.732834E+03  1.615392E+03  1.507298E+03
  1.407491E+03  1.315522E+03  1.230694E+03  1.152069E+03
  1.065727E+03  9.988246E+02  9.481312E+02  8.889757E+02
  8.330665E+02  7.799736E+02  7.294631E+02  6.813763E+02
  6.356437E+02  5.922049E+02  5.509382E+02  5.079428E+02
  4.707956E+02  4.391166E+02  4.057582E+02  3.742442E+02
  3.445434E+02  3.166262E+02  2.904282E+02  2.662015E+02
  2.444054E+02  2.252027E+02  2.085009E+02  1.944001E+02
  1.829971E+02  1.742113E+02  1.681801E+02  1.649820E+02
  1.647157E+02  1.675969E+02  1.729538E+02  1.792315E+02
  1.855200E+02  1.917806E+02  1.979702E+02  2.040412E+02
  2.099418E+02  2.156164E+02  2.210068E+02  2.260528E+02
  2.306938E+02  2.348678E+02  2.385243E+02  2.416047E+02
  2.440652E+02  2.458677E+02  2.736226E+02  2.595524E+02
  1.284458E+03  9.057549E+02  8.197485E+02  8.918146E+02
  2.961744E+02  2.918138E+02  2.866899E+02  2.808812E+02
  2.744844E+02  2.675972E+02  2.603011E+02  2.526679E+02
  2.447948E+02  2.367750E+02  2.286466E+02  2.204880E+02
  2.123706E+02  2.068253E+02  2.032786E+02  1.996973E+02
  1.985776E+02  2.013201E+02  2.077681E+02  2.178071E+02
  2.312463E+02  2.479626E+02  2.678776E+02  2.909845E+02
  3.171680E+02  3.462140E+02  3.780996E+02  4.125972E+02
  4.463955E+02  4.853763E+02  5.299225E+02  5.734693E+02
  6.193118E+02  6.675087E+02  7.140070E+02  7.672322E+02
  8.281881E+02  8.879922E+02  9.513375E+02  1.018560E+03
  1.090147E+03  1.166738E+03  1.248850E+03  1.337185E+03
  1.432897E+03  1.512466E+03  1.567491E+03  1.652895E+03
  1.780641E+03  1.924410E+03  2.089316E+03  2.282780E+03
  2.517971E+03  2.819286E+03  3.240986E+03  3.726881E+03
  4.234839E+03  5.810804E+03  3.977381E+03  3.189578E+03
  2.725694E+03  2.396297E+03  2.141188E+03  1.933474E+03
  1.758779E+03  1.608498E+03  1.477064E+03  1.360661E+03
  1.267990E+03  1.173055E+03  1.077259E+03  9.978838E+02
  9.232083E+02  8.530611E+02  7.871377E+02  7.252494E+02
  6.672662E+02  6.129678E+02  5.622457E+02  5.148985E+02
  4.707326E+02  4.297474E+02  3.985932E+02  3.650782E+02
  3.298009E+02  3.048849E+02  2.842959E+02  2.680991E+02
  2.563411E+02  2.491724E+02  2.467036E+02  2.492429E+02
  2.556403E+02  2.631593E+02  2.703220E+02  2.770265E+02
  2.832084E+02  2.887634E+02  2.935954E+02  2.976357E+02
  3.008196E+02  3.030799E+02  3.043732E+02  3.046784E+02
  3.039891E+02  3.023179E+02  2.996968E+02  2.489807E+02
  2.454516E+02  2.413043E+02  2.365980E+02  2.314093E+02
  2.258024E+02  2.198487E+02  2.136168E+02  2.071724E+02
  2.005905E+02  1.939011E+02  1.871687E+02  1.804390E+02
  1.755013E+02  1.724428E+02  1.692027E+02  1.672049E+02
  1.680571E+02  1.715140E+02  1.774983E+02  1.859577E+02
  1.968129E+02  2.099623E+02  2.254385E+02  2.432177E+02
  2.633141E+02  2.856806E+02  3.102208E+02  3.370394E+02
  3.660492E+02  3.971879E+02  4.302536E+02  4.649390E+02
  5.012592E+02  5.336817E+02  5.731611E+02  6.204697E+02
  6.639569E+02  7.094248E+02  7.569174E+02  7.972867E+02
  8.229192E+02  8.589047E+02  9.135317E+02  9.709626E+02
  1.031246E+03  1.094615E+03  1.161479E+03  1.232220E+03
  1.307008E+03  1.386159E+03  1.470312E+03  1.551721E+03
  1.647293E+03  1.759081E+03  1.869371E+03  1.988203E+03
  2.117177E+03  2.257244E+03  2.408260E+03  2.567514E+03
  2.707565E+03  2.849030E+03  2.935405E+03  2.907097E+03
  2.772654E+03  2.579781E+03  2.375900E+03  2.182689E+03
  2.006432E+03  1.848131E+03  1.706416E+03  1.578850E+03
  1.442744E+03  1.339997E+03  1.263641E+03  1.176191E+03
  1.095272E+03  1.019914E+03  9.494025E+02  8.832030E+02
  8.209675E+02  7.624426E+02  7.073156E+02  6.503121E+02
  6.013559E+02  5.598259E+02  5.162712E+02  4.752781E+02
  4.367652E+02  4.006599E+02  3.668525E+02  3.356439E+02
  3.075922E+02  2.828709E+02  2.613305E+02  2.430727E+02
  2.281934E+02  2.165640E+02  2.083304E+02  2.035577E+02
  2.023330E+02  2.048822E+02  2.103195E+02  2.166688E+02
  2.227742E+02  2.285685E+02  2.339819E+02  2.389442E+02
  2.433860E+02  2.472414E+02  2.504502E+02  2.529596E+02
  2.547273E+02  2.557219E+02  2.559270E+02  2.553382E+02
  2.539661E+02  2.518346E+02  3.194607E+02  3.082741E+02
  1.846324E+03  1.217716E+03  1.090379E+03  1.196642E+03
  2.895259E+02  2.818026E+02  2.736045E+02  2.650350E+02
  2.562094E+02  2.472302E+02  2.381697E+02  2.290846E+02
  2.200577E+02  2.111616E+02  2.024062E+02  1.938466E+02
  1.855287E+02  1.799483E+02  1.763542E+02  1.724483E+02
  1.705365E+02  1.719789E+02  1.766042E+02  1.842773E+02
  1.948073E+02  2.080670E+02  2.239649E+02  2.424766E+02
  2.634899E+02  2.868143E+02  3.124185E+02  3.401076E+02
  3.672141E+02  3.984214E+02  4.338948E+02  4.683356E+02
  5.043289E+02  5.418906E+02  5.778792E+02  6.188014E+02
  6.652810E+02  7.104800E+02  7.579010E+02  8.076938E+02
  8.600898E+02  9.154024E+02  9.738038E+02  1.035540E+03
  1.101096E+03  1.154482E+03  1.190795E+03  1.246146E+03
  1.326532E+03  1.413422E+03  1.508212E+03  1.612437E+03
  1.728536E+03  1.859891E+03  2.011567E+03  2.144364E+03
  2.243382E+03  2.412850E+03  2.703039E+03  3.122000E+03
  3.861937E+03  5.311081E+03  3.601012E+03  2.919691E+03
  2.501643E+03  2.199870E+03  1.964148E+03  1.771260E+03
  1.626033E+03  1.483497E+03  1.345164E+03  1.234478E+03
  1.133306E+03  1.040488E+03  9.549109E+02  8.758052E+02
  8.026284E+02  7.348006E+02  6.719668E+02  6.137150E+02
  5.596777E+02  5.097547E+02  4.719302E+02  4.313309E+02
  3.886354E+02  3.584332E+02  3.333635E+02  3.134548E+02
  2.987148E+02  2.892686E+02  2.851943E+02  2.867962E+02
  2.926548E+02  2.995067E+02  3.056037E+02  3.108258E+02
  3.150932E+02  3.183080E+02  3.203992E+02  3.213290E+02
  3.210753E+02  3.196405E+02  3.170608E+02  3.133885E+02
  3.087006E+02  3.030889E+02  2.966597E+02  2.438168E+02
  2.375600E+02  2.309016E+02  2.239218E+02  2.167148E+02
  2.093479E+02  2.018912E+02  1.944063E+02  1.869470E+02
  1.795743E+02  1.722978E+02  1.651650E+02  1.582022E+02
  1.531885E+02  1.500822E+02  1.466207E+02  1.440925E+02
  1.440661E+02  1.463017E+02  1.507045E+02  1.572055E+02
  1.657174E+02  1.761365E+02  1.884756E+02  2.026998E+02
  2.188076E+02  2.367492E+02  2.564341E+02  2.779354E+02
  3.011705E+02  3.260765E+02  3.524597E+02  3.800350E+02
  4.087933E+02  4.343652E+02  4.653810E+02  5.023488E+02
  5.361525E+02  5.713059E+02  6.078118E+02  6.386682E+02
  6.581780E+02  6.854607E+02  7.266200E+02  7.695571E+02
  8.142497E+02  8.608056E+02  9.094467E+02  9.603602E+02
  1.013566E+03  1.069173E+03  1.127498E+03  1.183159E+03
  1.247553E+03  1.321708E+03  1.393726E+03  1.470199E+03
  1.552084E+03  1.640258E+03  1.735793E+03  1.840054E+03
  1.940837E+03  2.066785E+03  2.223481E+03  2.379688E+03
  2.541735E+03  2.682996E+03  2.755613E+03  2.716925E+03
  2.577937E+03  2.390425E+03  2.196626E+03  2.014333E+03
  1.818892E+03  1.673159E+03  1.566484E+03  1.446509E+03
  1.338039E+03  1.239181E+03  1.148305E+03  1.064197E+03
  9.860140E+02  9.132013E+02  8.451649E+02  7.753010E+02
  7.156014E+02  6.652063E+02  6.125314E+02  5.631087E+02
  5.167953E+02  4.734649E+02  4.329601E+02  3.956251E+02
  3.621013E+02  3.325577E+02  3.067821E+02  2.848683E+02
  2.669051E+02  2.527154E+02  2.424468E+02  2.361456E+02
  2.338806E+02  2.358753E+02  2.410462E+02  2.470454E+02
  2.525061E+02  2.573416E+02  2.614694E+02  2.648154E+02
  2.673164E+02  2.689238E+02  2.696052E+02  2.693470E+02
  2.681544E+02  2.660529E+02  2.630802E+02  2.592974E+02
  2.547724E+02  2.495834E+02  3.525152E+02  3.456280E+02
  2.719557E+03  1.561072E+03  1.373996E+03  1.521662E+03
  2.702943E+02  2.592684E+02  2.482726E+02  2.373881E+02
  2.267039E+02  2.162863E+02  2.061656E+02  1.963561E+02
  1.869025E+02  1.778383E+02  1.691360E+02  1.608173E+02
  1.528963E+02  1.476652E+02  1.442797E+02  1.403974E+02
  1.380287E+02  1.384117E+02  1.413770E+02  1.467841E+02
  1.544559E+02  1.642719E+02  1.761381E+02  1.900203E+02
  2.058178E+02  2.233725E+02  2.426509E+02  2.634972E+02
  2.838951E+02  3.073420E+02  3.338545E+02  3.594230E+02
  3.859573E+02  4.134553E+02  4.396371E+02  4.692357E+02
  5.026146E+02  5.348332E+02  5.683714E+02  6.032885E+02
  6.396895E+02  6.777268E+02  7.174379E+02  7.588940E+02
  8.023074E+02  8.371789E+02  8.606482E+02  8.960231E+02
  9.465002E+02  9.998333E+02  1.056499E+03  1.116882E+03
  1.181622E+03  1.251485E+03  1.327464E+03  1.389759E+03
  1.433557E+03  1.503246E+03  1.607940E+03  1.728962E+03
  1.871563E+03  2.043615E+03  2.257837E+03  2.535746E+03
  2.910639E+03  3.352417E+03  3.300853E+03  2.809478E+03
  2.446045E+03  2.132673E+03  1.863858E+03  1.669934E+03
  1.505788E+03  1.363531E+03  1.237818E+03  1.125300E+03
  1.023826E+03  9.315924E+02  8.474597E+02  7.704300E+02
  6.996756E+02  6.348162E+02  5.859557E+02  5.337707E+02
  4.789784E+02  4.401551E+02  4.077237E+02  3.816191E+02
  3.617581E+02  3.481953E+02  3.409255E+02  3.402095E+02
  3.441768E+02  3.487603E+02  3.518455E+02  3.533456E+02
  3.532239E+02  3.514794E+02  3.481695E+02  3.433834E+02
  3.372337E+02  3.298822E+02  3.215122E+02  3.122884E+02
  3.023915E+02  2.919893E+02  2.812427E+02  2.286601E+02
  2.196438E+02  2.106163E+02  2.016457E+02  1.928111E+02
  1.841529E+02  1.757140E+02  1.675258E+02  1.596118E+02
  1.520035E+02  1.446809E+02  1.376650E+02  1.309575E+02
  1.262075E+02  1.232666E+02  1.198633E+02  1.171022E+02
  1.164194E+02  1.175950E+02  1.205278E+02  1.251408E+02
  1.313470E+02  1.390483E+02  1.482426E+02  1.588902E+02
  1.709788E+02  1.844617E+02  1.992601E+02  2.154211E+02
  2.328735E+02  2.515610E+02  2.713136E+02  2.918871E+02
  3.132609E+02  3.321967E+02  3.550814E+02  3.822228E+02
  4.069249E+02  4.324914E+02  4.589068E+02  4.811262E+02
  4.951248E+02  5.146378E+02  5.439226E+02  5.742785E+02
  6.056619E+02  6.381199E+02  6.717724E+02  7.067078E+02
  7.428962E+02  7.803638E+02  8.192693E+02  8.560216E+02
  8.980750E+02  9.459078E+02  9.917424E+02  1.039725E+03
  1.090273E+03  1.143714E+03  1.200460E+03  1.261030E+03
  1.318332E+03  1.388070E+03  1.472989E+03  1.557038E+03
  1.649498E+03  1.750433E+03  1.859181E+03  1.973939E+03
  2.089301E+03  2.191822E+03  2.260372E+03  2.271409E+03
  2.196670E+03  2.078985E+03  1.966371E+03  1.823115E+03
  1.686608E+03  1.560087E+03  1.443162E+03  1.334867E+03
  1.234277E+03  1.140899E+03  1.053967E+03  9.650443E+02
  8.891873E+02  8.254375E+02  7.589329E+02  6.966728E+02
  6.384401E+02  5.840333E+02  5.332359E+02  4.864858E+02
  4.445611E+02  4.076061E+02  3.752905E+02  3.476845E+02
  3.248560E+02  3.065427E+02  2.928856E+02  2.838890E+02
  2.795776E+02  2.801489E+02  2.841970E+02  2.888086E+02
  2.923208E+02  2.946481E+02  2.957320E+02  2.955447E+02
  2.940910E+02  2.914080E+02  2.875627E+02  2.826475E+02
  2.767745E+02  2.700737E+02  2.626664E+02  2.546981E+02
  2.462942E+02  2.375768E+02  3.893277E+02  3.919605E+02
  2.704627E+03  2.451066E+03  2.004021E+03  2.246059E+03
  2.403839E+02  2.294073E+02  2.186982E+02  2.082954E+02
  1.982481E+02  1.885878E+02  1.793154E+02  1.704220E+02
  1.619289E+02  1.538496E+02  1.461460E+02  1.388256E+02
  1.318912E+02  1.273292E+02  1.243795E+02  1.209880E+02
  1.189017E+02  1.191968E+02  1.217262E+02  1.263671E+02
  1.329654E+02  1.414152E+02  1.516329E+02  1.635850E+02
  1.771797E+02  1.922746E+02  2.088322E+02  2.267082E+02
  2.441669E+02  2.641966E+02  2.868210E+02  3.086267E+02
  3.312473E+02  3.546788E+02  3.769717E+02  4.021407E+02
  4.304867E+02  4.578024E+02  4.861886E+02  5.156861E+02
  5.463745E+02  5.783678E+02  6.116831E+02  6.463665E+02
  6.825724E+02  7.115758E+02  7.310447E+02  7.603005E+02
  8.019016E+02  8.456268E+02  8.917627E+02  9.404304E+02
  9.919448E+02  1.046671E+03  1.105031E+03  1.151971E+03
  1.184355E+03  1.234747E+03  1.308547E+03  1.391270E+03
  1.485153E+03  1.593121E+03  1.719418E+03  1.870543E+03
  2.057197E+03  2.298921E+03  2.637579E+03  3.192797E+03
  4.340372E+03  3.611973E+03  2.712636E+03  2.282741E+03
  1.979503E+03  1.744138E+03  1.550983E+03  1.387039E+03
  1.244913E+03  1.119640E+03  1.008134E+03  9.080292E+02
  8.175663E+02  7.357699E+02  6.747862E+02  6.097489E+02
  5.419132E+02  4.937215E+02  4.532032E+02  4.201193E+02
  3.942104E+02  3.753519E+02  3.633703E+02  3.583655E+02
  3.581523E+02  3.583553E+02  3.568527E+02  3.536969E+02
  3.489661E+02  3.427960E+02  3.353639E+02  3.268390E+02
  3.173908E+02  3.072259E+02  2.965420E+02  2.854897E+02
  2.742250E+02  2.628783E+02  2.515663E+02  2.041129E+02
  1.950389E+02  1.861542E+02  1.774943E+02  1.691074E+02
  1.610069E+02  1.532112E+02  1.457305E+02  1.385700E+02
  1.317441E+02  1.252228E+02  1.190151E+02  1.131136E+02
  1.089526E+02  1.063806E+02  1.033987E+02  1.009693E+02
  1.003443E+02  1.013325E+02  1.038453E+02  1.078151E+02
  1.131662E+02  1.198136E+02  1.277545E+02  1.369536E+02
  1.473989E+02  1.590480E+02  1.718302E+02  1.857825E+02
  2.008388E+02  2.169448E+02  2.339551E+02  2.516660E+02
  2.700610E+02  2.863535E+02  3.060338E+02  3.293722E+02
  3.506015E+02  3.725640E+02  3.952471E+02  4.143207E+02
  4.263326E+02  4.430650E+02  4.681706E+02  4.941801E+02
  5.210559E+02  5.488324E+02  5.776093E+02  6.074648E+02
  6.383725E+02  6.703477E+02  7.035229E+02  7.348480E+02
  7.706578E+02  8.113907E+02  8.503887E+02  8.911435E+02
  9.339367E+02  9.789895E+02  1.026600E+03  1.077122E+03
  1.124638E+03  1.181871E+03  1.250959E+03  1.318695E+03
  1.393313E+03  1.475834E+03  1.567277E+03  1.669291E+03
  1.783735E+03  1.911288E+03  2.051385E+03  2.199299E+03
  2.359997E+03  2.435496E+03  2.424362E+03  2.323265E+03
  2.169733E+03  2.002203E+03  1.838357E+03  1.684643E+03
  1.542643E+03  1.412599E+03  1.293429E+03  1.173534E+03
  1.072867E+03  9.893712E+02  9.033138E+02  8.236734E+02
  7.499582E+02  6.817455E+02  6.186098E+02  5.608900E+02
  5.093177E+02  4.639112E+02  4.241689E+02  3.900725E+02
  3.615932E+02  3.383349E+02  3.203581E+02  3.075536E+02
  2.998369E+02  2.972939E+02  2.982895E+02  2.996652E+02
  2.997145E+02  2.984358E+02  2.958632E+02  2.920635E+02
  2.871319E+02  2.811855E+02  2.743571E+02  2.667873E+02
  2.586188E+02  2.499957E+02  2.410346E+02  2.318695E+02
  2.226012E+02  2.133220E+02  3.787003E+02  3.902316E+02
  1.913316E+03  2.672759E+03  2.642107E+03  4.265426E+03
  2.472011E+02  2.337376E+02  2.208420E+02  2.085324E+02
  1.968386E+02  1.857693E+02  1.753000E+02  1.653976E+02
  1.560646E+02  1.472961E+02  1.390329E+02  1.312677E+02
  1.239888E+02  1.192407E+02  1.161560E+02  1.124748E+02
  1.099157E+02  1.095776E+02  1.113013E+02  1.149499E+02
  1.203646E+02  1.274359E+02  1.360741E+02  1.462419E+02
  1.578538E+02  1.707836E+02  1.850023E+02  2.003916E+02
  2.154585E+02  2.327674E+02  2.522448E+02  2.709075E+02
  2.901443E+02  3.099495E+02  3.287021E+02  3.498026E+02
  3.734589E+02  3.961599E+02  4.196479E+02  4.439452E+02
  4.691005E+02  4.951947E+02  5.222227E+02  5.501960E+02
  5.792211E+02  6.023236E+02  6.177700E+02  6.408980E+02
  6.735423E+02  7.075823E+02  7.432396E+02  7.806607E+02
  8.200934E+02  8.617965E+02  9.060967E+02  9.415437E+02
  9.659944E+02  1.004072E+03  1.059175E+03  1.119582E+03
  1.186136E+03  1.259773E+03  1.341564E+03  1.432661E+03
  1.534101E+03  1.646255E+03  1.767385E+03  1.890300E+03
  1.986040E+03  2.049269E+03  2.028239E+03  1.938129E+03
  1.812220E+03  1.673527E+03  1.534916E+03  1.402532E+03
  1.279161E+03  1.164908E+03  1.059627E+03  9.627892E+02
  8.736110E+02  7.917368E+02  7.300289E+02  6.645978E+02
  5.955801E+02  5.465558E+02  5.052681E+02  4.715444E+02
  4.452041E+02  4.262304E+02  4.145148E+02  4.102603E+02
  4.109536E+02  4.114290E+02  4.091699E+02  4.042868E+02
  3.969654E+02  3.875023E+02  3.762653E+02  3.636024E+02
  3.498472E+02  3.353641E+02  3.204775E+02  3.054203E+02
  2.904126E+02  2.756222E+02  2.611855E+02  2.105916E+02
  1.994236E+02  1.886785E+02  1.783797E+02  1.685637E+02
  1.592264E+02  1.503695E+02  1.419868E+02  1.340670E+02
  1.266103E+02  1.195698E+02  1.129424E+02  1.067086E+02
  1.023520E+02  9.965651E+01  9.644767E+01  9.365641E+01
  9.256469E+01  9.297633E+01  9.479033E+01  9.792789E+01
  1.023062E+02  1.078360E+02  1.145056E+02  1.222744E+02
  1.311248E+02  1.410157E+02  1.518816E+02  1.637527E+02
  1.765715E+02  1.902921E+02  2.047706E+02  2.198019E+02
  2.353609E+02  2.490979E+02  2.656469E+02  2.851821E+02
  3.028888E+02  3.211384E+02  3.399098E+02  3.556328E+02
  3.655091E+02  3.792415E+02  3.997589E+02  4.209150E+02
  4.426660E+02  4.650337E+02  4.880850E+02  5.118604E+02
  5.363200E+02  5.614635E+02  5.873742E+02  6.116606E+02
  6.392248E+02  6.702733E+02  6.997254E+02  7.302405E+02
  7.620261E+02  7.952096E+02  8.299484E+02  8.664364E+02
  9.003722E+02  9.408498E+02  9.889130E+02  1.035133E+03
  1.084594E+03  1.137225E+03  1.192849E+03  1.251416E+03
  1.312616E+03  1.375124E+03  1.437155E+03  1.496057E+03
  1.555770E+03  1.590405E+03  1.603882E+03  1.600814E+03
  1.578809E+03  1.541104E+03  1.490113E+03  1.428476E+03
  1.358836E+03  1.284563E+03  1.207997E+03  1.123272E+03
  1.046137E+03  9.789846E+02  9.065807E+02  8.370210E+02
  7.706311E+02  7.075574E+02  6.478886E+02  5.925254E+02
  5.426568E+02  4.985041E+02  4.596493E+02  4.261902E+02
  3.982268E+02  3.754295E+02  3.579718E+02  3.458359E+02
  3.390101E+02  3.376706E+02  3.399697E+02  3.422268E+02
  3.424179E+02  3.405355E+02  3.366513E+02  3.309080E+02
  3.235060E+02  3.146850E+02  3.047051E+02  2.938294E+02
  2.823099E+02  2.703844E+02  2.582368E+02  2.460595E+02
  2.339876E+02  2.221345E+02  4.285813E+02  4.465688E+02
  1.479381E+03  2.321778E+03  2.659760E+03  2.103673E+03
  1.765445E+02  1.661854E+02  1.564586E+02  1.473279E+02
  1.387756E+02  1.307757E+02  1.232848E+02  1.162589E+02
  1.096837E+02  1.035425E+02  9.778340E+01  9.239312E+01
  8.735684E+01  8.407897E+01  8.195536E+01  7.944335E+01
  7.774713E+01  7.762762E+01  7.897708E+01  8.170313E+01
  8.569615E+01  9.087943E+01  9.719028E+01  1.046000E+02
  1.130435E+02  1.224242E+02  1.327121E+02  1.438104E+02
  1.546360E+02  1.670309E+02  1.809779E+02  1.943611E+02
  2.081835E+02  2.224400E+02  2.359501E+02  2.511438E+02
  2.681768E+02  2.845114E+02  3.014015E+02  3.188589E+02
  3.369164E+02  3.556247E+02  3.749746E+02  3.949718E+02
  4.156806E+02  4.321444E+02  4.431303E+02  4.595348E+02
  4.826490E+02  5.066575E+02  5.316471E+02  5.575837E+02
  5.845233E+02  6.125268E+02  6.416474E+02  6.645070E+02
  6.799584E+02  7.034717E+02  7.368945E+02  7.729747E+02
  8.121386E+02  8.548075E+02  9.014899E+02  9.528067E+02
  1.009527E+03  1.072615E+03  1.143304E+03  1.223198E+03
  1.303225E+03  1.406829E+03  1.543460E+03  1.692512E+03
  1.881349E+03  2.138667E+03  2.540955E+03  3.417147E+03
  3.088949E+03  2.284230E+03  1.855133E+03  1.559871E+03
  1.334127E+03  1.152312E+03  1.026901E+03  8.986585E+02
  7.713656E+02  6.828052E+02  6.088264E+02  5.478052E+02
  4.983573E+02  4.593927E+02  4.299545E+02  4.094551E+02
  3.947265E+02  3.807126E+02  3.654748E+02  3.494667E+02
  3.329930E+02  3.163949E+02  2.999547E+02  2.838323E+02
  2.681409E+02  2.530169E+02  2.385493E+02  2.247536E+02
  2.116566E+02  1.992605E+02  1.875619E+02  1.514764E+02
  1.426937E+02  1.344271E+02  1.266506E+02  1.193560E+02
  1.125105E+02  1.060920E+02  1.000765E+02  9.444056E+01
  8.917138E+01  8.422574E+01  7.959336E+01  7.525403E+01
  7.223038E+01  7.036450E+01  6.815709E+01  6.626767E+01
  6.558663E+01  6.597865E+01  6.737546E+01  6.972430E+01
  7.296899E+01  7.704850E+01  8.195574E+01  8.766308E+01
  9.415825E+01  1.014104E+02  1.093708E+02  1.180580E+02
  1.274260E+02  1.374361E+02  1.479897E+02  1.589526E+02
  1.703108E+02  1.803470E+02  1.924411E+02  2.067404E+02
  2.197080E+02  2.330833E+02  2.468542E+02  2.583996E+02
  2.656542E+02  2.757379E+02  2.908212E+02  3.063874E+02
  3.224066E+02  3.388906E+02  3.558889E+02  3.734379E+02
  3.915107E+02  4.101019E+02  4.292735E+02  4.472662E+02
  4.676942E+02  4.907565E+02  5.126430E+02  5.352902E+02
  5.587875E+02  5.831853E+02  6.085656E+02  6.350128E+02
  6.594142E+02  6.880943E+02  7.217458E+02  7.536757E+02
  7.878357E+02  8.245100E+02  8.638567E+02  9.062508E+02
  9.521381E+02  1.001732E+03  1.055341E+03  1.113506E+03
  1.189222E+03  1.258401E+03  1.318040E+03  1.396728E+03
  1.482167E+03  1.576027E+03  1.679335E+03  1.791350E+03
  1.905623E+03  2.004972E+03  2.053260E+03  2.001449E+03
  1.861080E+03  1.703512E+03  1.523963E+03  1.356011E+03
  1.204324E+03  1.068850E+03  9.480547E+02  8.412724E+02
  7.482514E+02  6.676986E+02  5.978506E+02  5.379723E+02
  4.873997E+02  4.450583E+02  4.105940E+02  3.834061E+02
  3.629745E+02  3.489641E+02  3.390328E+02  3.294196E+02
  3.184591E+02  3.064756E+02  2.937773E+02  2.806427E+02
  2.673133E+02  2.539908E+02  2.408382E+02  2.279823E+02
  2.155187E+02  2.035230E+02  1.920223E+02  1.810635E+02
  1.706527E+02  1.607916E+02  3.457358E+02  3.782644E+02
  9.649960E+02  1.240186E+03  1.406453E+03  1.366266E+03
  1.280383E+02  1.186810E+02  1.101363E+02  1.023191E+02
  9.516945E+01  8.862775E+01  8.262692E+01  7.710561E+01
  7.203053E+01  6.736947E+01  6.306689E+01  5.909923E+01
  5.544359E+01  5.309083E+01  5.155957E+01  4.967517E+01
  4.824921E+01  4.781700E+01  4.829897E+01  4.962444E+01
  5.171593E+01  5.451890E+01  5.798698E+01  6.209794E+01
  6.680999E+01  7.206500E+01  7.784534E+01  8.409704E+01
  9.020856E+01  9.721086E+01  1.050490E+02  1.125145E+02
  1.201651E+02  1.279985E+02  1.353793E+02  1.436450E+02
  1.528613E+02  1.616555E+02  1.707023E+02  1.800041E+02
  1.895728E+02  1.994311E+02  2.095681E+02  2.199790E+02
  2.306920E+02  2.391543E+02  2.447781E+02  2.531449E+02
  2.648508E+02  2.769184E+02  2.893929E+02  3.022723E+02
  3.155850E+02  3.293548E+02  3.436075E+02  3.547351E+02
  3.622456E+02  3.736641E+02  3.897258E+02  4.067693E+02
  4.248928E+02  4.441738E+02  4.646927E+02  4.865311E+02
  5.097692E+02  5.344815E+02  5.607300E+02  5.885545E+02
  6.144885E+02  6.452433E+02  6.813259E+02  7.158840E+02
  7.535032E+02  7.949427E+02  8.412863E+02  8.939362E+02
  9.549701E+02  1.027439E+03  1.116088E+03  1.229603E+03
  1.384860E+03  1.620939E+03  1.958055E+03  2.703397E+03
  1.625599E+03  1.253701E+03  1.017834E+03  8.501453E+02
  7.248697E+02  6.291951E+02  5.558364E+02  5.002440E+02
  4.562806E+02  4.174695E+02  3.816340E+02  3.489125E+02
  3.190742E+02  2.920020E+02  2.675223E+02  2.453523E+02
  2.252346E+02  2.070096E+02  1.905098E+02  1.755316E+02
  1.619275E+02  1.495559E+02  1.382966E+02  1.114710E+02
  1.033050E+02  9.584374E+01  8.901493E+01  8.277022E+01
  7.704701E+01  7.179761E+01  6.697794E+01  6.254829E+01
  5.848077E+01  5.472688E+01  5.126615E+01  4.807238E+01
  4.587421E+01  4.451799E+01  4.286765E+01  4.136123E+01
  4.062936E+01  4.057653E+01  4.114899E+01  4.230421E+01
  4.399977E+01  4.619155E+01  4.886979E+01  5.201273E+01
  5.560891E+01  5.963783E+01  6.406867E+01  6.891036E+01
  7.413558E+01  7.972179E+01  8.560379E+01  9.169213E+01
  9.797424E+01  1.035043E+02  1.101468E+02  1.179592E+02
  1.250150E+02  1.322617E+02  1.396889E+02  1.458894E+02
  1.497746E+02  1.551637E+02  1.631892E+02  1.714308E+02
  1.798688E+02  1.885077E+02  1.973698E+02  2.064671E+02
  2.157806E+02  2.253047E+02  2.350657E+02  2.441672E+02
  2.544360E+02  2.659349E+02  2.767648E+02  2.878934E+02
  2.993652E+02  3.111973E+02  3.234165E+02  3.360515E+02
  3.476149E+02  3.611114E+02  3.767746E+02  3.914575E+02
  4.069006E+02  4.231339E+02  4.401400E+02  4.579814E+02
  4.767243E+02  4.963042E+02  5.166864E+02  5.378939E+02
  5.641150E+02  5.867759E+02  6.054060E+02  6.288998E+02
  6.532920E+02  6.790152E+02  7.063989E+02  7.357681E+02
  7.673770E+02  8.017360E+02  8.394761E+02  8.858628E+02
  9.329268E+02  9.810370E+02  1.041221E+03  1.109923E+03
  1.187328E+03  1.268863E+03  1.338236E+03  1.361634E+03
  1.307311E+03  1.187393E+03  1.044513E+03  9.092591E+02
  7.920643E+02  6.932953E+02  6.119657E+02  5.458043E+02
  4.927509E+02  4.510888E+02  4.168665E+02  3.853552E+02
  3.550046E+02  3.263569E+02  2.996732E+02  2.750356E+02
  2.524177E+02  2.317316E+02  2.128573E+02  1.956605E+02
  1.800041E+02  1.657623E+02  1.527860E+02  1.409785E+02
  1.302217E+02  1.204155E+02  3.124048E+02  3.651342E+02
  4.940165E+02  6.133677E+02  6.661316E+02  6.362804E+02
  1.211980E+02  1.110901E+02  1.020011E+02  9.380582E+01
  8.641271E+01  7.973578E+01  7.368625E+01  6.818546E+01
  6.318597E+01  5.864355E+01  5.449350E+01  5.070417E+01
  4.724577E+01  4.503710E+01  4.359478E+01  4.177106E+01
  4.029290E+01  3.965603E+01  3.978445E+01  4.060901E+01
  4.205789E+01  4.408034E+01  4.663214E+01  4.969169E+01
  5.322340E+01  5.718062E+01  6.155009E+01  6.629210E+01
  7.094189E+01  7.627683E+01  8.221805E+01  8.783366E+01
  9.354212E+01  9.934288E+01  1.047770E+02  1.108391E+02
  1.175637E+02  1.239511E+02  1.304915E+02  1.371850E+02
  1.440372E+02  1.510629E+02  1.582517E+02  1.655960E+02
  1.731147E+02  1.790216E+02  1.829356E+02  1.887444E+02
  1.968254E+02  2.051118E+02  2.136437E+02  2.224424E+02
  2.315372E+02  2.409483E+02  2.507033E+02  2.583179E+02
  2.634742E+02  2.713442E+02  2.823481E+02  2.938799E+02
  3.059564E+02  3.185802E+02  3.317453E+02  3.454337E+02
  3.596115E+02  3.742241E+02  3.891908E+02  4.043974E+02
  4.179321E+02  4.331313E+02  4.498201E+02  4.650178E+02
  4.810107E+02  4.980318E+02  5.163407E+02  5.362158E+02
  5.581069E+02  5.824679E+02  6.098986E+02  6.414208E+02
  6.783288E+02  7.222767E+02  7.653373E+02  8.346722E+02
  9.478042E+02  1.096495E+03  1.355854E+03  2.053942E+03
  1.463802E+03  1.064685E+03  8.495916E+02  7.100055E+02
  6.098071E+02  5.308493E+02  4.657086E+02  4.112697E+02
  3.650263E+02  3.254332E+02  2.913171E+02  2.616567E+02
  2.356750E+02  2.128542E+02  1.927524E+02  1.749482E+02
  1.591346E+02  1.450452E+02  1.324625E+02  1.068763E+02
  9.786222E+01  8.976327E+01  8.246724E+01  7.589430E+01
  6.995494E+01  6.458000E+01  5.970773E+01  5.528393E+01
  5.126864E+01  4.760380E+01  4.426080E+01  4.120686E+01
  3.912274E+01  3.783701E+01  3.624196E+01  3.472557E+01
  3.387495E+01  3.360152E+01  3.385162E+01  3.458219E+01
  3.575199E+01  3.731936E+01  3.927213E+01  4.158864E+01
  4.425657E+01  4.725800E+01  5.056708E+01  5.418964E+01
  5.810431E+01  6.229397E+01  6.670135E+01  7.124692E+01
  7.591752E+01  8.001329E+01  8.491736E+01  9.065376E+01
  9.581372E+01  1.010910E+02  1.064754E+02  1.109515E+02
  1.137486E+02  1.176218E+02  1.233641E+02  1.292334E+02
  1.352130E+02  1.413065E+02  1.475276E+02  1.538806E+02
  1.603495E+02  1.669303E+02  1.736390E+02  1.798587E+02
  1.868405E+02  1.946024E+02  2.018695E+02  2.093025E+02
  2.169405E+02  2.247966E+02  2.328865E+02  2.412300E+02
  2.488436E+02  2.577315E+02  2.680071E+02  2.775995E+02
  2.875718E+02  2.978830E+02  3.084840E+02  3.193755E+02
  3.305528E+02  3.419154E+02  3.533929E+02  3.649380E+02
  3.786008E+02  3.898278E+02  3.986357E+02  4.092499E+02
  4.198726E+02  4.307683E+02  4.420570E+02  4.538191E+02
  4.660640E+02  4.789498E+02  4.926320E+02  5.088307E+02
  5.244711E+02  5.399655E+02  5.585559E+02  5.790287E+02
  6.017498E+02  6.269243E+02  6.549893E+02  6.874588E+02
  7.269818E+02  7.761933E+02  8.372041E+02  9.103936E+02
  9.878755E+02  1.033665E+03  9.955846E+02  8.895310E+02
  7.739774E+02  6.753827E+02  5.937009E+02  5.231092E+02
  4.614229E+02  4.081752E+02  3.622767E+02  3.226108E+02
  2.881970E+02  2.582151E+02  2.319892E+02  2.089628E+02
  1.886762E+02  1.707576E+02  1.548599E+02  1.407409E+02
  1.281618E+02  1.169282E+02  3.410467E+02  4.166529E+02
  3.518993E+02  4.297590E+02  4.562359E+02  4.307961E+02
  1.557610E+02  1.411974E+02  1.282825E+02  1.167881E+02
  1.065454E+02  9.740214E+01  8.920948E+01  8.183884E+01
  7.520806E+01  6.924245E+01  6.384361E+01  5.895905E+01
  5.454042E+01  5.173903E+01  4.990458E+01  4.753082E+01
  4.550114E+01  4.443680E+01  4.424015E+01  4.482049E+01
  4.608780E+01  4.797821E+01  5.043480E+01  5.342912E+01
  5.691981E+01  6.085605E+01  6.522406E+01  6.998484E+01
  7.467008E+01  8.005332E+01  8.600675E+01  9.157638E+01
  9.717631E+01  1.028079E+02  1.080413E+02  1.138471E+02
  1.202401E+02  1.262723E+02  1.324073E+02  1.386428E+02
  1.449801E+02  1.514314E+02  1.579833E+02  1.646238E+02
  1.713684E+02  1.766232E+02  1.800887E+02  1.852121E+02
  1.922765E+02  1.994590E+02  2.068055E+02  2.143620E+02
  2.221640E+02  2.302313E+02  2.385965E+02  2.451134E+02
  2.495405E+02  2.563235E+02  2.657055E+02  2.753384E+02
  2.851763E+02  2.951652E+02  3.052355E+02  3.152988E+02
  3.252461E+02  3.349450E+02  3.442386E+02  3.529450E+02
  3.600014E+02  3.670289E+02  3.735921E+02  3.788987E+02
  3.841822E+02  3.895640E+02  3.951096E+02  4.008722E+02
  4.070238E+02  4.136177E+02  4.207617E+02  4.287222E+02
  4.377169E+02  4.479696E+02  4.576252E+02  4.746412E+02
  5.002452E+02  5.311022E+02  5.732598E+02  6.314350E+02
  7.135775E+02  8.355546E+02  1.034391E+03  1.459796E+03
  1.600155E+03  1.069452E+03  8.362015E+02  6.884273E+02
  5.817005E+02  4.996462E+02  4.341652E+02  3.804253E+02
  3.354293E+02  2.973263E+02  2.647669E+02  2.366639E+02
  2.122568E+02  1.909380E+02  1.722351E+02  1.391470E+02
  1.259200E+02  1.142095E+02  1.038049E+02  9.455326E+01
  8.629659E+01  7.891259E+01  7.229467E+01  6.635099E+01
  6.101235E+01  5.618858E+01  5.183111E+01  4.788771E+01
  4.521795E+01  4.357160E+01  4.149550E+01  3.945669E+01
  3.819491E+01  3.759908E+01  3.759752E+01  3.813214E+01
  3.914909E+01  4.059529E+01  4.245192E+01  4.469022E+01
  4.729273E+01  5.023808E+01  5.349683E+01  5.707331E+01
  6.094486E+01  6.509393E+01  6.945260E+01  7.392592E+01
  7.849601E+01  8.248260E+01  8.723495E+01  9.275202E+01
  9.768659E+01  1.027035E+02  1.077894E+02  1.119920E+02
  1.146081E+02  1.182212E+02  1.235440E+02  1.289473E+02
  1.344127E+02  1.399439E+02  1.455510E+02  1.512326E+02
  1.569711E+02  1.627631E+02  1.686200E+02  1.740027E+02
  1.799977E+02  1.865886E+02  1.927026E+02  1.989103E+02
  2.052566E+02  2.117542E+02  2.184131E+02  2.252500E+02
  2.314576E+02  2.387014E+02  2.470203E+02  2.547292E+02
  2.625937E+02  2.705113E+02  2.784039E+02  2.862332E+02
  2.939519E+02  3.014293E+02  3.085764E+02  3.153129E+02
  3.225965E+02  3.279309E+02  3.316408E+02  3.355694E+02
  3.391190E+02  3.425312E+02  3.458687E+02  3.491451E+02
  3.523114E+02  3.554518E+02  3.586126E+02  3.621815E+02
  3.652594E+02  3.683494E+02  3.718459E+02  3.755552E+02
  3.795516E+02  3.838075E+02  3.884321E+02  3.941917E+02
  4.023719E+02  4.140301E+02  4.300847E+02  4.518946E+02
  4.814663E+02  5.211593E+02  5.746409E+02  6.473432E+02
  7.469401E+02  8.835034E+02  1.035392E+03  1.036163E+03
  8.779022E+02  7.281672E+02  6.123170E+02  5.222904E+02
  4.505564E+02  3.921023E+02  3.436209E+02  3.028556E+02
  2.682073E+02  2.385199E+02  2.128637E+02  1.905979E+02
  1.711652E+02  1.541312E+02  5.114572E+02  6.656612E+02
  3.221223E+02  3.813371E+02  3.932888E+02  3.685674E+02
