  n_t
           8
  tt  tpl   pf1 - pf12
  3.500000E+03  1.635100E+03  2.042280E+04  1.926230E+04  1.767050E+04  1.949000E+04  1.771400E+04  4.428500E+03
  8.785000E+02 -2.528000E+02  4.500000E+01 -9.750000E+01  6.252800E+03
  7.500000E+03  2.500000E+03  1.857000E+04  1.818820E+04  1.344610E+04  1.896660E+04  1.511730E+04  5.183400E+03
  8.522000E+02 -8.500000E+02 -1.855000E+02 -1.000000E+03  8.000000E+03
  1.200000E+04  3.500000E+03  1.702700E+04  1.781720E+04  9.297500E+03  1.583990E+04  1.532960E+04  4.198200E+03
  6.020000E+02 -1.100000E+03 -5.805000E+02 -2.225400E+03  1.032340E+04
  1.800000E+04  5.400000E+03  1.624900E+04  1.553000E+04  5.333000E+03  1.548600E+04  1.510700E+04  5.860100E+03
 -4.823400E+02 -1.436700E+03 -1.189500E+03 -2.664300E+03  1.109300E+04
  2.500000E+04  7.500000E+03  1.585800E+04  1.024800E+04  1.246800E+03  1.213800E+04  1.307600E+04  6.569600E+03
 -1.315300E+03 -1.938800E+03 -1.909700E+03 -3.659800E+03  1.281000E+04
  3.000000E+04  7.500000E+03  1.702500E+04  8.499500E+03  2.041700E+03  1.045200E+04  1.254700E+04  6.887000E+03
 -1.532400E+03 -2.121500E+03 -2.199400E+03 -4.003300E+03  1.366700E+04
  1.000000E+05  7.500000E+03  1.335500E+04  6.419400E+03  1.648300E+03  6.989700E+03  1.159100E+04  7.633200E+03
 -1.861900E+03 -2.125200E+03 -1.808900E+03 -5.102500E+03  1.484200E+04
  2.000000E+05  7.500000E+03  1.335500E+04  6.419400E+03  1.648300E+03  6.989700E+03  1.159100E+04  7.633200E+03
 -1.861900E+03 -2.125200E+03 -1.808900E+03 -5.102500E+03  1.484200E+04
    
