 ncam npf
 232 11
  pf_ves mutuals...
  3.1125E+01  7.6281E+01  2.9964E+02  5.7397E+01
  2.4157E+01  5.6902E+01  1.4743E+02  1.9331E+02
  1.9772E+02  1.2642E+02  5.3034E+01
  3.4406E+01  8.4988E+01  2.9500E+02  5.1539E+01
  2.2004E+01  6.1265E+01  1.5436E+02  1.9635E+02
  1.9477E+02  1.2075E+02  4.9575E+01
  3.8102E+01  9.4536E+01  2.8784E+02  4.6331E+01
  2.0081E+01  6.6052E+01  1.6158E+02  1.9919E+02
  1.9163E+02  1.1533E+02  4.6393E+01
  4.2271E+01  1.0487E+02  2.7824E+02  4.1705E+01
  1.8360E+01  7.1319E+01  1.6909E+02  2.0182E+02
  1.8833E+02  1.1016E+02  4.3461E+01
  4.6966E+01  1.1584E+02  2.6638E+02  3.7602E+01
  1.6818E+01  7.7113E+01  1.7687E+02  2.0422E+02
  1.8489E+02  1.0524E+02  4.0760E+01
  5.2246E+01  1.2716E+02  2.5252E+02  3.3967E+01
  1.5437E+01  8.3493E+01  1.8490E+02  2.0637E+02
  1.8132E+02  1.0055E+02  3.8270E+01
  5.8185E+01  1.3846E+02  2.3703E+02  3.0738E+01
  1.4194E+01  9.0539E+01  1.9317E+02  2.0825E+02
  1.7764E+02  9.6088E+01  3.5969E+01
  6.4863E+01  1.4923E+02  2.2035E+02  2.7863E+01
  1.3072E+01  9.8350E+01  2.0169E+02  2.0986E+02
  1.7387E+02  9.1832E+01  3.3835E+01
  7.2328E+01  1.5884E+02  2.0306E+02  2.5305E+01
  1.2059E+01  1.0701E+02  2.1040E+02  2.1118E+02
  1.7002E+02  8.7783E+01  3.1860E+01
  8.0608E+01  1.6664E+02  1.8577E+02  2.3030E+01
  1.1145E+01  1.1661E+02  2.1926E+02  2.1219E+02
  1.6613E+02  8.3939E+01  3.0031E+01
  8.9754E+01  1.7211E+02  1.6890E+02  2.0997E+01
  1.0316E+01  1.2731E+02  2.2824E+02  2.1290E+02
  1.6219E+02  8.0275E+01  2.8331E+01
  9.9721E+01  1.7484E+02  1.5288E+02  1.9179E+01
  9.5635E+00  1.3925E+02  2.3729E+02  2.1329E+02
  1.5823E+02  7.6791E+01  2.6751E+01
  1.1038E+02  1.7463E+02  1.3798E+02  1.7555E+01
  8.8808E+00  1.5258E+02  2.4632E+02  2.1337E+02
  1.5426E+02  7.3485E+01  2.5285E+01
  1.1804E+02  1.7278E+02  1.2843E+02  1.6536E+01
  8.4470E+00  1.6266E+02  2.5249E+02  2.1323E+02
  1.5153E+02  7.1304E+01  2.4335E+01
  1.2364E+02  1.7040E+02  1.2191E+02  1.5866E+01
  8.1634E+00  1.7078E+02  2.5753E+02  2.1354E+02
  1.4989E+02  6.9916E+01  2.3721E+01
  1.3225E+02  1.6441E+02  1.1238E+02  1.4974E+01
  7.8006E+00  1.8624E+02  2.6852E+02  2.1625E+02
  1.4882E+02  6.8437E+01  2.2996E+01
  1.4110E+02  1.5451E+02  1.0254E+02  1.4165E+01
  7.4988E+00  2.0934E+02  2.8692E+02  2.2316E+02
  1.4997E+02  6.7793E+01  2.2510E+01
  1.4673E+02  1.4329E+02  9.4843E+01  1.3666E+01
  7.3551E+00  2.3725E+02  3.1174E+02  2.3457E+02
  1.5409E+02  6.8510E+01  2.2484E+01
  1.4856E+02  1.3226E+02  8.9155E+01  1.3441E+01
  7.3547E+00  2.6942E+02  3.4352E+02  2.5061E+02
  1.6113E+02  7.0525E+01  2.2887E+01
  1.4687E+02  1.2233E+02  8.5207E+01  1.3458E+01
  7.4839E+00  3.0461E+02  3.8285E+02  2.7146E+02
  1.7109E+02  7.3789E+01  2.3692E+01
  1.4259E+02  1.1392E+02  8.2724E+01  1.3683E+01
  7.7287E+00  3.4037E+02  4.2997E+02  2.9710E+02
  1.8387E+02  7.8224E+01  2.4868E+01
  1.3677E+02  1.0707E+02  8.1478E+01  1.4094E+01
  8.0792E+00  3.7325E+02  4.8486E+02  3.2748E+02
  1.9937E+02  8.3778E+01  2.6393E+01
  1.3029E+02  1.0161E+02  8.1238E+01  1.4669E+01
  8.5265E+00  3.9993E+02  5.4751E+02  3.6263E+02
  2.1756E+02  9.0407E+01  2.8246E+01
  1.2377E+02  9.7359E+01  8.1860E+01  1.5398E+01
  9.0662E+00  4.1766E+02  6.1729E+02  4.0244E+02
  2.3840E+02  9.8087E+01  3.0419E+01
  1.1759E+02  9.4108E+01  8.3202E+01  1.6266E+01
  9.6913E+00  4.2546E+02  6.9273E+02  4.4656E+02
  2.6173E+02  1.0675E+02  3.2891E+01
  1.1193E+02  9.1666E+01  8.5137E+01  1.7256E+01
  1.0393E+01  4.2427E+02  7.7122E+02  4.9434E+02
  2.8727E+02  1.1630E+02  3.5631E+01
  1.0681E+02  8.9874E+01  8.7594E+01  1.8365E+01
  1.1169E+01  4.1601E+02  8.4929E+02  5.4522E+02
  3.1486E+02  1.2669E+02  3.8626E+01
  1.0223E+02  8.8599E+01  9.0493E+01  1.9580E+01
  1.2011E+01  4.0292E+02  9.2182E+02  5.9810E+02
  3.4410E+02  1.3778E+02  4.1845E+01
  9.8439E+01  8.7771E+01  9.3477E+01  2.0780E+01
  1.2836E+01  3.8837E+02  9.7889E+02  6.4744E+02
  3.7209E+02  1.4849E+02  4.4971E+01
  9.4651E+01  8.7056E+01  9.6922E+01  2.2159E+01
  1.3782E+01  3.7149E+02  1.0282E+03  7.0157E+02
  4.0365E+02  1.6065E+02  4.8535E+01
  9.0782E+01  8.6093E+01  1.0041E+02  2.3665E+01
  1.4833E+01  3.5435E+02  1.0722E+03  7.6255E+02
  4.3950E+02  1.7438E+02  5.2538E+01
  8.7368E+01  8.4964E+01  1.0329E+02  2.5052E+01
  1.5823E+01  3.3984E+02  1.1057E+03  8.2221E+02
  4.7460E+02  1.8768E+02  5.6378E+01
  8.4114E+01  8.3646E+01  1.0582E+02  2.6424E+01
  1.6826E+01  3.2648E+02  1.1320E+03  8.8522E+02
  5.1165E+02  2.0154E+02  6.0344E+01
  8.1025E+01  8.2213E+01  1.0807E+02  2.7784E+01
  1.7844E+01  3.1400E+02  1.1495E+03  9.5117E+02
  5.5063E+02  2.1595E+02  6.4433E+01
  7.8336E+01  8.0865E+01  1.0998E+02  2.9032E+01
  1.8794E+01  3.0303E+02  1.1562E+03  1.0135E+03
  5.8804E+02  2.2969E+02  6.8303E+01
  7.5567E+01  7.9424E+01  1.1196E+02  3.0406E+01
  1.9853E+01  2.9142E+02  1.1521E+03  1.0816E+03
  6.3029E+02  2.4514E+02  7.2645E+01
  7.2725E+01  7.7863E+01  1.1397E+02  3.1903E+01
  2.1025E+01  2.7934E+02  1.1374E+03  1.1554E+03
  6.7801E+02  2.6251E+02  7.7500E+01
  7.0227E+01  7.6432E+01  1.1573E+02  3.3301E+01
  2.2135E+01  2.6857E+02  1.1157E+03  1.2223E+03
  7.2395E+02  2.7917E+02  8.2141E+01
  6.7841E+01  7.5007E+01  1.1739E+02  3.4710E+01
  2.3270E+01  2.5819E+02  1.0883E+03  1.2868E+03
  7.7159E+02  2.9641E+02  8.6924E+01
  6.5558E+01  7.3588E+01  1.1894E+02  3.6128E+01
  2.4429E+01  2.4820E+02  1.0569E+03  1.3473E+03
  8.2090E+02  3.1423E+02  9.1849E+01
  6.3364E+01  7.2171E+01  1.2038E+02  3.7555E+01
  2.5613E+01  2.3859E+02  1.0230E+03  1.4024E+03
  8.7193E+02  3.3265E+02  9.6923E+01
  6.1250E+01  7.0755E+01  1.2172E+02  3.8993E+01
  2.6823E+01  2.2931E+02  9.8735E+02  1.4503E+03
  9.2464E+02  3.5171E+02  1.0215E+02
  5.9212E+01  6.9340E+01  1.2296E+02  4.0439E+01
  2.8060E+01  2.2037E+02  9.5100E+02  1.4895E+03
  9.7887E+02  3.7139E+02  1.0754E+02
  5.7244E+01  6.7925E+01  1.2408E+02  4.1889E+01
  2.9319E+01  2.1177E+02  9.1460E+02  1.5187E+03
  1.0345E+03  3.9168E+02  1.1307E+02
  5.5338E+01  6.6510E+01  1.2510E+02  4.3347E+01
  3.0606E+01  2.0347E+02  8.7840E+02  1.5368E+03
  1.0913E+03  4.1261E+02  1.1876E+02
  5.3908E+01  6.5413E+01  1.2580E+02  4.4471E+01
  3.1614E+01  1.9728E+02  8.5100E+02  1.5435E+03
  1.1360E+03  4.2922E+02  1.2326E+02
  5.2993E+01  6.4700E+01  1.2623E+02  4.5207E+01
  3.2281E+01  1.9333E+02  8.3327E+02  1.5439E+03
  1.1653E+03  4.4025E+02  1.2625E+02
  5.1682E+01  6.3664E+01  1.2682E+02  4.6290E+01
  3.3269E+01  1.8765E+02  8.0757E+02  1.5390E+03
  1.2080E+03  4.5662E+02  1.3068E+02
  4.9934E+01  6.2242E+01  1.2753E+02  4.7767E+01
  3.4641E+01  1.8016E+02  7.7343E+02  1.5237E+03
  1.2666E+03  4.7959E+02  1.3689E+02
  4.8233E+01  6.0822E+01  1.2813E+02  4.9253E+01
  3.6042E+01  1.7290E+02  7.4013E+02  1.4987E+03
  1.3246E+03  5.0321E+02  1.4327E+02
  4.6574E+01  5.9411E+01  1.2868E+02  5.0759E+01
  3.7481E+01  1.6583E+02  7.0748E+02  1.4643E+03
  1.3802E+03  5.2742E+02  1.4982E+02
  4.4964E+01  5.8030E+01  1.2923E+02  5.2299E+01
  3.8957E+01  1.5893E+02  6.7531E+02  1.4209E+03
  1.4307E+03  5.5187E+02  1.5650E+02
  4.3400E+01  5.6680E+01  1.2979E+02  5.3880E+01
  4.0475E+01  1.5220E+02  6.4368E+02  1.3702E+03
  1.4737E+03  5.7638E+02  1.6329E+02
  4.1879E+01  5.5354E+01  1.3036E+02  5.5506E+01
  4.2037E+01  1.4563E+02  6.1274E+02  1.3145E+03
  1.5071E+03  6.0080E+02  1.7018E+02
  4.0396E+01  5.4052E+01  1.3094E+02  5.7183E+01
  4.3644E+01  1.3923E+02  5.8255E+02  1.2552E+03
  1.5287E+03  6.2488E+02  1.7715E+02
  3.9297E+01  5.3072E+01  1.3137E+02  5.8480E+01
  4.4891E+01  1.3451E+02  5.6035E+02  1.2096E+03
  1.5371E+03  6.4290E+02  1.8249E+02
  3.8584E+01  5.2436E+01  1.3167E+02  5.9359E+01
  4.5731E+01  1.3145E+02  5.4590E+02  1.1788E+03
  1.5376E+03  6.5446E+02  1.8601E+02
  3.7541E+01  5.1503E+01  1.3215E+02  6.0702E+01
  4.7004E+01  1.2695E+02  5.2474E+02  1.1325E+03
  1.5309E+03  6.7102E+02  1.9124E+02
  3.6141E+01  5.0202E+01  1.3264E+02  6.2532E+01
  4.8774E+01  1.2106E+02  4.9731E+02  1.0723E+03
  1.5144E+03  6.9359E+02  1.9850E+02
  3.4735E+01  4.8826E+01  1.3286E+02  6.4367E+01
  5.0616E+01  1.1531E+02  4.7113E+02  1.0152E+03
  1.4920E+03  7.1715E+02  2.0617E+02
  3.3327E+01  4.7377E+01  1.3278E+02  6.6194E+01
  5.2533E+01  1.0974E+02  4.4617E+02  9.6124E+02
  1.4644E+03  7.4190E+02  2.1432E+02
  3.1922E+01  4.5865E+01  1.3239E+02  6.7998E+01
  5.4524E+01  1.0433E+02  4.2239E+02  9.1018E+02
  1.4322E+03  7.6792E+02  2.2296E+02
  3.0527E+01  4.4301E+01  1.3167E+02  6.9763E+01
  5.6588E+01  9.9106E+01  3.9973E+02  8.6184E+02
  1.3960E+03  7.9525E+02  2.3216E+02
  2.9146E+01  4.2694E+01  1.3062E+02  7.1471E+01
  5.8722E+01  9.4058E+01  3.7816E+02  8.1605E+02
  1.3563E+03  8.2395E+02  2.4196E+02
  2.7787E+01  4.1055E+01  1.2923E+02  7.3103E+01
  6.0923E+01  8.9194E+01  3.5763E+02  7.7265E+02
  1.3138E+03  8.5407E+02  2.5240E+02
  2.6451E+01  3.9395E+01  1.2751E+02  7.4637E+01
  6.3184E+01  8.4513E+01  3.3810E+02  7.3149E+02
  1.2692E+03  8.8562E+02  2.6354E+02
  2.5145E+01  3.7722E+01  1.2546E+02  7.6050E+01
  6.5499E+01  8.0016E+01  3.1952E+02  6.9245E+02
  1.2230E+03  9.1861E+02  2.7545E+02
  2.3870E+01  3.6047E+01  1.2309E+02  7.7316E+01
  6.7856E+01  7.5702E+01  3.0187E+02  6.5540E+02
  1.1759E+03  9.5300E+02  2.8820E+02
  2.2772E+01  3.4571E+01  1.2073E+02  7.8296E+01
  6.9967E+01  7.2036E+01  2.8698E+02  6.2419E+02
  1.1337E+03  9.8447E+02  3.0023E+02
  2.1566E+01  3.2916E+01  1.1779E+02  7.9219E+01
  7.2369E+01  6.8062E+01  2.7094E+02  5.9060E+02
  1.0860E+03  1.0212E+03  3.1478E+02
  2.0266E+01  3.1099E+01  1.1423E+02  8.0022E+01
  7.5059E+01  6.3823E+01  2.5393E+02  5.5485E+02
  1.0323E+03  1.0621E+03  3.3220E+02
  1.9138E+01  2.9515E+01  1.1098E+02  8.0664E+01
  7.7540E+01  6.0141E+01  2.3909E+02  5.2319E+02
  9.8098E+02  1.0939E+03  3.4863E+02
  1.8045E+01  2.7982E+01  1.0779E+02  8.1336E+01
  8.0152E+01  5.6536E+01  2.2446E+02  4.9136E+02
  9.2576E+02  1.1154E+03  3.6563E+02
  1.6988E+01  2.6505E+01  1.0470E+02  8.2065E+01
  8.2920E+01  5.3026E+01  2.1012E+02  4.5969E+02
  8.6806E+02  1.1232E+03  3.8302E+02
  1.5968E+01  2.5080E+01  1.0169E+02  8.2869E+01
  8.5876E+01  4.9621E+01  1.9615E+02  4.2846E+02
  8.0922E+02  1.1149E+03  4.0068E+02
  1.4987E+01  2.3708E+01  9.8775E+01  8.3765E+01
  8.9050E+01  4.6331E+01  1.8261E+02  3.9795E+02
  7.5044E+02  1.0892E+03  4.1837E+02
  1.4048E+01  2.2395E+01  9.5982E+01  8.4794E+01
  9.2483E+01  4.3170E+01  1.6957E+02  3.6838E+02
  6.9257E+02  1.0467E+03  4.3556E+02
  1.3150E+01  2.1138E+01  9.3307E+01  8.5975E+01
  9.6216E+01  4.0145E+01  1.5708E+02  3.3992E+02
  6.3638E+02  9.9021E+02  4.5166E+02
  1.2295E+01  1.9939E+01  9.0765E+01  8.7346E+01
  1.0029E+02  3.7264E+01  1.4517E+02  3.1274E+02
  5.8246E+02  9.2355E+02  4.6573E+02
  1.1484E+01  1.8800E+01  8.8387E+01  8.8969E+01
  1.0477E+02  3.4530E+01  1.3388E+02  2.8690E+02
  5.3106E+02  8.5041E+02  4.7643E+02
  1.0717E+01  1.7721E+01  8.6190E+01  9.0910E+01
  1.0972E+02  3.1945E+01  1.2319E+02  2.6245E+02
  4.8240E+02  7.7446E+02  4.8216E+02
  9.9962E+00  1.6707E+01  8.4207E+01  9.3240E+01
  1.1519E+02  2.9517E+01  1.1317E+02  2.3951E+02
  4.3680E+02  6.9888E+02  4.8116E+02
  9.4440E+00  1.5930E+01  8.2788E+01  9.5518E+01
  1.2006E+02  2.7656E+01  1.0548E+02  2.2194E+02
  4.0191E+02  6.3886E+02  4.7416E+02
  8.8662E+00  1.5143E+01  8.1879E+01  9.9288E+01
  1.2635E+02  2.5666E+01  9.7175E+01  2.0270E+02
  3.6327E+02  5.6870E+02  4.5404E+02
  8.2660E+00  1.4341E+01  8.1487E+01  1.0491E+02
  1.3412E+02  2.3577E+01  8.8416E+01  1.8235E+02
  3.2241E+02  4.9339E+02  4.1937E+02
  7.8703E+00  1.3853E+01  8.2272E+01  1.1117E+02
  1.4031E+02  2.2138E+01  8.2268E+01  1.6782E+02
  2.9282E+02  4.3714E+02  3.8197E+02
  7.5786E+00  1.3545E+01  8.4213E+01  1.1895E+02
  1.4533E+02  2.1001E+01  7.7266E+01  1.5572E+02
  2.6773E+02  3.8834E+02  3.4167E+02
  7.3999E+00  1.3439E+01  8.7532E+01  1.2829E+02
  1.4816E+02  2.0182E+01  7.3457E+01  1.4610E+02
  2.4718E+02  3.4712E+02  3.0210E+02
  7.3444E+00  1.3559E+01  9.2478E+01  1.3895E+02
  1.4781E+02  1.9700E+01  7.0886E+01  1.3901E+02
  2.3112E+02  3.1323E+02  2.6583E+02
  7.4273E+00  1.3942E+01  9.9351E+01  1.5027E+02
  1.4367E+02  1.9584E+01  6.9627E+01  1.3451E+02
  2.1950E+02  2.8629E+02  2.3427E+02
  7.6629E+00  1.4621E+01  1.0835E+02  1.6092E+02
  1.3596E+02  1.9861E+01  6.9743E+01  1.3265E+02
  2.1225E+02  2.6582E+02  2.0803E+02
  8.0712E+00  1.5640E+01  1.1952E+02  1.6911E+02
  1.2576E+02  2.0571E+01  7.1352E+01  1.3359E+02
  2.0945E+02  2.5147E+02  1.8714E+02
  8.6353E+00  1.6977E+01  1.3257E+02  1.7376E+02
  1.1463E+02  2.1654E+01  7.4189E+01  1.3670E+02
  2.0989E+02  2.4136E+02  1.7043E+02
  9.2951E+00  1.8537E+01  1.4705E+02  1.7511E+02
  1.0372E+02  2.2929E+01  7.7566E+01  1.4058E+02
  2.1121E+02  2.3252E+02  1.5604E+02
  1.0021E+01  2.0280E+01  1.6268E+02  1.7349E+02
  9.3461E+01  2.4301E+01  8.1120E+01  1.4450E+02
  2.1222E+02  2.2370E+02  1.4310E+02
  1.0818E+01  2.2224E+01  1.7923E+02  1.6904E+02
  8.4013E+01  2.5776E+01  8.4851E+01  1.4844E+02
  2.1293E+02  2.1496E+02  1.3147E+02
  1.1699E+01  2.4405E+01  1.9643E+02  1.6206E+02
  7.5391E+01  2.7371E+01  8.8783E+01  1.5241E+02
  2.1332E+02  2.0632E+02  1.2095E+02
  1.2673E+01  2.6852E+01  2.1380E+02  1.5307E+02
  6.7613E+01  2.9094E+01  9.2920E+01  1.5639E+02
  2.1339E+02  1.9784E+02  1.1145E+02
  1.3750E+01  2.9596E+01  2.3075E+02  1.4268E+02
  6.0655E+01  3.0953E+01  9.7260E+01  1.6035E+02
  2.1315E+02  1.8957E+02  1.0286E+02
  1.4944E+01  3.2681E+01  2.4675E+02  1.3153E+02
  5.4446E+01  3.2965E+01  1.0182E+02  1.6429E+02
  2.1259E+02  1.8152E+02  9.5062E+01
  1.6273E+01  3.6162E+01  2.6131E+02  1.2014E+02
  4.8910E+01  3.5150E+01  1.0663E+02  1.6821E+02
  2.1171E+02  1.7369E+02  8.7968E+01
  1.7753E+01  4.0084E+01  2.7398E+02  1.0899E+02
  4.3993E+01  3.7522E+01  1.1167E+02  1.7208E+02
  2.1053E+02  1.6612E+02  8.1515E+01
  1.9401E+01  4.4498E+01  2.8445E+02  9.8398E+01
  3.9636E+01  4.0096E+01  1.1696E+02  1.7588E+02
  2.0906E+02  1.5882E+02  7.5643E+01
  2.1243E+01  4.9473E+01  2.9255E+02  8.8543E+01
  3.5768E+01  4.2898E+01  1.2251E+02  1.7961E+02
  2.0730E+02  1.5179E+02  7.0284E+01
  2.3304E+01  5.5074E+01  2.9817E+02  7.9513E+01
  3.2335E+01  4.5950E+01  1.2832E+02  1.8323E+02
  2.0527E+02  1.4504E+02  6.5387E+01
  2.5615E+01  6.1368E+01  3.0124E+02  7.1330E+01
  2.9285E+01  4.9281E+01  1.3441E+02  1.8673E+02
  2.0299E+02  1.3856E+02  6.0905E+01
  2.8209E+01  6.8419E+01  3.0173E+02  6.3974E+01
  2.6572E+01  5.2921E+01  1.4078E+02  1.9010E+02
  2.0046E+02  1.3236E+02  5.6800E+01
  2.8510E+01  7.4298E+01  3.1862E+02  5.4123E+01
  2.1728E+01  4.9864E+01  1.2622E+02  1.6370E+02
  1.6718E+02  1.0798E+02  4.6034E+01
  3.1664E+01  8.3652E+01  3.1336E+02  4.8244E+01
  1.9728E+01  5.3735E+01  1.3208E+02  1.6621E+02
  1.6473E+02  1.0317E+02  4.3008E+01
  3.5246E+01  9.4123E+01  3.0527E+02  4.3082E+01
  1.7950E+01  5.7987E+01  1.3818E+02  1.6856E+02
  1.6213E+02  9.8576E+01  4.0227E+01
  3.9324E+01  1.0572E+02  2.9437E+02  3.8548E+01
  1.6366E+01  6.2671E+01  1.4450E+02  1.7073E+02
  1.5939E+02  9.4186E+01  3.7666E+01
  4.3961E+01  1.1832E+02  2.8081E+02  3.4568E+01
  1.4955E+01  6.7827E+01  1.5103E+02  1.7270E+02
  1.5653E+02  9.0002E+01  3.5308E+01
  4.9245E+01  1.3168E+02  2.6483E+02  3.1067E+01
  1.3693E+01  7.3519E+01  1.5777E+02  1.7447E+02
  1.5356E+02  8.6012E+01  3.3133E+01
  5.5263E+01  1.4534E+02  2.4684E+02  2.7984E+01
  1.2563E+01  7.9814E+01  1.6471E+02  1.7602E+02
  1.5049E+02  8.2209E+01  3.1125E+01
  6.2111E+01  1.5861E+02  2.2748E+02  2.5264E+01
  1.1548E+01  8.6786E+01  1.7181E+02  1.7735E+02
  1.4735E+02  7.8587E+01  2.9267E+01
  6.9887E+01  1.7065E+02  2.0749E+02  2.2860E+01
  1.0635E+01  9.4522E+01  1.7905E+02  1.7843E+02
  1.4415E+02  7.5139E+01  2.7548E+01
  7.8665E+01  1.8051E+02  1.8771E+02  2.0735E+01
  9.8130E+00  1.0310E+02  1.8639E+02  1.7926E+02
  1.4091E+02  7.1863E+01  2.5959E+01
  8.8554E+01  1.8748E+02  1.6872E+02  1.8845E+01
  9.0692E+00  1.1268E+02  1.9382E+02  1.7985E+02
  1.3762E+02  6.8739E+01  2.4481E+01
  9.9567E+01  1.9096E+02  1.5099E+02  1.7165E+01
  8.3960E+00  1.2337E+02  2.0128E+02  1.8017E+02
  1.3431E+02  6.5767E+01  2.3108E+01
  1.1166E+02  1.9070E+02  1.3478E+02  1.5668E+01
  7.7856E+00  1.3532E+02  2.0871E+02  1.8023E+02
  1.3099E+02  6.2939E+01  2.1832E+01
  1.2118E+02  1.8811E+02  1.2385E+02  1.4668E+01
  7.3715E+00  1.4505E+02  2.1413E+02  1.8011E+02
  1.2854E+02  6.0943E+01  2.0948E+01
  1.2782E+02  1.8511E+02  1.1699E+02  1.4052E+01
  7.1163E+00  1.5229E+02  2.1811E+02  1.8023E+02
  1.2707E+02  5.9720E+01  2.0404E+01
  1.3781E+02  1.7829E+02  1.0757E+02  1.3259E+01
  6.7971E+00  1.6519E+02  2.2602E+02  1.8185E+02
  1.2589E+02  5.8377E+01  1.9762E+01
  1.4965E+02  1.6649E+02  9.7119E+01  1.2453E+01
  6.4889E+00  1.8565E+02  2.3966E+02  1.8635E+02
  1.2602E+02  5.7443E+01  1.9214E+01
  1.5843E+02  1.5305E+02  8.8838E+01  1.1904E+01
  6.3072E+00  2.1087E+02  2.5798E+02  1.9410E+02
  1.2833E+02  5.7536E+01  1.9021E+01
  1.6310E+02  1.3974E+02  8.2471E+01  1.1575E+01
  6.2349E+00  2.4108E+02  2.8126E+02  2.0509E+02
  1.3270E+02  5.8563E+01  1.9142E+01
  1.6349E+02  1.2766E+02  7.7742E+01  1.1436E+01
  6.2612E+00  2.7630E+02  3.1005E+02  2.1946E+02
  1.3914E+02  6.0490E+01  1.9559E+01
  1.6024E+02  1.1728E+02  7.4392E+01  1.1466E+01
  6.3773E+00  3.1590E+02  3.4489E+02  2.3739E+02
  1.4765E+02  6.3292E+01  2.0256E+01
  1.5444E+02  1.0866E+02  7.2187E+01  1.1644E+01
  6.5750E+00  3.5823E+02  3.8623E+02  2.5897E+02
  1.5822E+02  6.6937E+01  2.1218E+01
  1.4726E+02  1.0166E+02  7.0911E+01  1.1951E+01
  6.8461E+00  4.0060E+02  4.3443E+02  2.8424E+02
  1.7081E+02  7.1386E+01  2.2425E+01
  1.3958E+02  9.6076E+01  7.0429E+01  1.2377E+01
  7.1879E+00  4.3918E+02  4.8993E+02  3.1337E+02
  1.8546E+02  7.6645E+01  2.3877E+01
  1.3203E+02  9.1656E+01  7.0605E+01  1.2912E+01
  7.5961E+00  4.7002E+02  5.5307E+02  3.4642E+02
  2.0218E+02  8.2697E+01  2.5566E+01
  1.2494E+02  8.8193E+01  7.1337E+01  1.3549E+01
  8.0681E+00  4.9012E+02  6.2408E+02  3.8347E+02
  2.2099E+02  8.9538E+01  2.7486E+01
  1.1850E+02  8.5520E+01  7.2545E+01  1.4280E+01
  8.6004E+00  4.9849E+02  7.0265E+02  4.2441E+02
  2.4180E+02  9.7138E+01  2.9628E+01
  1.1276E+02  8.3475E+01  7.4145E+01  1.5096E+01
  9.1880E+00  4.9651E+02  7.8805E+02  4.6903E+02
  2.6453E+02  1.0545E+02  3.1978E+01
  1.0765E+02  8.1934E+01  7.6097E+01  1.5996E+01
  9.8317E+00  4.8662E+02  8.7939E+02  5.1734E+02
  2.8919E+02  1.1449E+02  3.4538E+01
  1.0313E+02  8.0798E+01  7.8349E+01  1.6973E+01
  1.0528E+01  4.7156E+02  9.7426E+02  5.6896E+02
  3.1565E+02  1.2419E+02  3.7293E+01
  9.9111E+01  7.9981E+01  8.0856E+01  1.8022E+01
  1.1272E+01  4.5358E+02  1.0690E+03  6.2343E+02
  3.4373E+02  1.3452E+02  4.0230E+01
  9.5475E+01  7.9312E+01  8.3475E+01  1.9122E+01
  1.2055E+01  4.3476E+02  1.1608E+03  6.8066E+02
  3.7334E+02  1.4539E+02  4.3321E+01
  9.2103E+01  7.8628E+01  8.6033E+01  2.0242E+01
  1.2861E+01  4.1650E+02  1.2480E+03  7.4084E+02
  4.0437E+02  1.5672E+02  4.6530E+01
  8.8947E+01  7.7903E+01  8.8496E+01  2.1377E+01
  1.3687E+01  3.9908E+02  1.3269E+03  8.0414E+02
  4.3688E+02  1.6850E+02  4.9852E+01
  8.6400E+01  7.7254E+01  9.0533E+01  2.2359E+01
  1.4411E+01  3.8486E+02  1.3838E+03  8.6078E+02
  4.6590E+02  1.7896E+02  5.2787E+01
  8.3599E+01  7.6494E+01  9.2857E+01  2.3523E+01
  1.5277E+01  3.6899E+02  1.4328E+03  9.2940E+02
  5.0113E+02  1.9159E+02  5.6319E+01
  8.0561E+01  7.5546E+01  9.5352E+01  2.4860E+01
  1.6288E+01  3.5199E+02  1.4660E+03  1.0120E+03
  5.4341E+02  2.0660E+02  6.0494E+01
  7.8054E+01  7.4705E+01  9.7461E+01  2.6046E+01
  1.7196E+01  3.3790E+02  1.4724E+03  1.0871E+03
  5.8213E+02  2.2026E+02  6.4275E+01
  7.5667E+01  7.3840E+01  9.9479E+01  2.7242E+01
  1.8123E+01  3.2455E+02  1.4606E+03  1.1646E+03
  6.2247E+02  2.3439E+02  6.8171E+01
  7.3388E+01  7.2947E+01  1.0140E+02  2.8444E+01
  1.9068E+01  3.1192E+02  1.4348E+03  1.2443E+03
  6.6447E+02  2.4900E+02  7.2177E+01
  7.1598E+01  7.2197E+01  1.0288E+02  2.9430E+01
  1.9852E+01  3.0210E+02  1.4062E+03  1.3107E+03
  7.0005E+02  2.6128E+02  7.5532E+01
  7.0526E+01  7.1731E+01  1.0377E+02  3.0040E+01
  2.0342E+01  2.9625E+02  1.3858E+03  1.3519E+03
  7.2254E+02  2.6901E+02  7.7637E+01
  6.9104E+01  7.1101E+01  1.0497E+02  3.0880E+01
  2.1019E+01  2.8845E+02  1.3553E+03  1.4077E+03
  7.5386E+02  2.7976E+02  8.0559E+01
  6.7087E+01  7.0149E+01  1.0663E+02  3.2107E+01
  2.2022E+01  2.7756E+02  1.3084E+03  1.4893E+03
  8.0123E+02  2.9588E+02  8.4924E+01
  6.5137E+01  6.9175E+01  1.0819E+02  3.3342E+01
  2.3046E+01  2.6716E+02  1.2596E+03  1.5694E+03
  8.5060E+02  3.1256E+02  8.9419E+01
  6.3251E+01  6.8179E+01  1.0965E+02  3.4580E+01
  2.4087E+01  2.5723E+02  1.2106E+03  1.6460E+03
  9.0193E+02  3.2978E+02  9.4036E+01
  6.1428E+01  6.7169E+01  1.1102E+02  3.5823E+01
  2.5147E+01  2.4773E+02  1.1621E+03  1.7168E+03
  9.5518E+02  3.4753E+02  9.8773E+01
  5.9658E+01  6.6144E+01  1.1230E+02  3.7071E+01
  2.6227E+01  2.3860E+02  1.1146E+03  1.7793E+03
  1.0105E+03  3.6585E+02  1.0364E+02
  5.7933E+01  6.5098E+01  1.1350E+02  3.8325E+01
  2.7328E+01  2.2983E+02  1.0684E+03  1.8315E+03
  1.0681E+03  3.8480E+02  1.0866E+02
  5.6254E+01  6.4034E+01  1.1459E+02  3.9579E+01
  2.8447E+01  2.2140E+02  1.0240E+03  1.8709E+03
  1.1278E+03  4.0435E+02  1.1380E+02
  5.4623E+01  6.2960E+01  1.1559E+02  4.0833E+01
  2.9585E+01  2.1330E+02  9.8125E+02  1.8954E+03
  1.1894E+03  4.2447E+02  1.1907E+02
  5.3031E+01  6.1874E+01  1.1650E+02  4.2090E+01
  3.0742E+01  2.0549E+02  9.4015E+02  1.9042E+03
  1.2531E+03  4.4522E+02  1.2448E+02
  5.1613E+01  6.0870E+01  1.1725E+02  4.3234E+01
  3.1813E+01  1.9862E+02  9.0419E+02  1.8991E+03
  1.3129E+03  4.6470E+02  1.2954E+02
  5.0085E+01  5.9756E+01  1.1799E+02  4.4497E+01
  3.3014E+01  1.9129E+02  8.6603E+02  1.8792E+03
  1.3804E+03  4.8677E+02  1.3525E+02
  4.8452E+01  5.8519E+01  1.1868E+02  4.5869E+01
  3.4346E+01  1.8358E+02  8.2628E+02  1.8440E+03
  1.4563E+03  5.1172E+02  1.4166E+02
  4.6990E+01  5.7378E+01  1.1922E+02  4.7130E+01
  3.5591E+01  1.7675E+02  7.9127E+02  1.8004E+03
  1.5269E+03  5.3531E+02  1.4769E+02
  4.5563E+01  5.6241E+01  1.1971E+02  4.8400E+01
  3.6861E+01  1.7011E+02  7.5744E+02  1.7475E+03
  1.5970E+03  5.5952E+02  1.5388E+02
  4.4168E+01  5.5115E+01  1.2017E+02  4.9690E+01
  3.8163E+01  1.6364E+02  7.2458E+02  1.6870E+03
  1.6649E+03  5.8428E+02  1.6021E+02
  4.2806E+01  5.4000E+01  1.2062E+02  5.1003E+01
  3.9497E+01  1.5734E+02  6.9268E+02  1.6212E+03
  1.7284E+03  6.0950E+02  1.6669E+02
  4.1474E+01  5.2893E+01  1.2104E+02  5.2340E+01
  4.0865E+01  1.5121E+02  6.6177E+02  1.5523E+03
  1.7854E+03  6.3518E+02  1.7331E+02
  4.0168E+01  5.1792E+01  1.2144E+02  5.3704E+01
  4.2270E+01  1.4523E+02  6.3181E+02  1.4819E+03
  1.8331E+03  6.6122E+02  1.8008E+02
  3.9033E+01  5.0818E+01  1.2176E+02  5.4934E+01
  4.3547E+01  1.4006E+02  6.0609E+02  1.4194E+03
  1.8656E+03  6.8457E+02  1.8620E+02
  3.7780E+01  4.9737E+01  1.2215E+02  5.6363E+01
  4.5028E+01  1.3437E+02  5.7785E+02  1.3487E+03
  1.8866E+03  7.1081E+02  1.9319E+02
  3.6405E+01  4.8524E+01  1.2252E+02  5.7989E+01
  4.6729E+01  1.2819E+02  5.4752E+02  1.2720E+03
  1.8915E+03  7.4030E+02  2.0118E+02
  3.5188E+01  4.7425E+01  1.2279E+02  5.9480E+01
  4.8307E+01  1.2280E+02  5.2126E+02  1.2052E+03
  1.8784E+03  7.6688E+02  2.0852E+02
  3.3964E+01  4.6272E+01  1.2289E+02  6.0975E+01
  4.9941E+01  1.1751E+02  4.9594E+02  1.1416E+03
  1.8540E+03  7.9462E+02  2.1622E+02
  3.2732E+01  4.5056E+01  1.2274E+02  6.2447E+01
  5.1626E+01  1.1234E+02  4.7164E+02  1.0816E+03
  1.8211E+03  8.2401E+02  2.2436E+02
  3.1500E+01  4.3786E+01  1.2234E+02  6.3880E+01
  5.3356E+01  1.0732E+02  4.4842E+02  1.0252E+03
  1.7808E+03  8.5514E+02  2.3294E+02
  3.0270E+01  4.2468E+01  1.2168E+02  6.5266E+01
  5.5131E+01  1.0243E+02  4.2618E+02  9.7194E+02
  1.7340E+03  8.8819E+02  2.4202E+02
  2.9043E+01  4.1106E+01  1.2076E+02  6.6597E+01
  5.6953E+01  9.7666E+01  4.0483E+02  9.2140E+02
  1.6817E+03  9.2339E+02  2.5165E+02
  2.7828E+01  3.9711E+01  1.1957E+02  6.7849E+01
  5.8810E+01  9.3055E+01  3.8443E+02  8.7366E+02
  1.6255E+03  9.6091E+02  2.6185E+02
  2.6630E+01  3.8293E+01  1.1813E+02  6.9009E+01
  6.0693E+01  8.8601E+01  3.6495E+02  8.2849E+02
  1.5665E+03  1.0008E+03  2.7264E+02
  2.5450E+01  3.6858E+01  1.1642E+02  7.0066E+01
  6.2602E+01  8.4293E+01  3.4632E+02  7.8560E+02
  1.5054E+03  1.0433E+03  2.8409E+02
  2.4071E+01  3.5133E+01  1.1405E+02  7.1160E+01
  6.4891E+01  7.9355E+01  3.2520E+02  7.3739E+02
  1.4317E+03  1.0978E+03  2.9867E+02
  2.2941E+01  3.3681E+01  1.1179E+02  7.1918E+01
  6.6811E+01  7.5377E+01  3.0836E+02  6.9919E+02
  1.3698E+03  1.1470E+03  3.1176E+02
  2.2048E+01  3.2512E+01  1.0979E+02  7.2416E+01
  6.8353E+01  7.2273E+01  2.9531E+02  6.6971E+02
  1.3201E+03  1.1892E+03  3.2293E+02
  2.0969E+01  3.1080E+01  1.0717E+02  7.2915E+01
  7.0258E+01  6.8550E+01  2.7972E+02  6.3449E+02
  1.2580E+03  1.2431E+03  3.3749E+02
  1.9920E+01  2.9680E+01  1.0452E+02  7.3360E+01
  7.2203E+01  6.4930E+01  2.6455E+02  5.9991E+02
  1.1937E+03  1.2956E+03  3.5277E+02
  1.8901E+01  2.8319E+01  1.0188E+02  7.3801E+01
  7.4222E+01  6.1403E+01  2.4972E+02  5.6575E+02
  1.1271E+03  1.3424E+03  3.6875E+02
  1.7913E+01  2.6996E+01  9.9272E+01  7.4253E+01
  7.6337E+01  5.7968E+01  2.3524E+02  5.3211E+02
  1.0593E+03  1.3795E+03  3.8548E+02
  1.6954E+01  2.5710E+01  9.6694E+01  7.4723E+01
  7.8564E+01  5.4628E+01  2.2114E+02  4.9916E+02
  9.9155E+02  1.4023E+03  4.0300E+02
  1.6025E+01  2.4459E+01  9.4134E+01  7.5207E+01
  8.0913E+01  5.1391E+01  2.0746E+02  4.6709E+02
  9.2484E+02  1.4068E+03  4.2138E+02
  1.5128E+01  2.3247E+01  9.1615E+01  7.5726E+01
  8.3412E+01  4.8263E+01  1.9425E+02  4.3602E+02
  8.5973E+02  1.3888E+03  4.4054E+02
  1.4262E+01  2.2074E+01  8.9141E+01  7.6295E+01
  8.6088E+01  4.5247E+01  1.8151E+02  4.0600E+02
  7.9663E+02  1.3476E+03  4.6041E+02
  1.3346E+01  2.0828E+01  8.6483E+01  7.7001E+01
  8.9278E+01  4.2059E+01  1.6805E+02  3.7427E+02
  7.2992E+02  1.2782E+03  4.8286E+02
  1.2541E+01  1.9724E+01  8.4066E+01  7.7685E+01
  9.2422E+01  3.9268E+01  1.5630E+02  3.4663E+02
  6.7205E+02  1.2001E+03  5.0384E+02
  1.1848E+01  1.8772E+01  8.1990E+01  7.8426E+01
  9.5520E+01  3.6865E+01  1.4618E+02  3.2280E+02
  6.2223E+02  1.1203E+03  5.2218E+02
  1.1108E+01  1.7751E+01  7.9738E+01  7.9352E+01
  9.9270E+01  3.4310E+01  1.3544E+02  2.9759E+02
  5.6977E+02  1.0278E+03  5.4145E+02
  1.0401E+01  1.6770E+01  7.7566E+01  8.0434E+01
  1.0342E+02  3.1875E+01  1.2523E+02  2.7365E+02
  5.2022E+02  9.3479E+02  5.5818E+02
  9.7267E+00  1.5830E+01  7.5490E+01  8.1711E+01
  1.0803E+02  2.9562E+01  1.1556E+02  2.5103E+02
  4.7364E+02  8.4405E+02  5.7042E+02
  9.0859E+00  1.4933E+01  7.3513E+01  8.3212E+01
  1.1316E+02  2.7373E+01  1.0642E+02  2.2973E+02
  4.3007E+02  7.5776E+02  5.7592E+02
  8.4784E+00  1.4078E+01  7.1657E+01  8.5005E+01
  1.1892E+02  2.5306E+01  9.7818E+01  2.0974E+02
  3.8942E+02  6.7675E+02  5.7220E+02
  7.9148E+00  1.3286E+01  7.0052E+01  8.7271E+01
  1.2541E+02  2.3388E+01  8.9838E+01  1.9122E+02
  3.5187E+02  6.0150E+02  5.5631E+02
  7.4124E+00  1.2589E+01  6.8901E+01  9.0278E+01
  1.3265E+02  2.1665E+01  8.2643E+01  1.7446E+02
  3.1788E+02  5.3283E+02  5.2679E+02
  6.9790E+00  1.2002E+01  6.8336E+01  9.4257E+01
  1.4051E+02  2.0156E+01  7.6301E+01  1.5960E+02
  2.8764E+02  4.7133E+02  4.8582E+02
  6.6152E+00  1.1530E+01  6.8441E+01  9.9431E+01
  1.4872E+02  1.8860E+01  7.0798E+01  1.4660E+02
  2.6104E+02  4.1698E+02  4.3785E+02
  6.3272E+00  1.1185E+01  6.9360E+01  1.0605E+02
  1.5663E+02  1.7790E+01  6.6178E+01  1.3553E+02
  2.3816E+02  3.6989E+02  3.8779E+02
  6.1226E+00  1.0986E+01  7.1280E+01  1.1440E+02
  1.6324E+02  1.6963E+01  6.2485E+01  1.2644E+02
  2.1903E+02  3.2986E+02  3.3959E+02
  6.0043E+00  1.0943E+01  7.4378E+01  1.2465E+02
  1.6733E+02  1.6379E+01  5.9701E+01  1.1927E+02
  2.0341E+02  2.9633E+02  2.9579E+02
  5.9828E+00  1.1080E+01  7.8903E+01  1.3676E+02
  1.6758E+02  1.6058E+01  5.7885E+01  1.1407E+02
  1.9133E+02  2.6900E+02  2.5781E+02
  6.0683E+00  1.1423E+01  8.5131E+01  1.5028E+02
  1.6319E+02  1.6018E+01  5.7076E+01  1.1087E+02
  1.8269E+02  2.4737E+02  2.2598E+02
  6.2722E+00  1.1999E+01  9.3306E+01  1.6400E+02
  1.5433E+02  1.6280E+01  5.7320E+01  1.0969E+02
  1.7743E+02  2.3097E+02  2.0009E+02
  6.6112E+00  1.2847E+01  1.0365E+02  1.7605E+02
  1.4220E+02  1.6876E+01  5.8706E+01  1.1065E+02
  1.7556E+02  2.1941E+02  1.7963E+02
  7.0722E+00  1.3952E+01  1.1603E+02  1.8480E+02
  1.2877E+02  1.7758E+01  6.1027E+01  1.1326E+02
  1.7615E+02  2.1119E+02  1.6325E+02
  7.6110E+00  1.5245E+01  1.3016E+02  1.8987E+02
  1.1554E+02  1.8794E+01  6.3779E+01  1.1648E+02
  1.7746E+02  2.0398E+02  1.4919E+02
  8.2038E+00  1.6691E+01  1.4589E+02  1.9129E+02
  1.0314E+02  1.9908E+01  6.6674E+01  1.1974E+02
  1.7852E+02  1.9671E+02  1.3656E+02
  8.8571E+00  1.8313E+01  1.6317E+02  1.8893E+02
  9.1789E+01  2.1109E+01  6.9718E+01  1.2303E+02
  1.7934E+02  1.8943E+02  1.2519E+02
  9.5785E+00  2.0136E+01  1.8181E+02  1.8298E+02
  8.1559E+01  2.2404E+01  7.2919E+01  1.2633E+02
  1.7990E+02  1.8219E+02  1.1495E+02
  1.0377E+01  2.2188E+01  2.0145E+02  1.7390E+02
  7.2438E+01  2.3801E+01  7.6284E+01  1.2966E+02
  1.8021E+02  1.7503E+02  1.0570E+02
  1.1261E+01  2.4505E+01  2.2146E+02  1.6243E+02
  6.4362E+01  2.5312E+01  7.9821E+01  1.3298E+02
  1.8025E+02  1.6798E+02  9.7342E+01
  1.2244E+01  2.7125E+01  2.4110E+02  1.4943E+02
  5.7243E+01  2.6947E+01  8.3538E+01  1.3629E+02
  1.8003E+02  1.6108E+02  8.9773E+01
  1.3338E+01  3.0093E+01  2.5957E+02  1.3580E+02
  5.0984E+01  2.8719E+01  8.7442E+01  1.3959E+02
  1.7955E+02  1.5434E+02  8.2911E+01
  1.4559E+01  3.3461E+01  2.7622E+02  1.2230E+02
  4.5488E+01  3.0641E+01  9.1541E+01  1.4286E+02
  1.7882E+02  1.4780E+02  7.6680E+01
  1.5923E+01  3.7289E+01  2.9054E+02  1.0943E+02
  4.0663E+01  3.2728E+01  9.5842E+01  1.4608E+02
  1.7783E+02  1.4145E+02  7.1013E+01
  1.7450E+01  4.1643E+01  3.0225E+02  9.7528E+01
  3.6429E+01  3.4998E+01  1.0035E+02  1.4924E+02
  1.7660E+02  1.3532E+02  6.5857E+01
  1.9166E+01  4.6606E+01  3.1120E+02  8.6710E+01
  3.2703E+01  3.7472E+01  1.0507E+02  1.5234E+02
  1.7514E+02  1.2941E+02  6.1150E+01
  2.1095E+01  5.2256E+01  3.1732E+02  7.7022E+01
  2.9426E+01  4.0168E+01  1.1002E+02  1.5534E+02
  1.7345E+02  1.2371E+02  5.6855E+01
  2.3271E+01  5.8690E+01  3.2060E+02  6.8416E+01
  2.6537E+01  4.3114E+01  1.1519E+02  1.5825E+02
  1.7156E+02  1.1825E+02  5.2927E+01
  2.5728E+01  6.6006E+01  3.2103E+02  6.0814E+01
  2.3986E+01  4.6336E+01  1.2059E+02  1.6104E+02
  1.6946E+02  1.1300E+02  4.9331E+01
  1.3677E+01  2.8568E+01  2.1152E+02  1.4647E+02
  6.8159E+01  3.1729E+01  1.0193E+02  1.7219E+02
  2.3511E+02  2.1588E+02  1.1874E+02
  1.1948E+01  2.4344E+01  1.8398E+02  1.5922E+02
  8.1421E+01  2.8590E+01  9.4230E+01  1.6460E+02
  2.3481E+02  2.3221E+02  1.3671E+02
  2.8745E+01  4.2488E+01  1.3211E+02  7.2860E+01
  5.9628E+01  9.1912E+01  3.6711E+02  7.8503E+02
  1.2950E+03  8.1352E+02  2.4273E+02
  2.3026E+01  3.5800E+01  1.2894E+02  8.2757E+01
  7.0909E+01  7.0823E+01  2.7642E+02  5.8220E+02
  1.0010E+03  8.5910E+02  2.8288E+02
  2.1137E+01  3.3049E+01  1.2342E+02  8.4145E+01
  7.4881E+01  6.5003E+01  2.5412E+02  5.3958E+02
  9.5275E+02  9.1058E+02  3.0563E+02
  2.1984E+01  3.3623E+01  1.1999E+02  7.9683E+01
  7.1819E+01  6.9133E+01  2.7442E+02  5.9486E+02
  1.0805E+03  9.8753E+02  3.0739E+02
