 time [msec], PF_current [kA]
   4.6100000e+03   9.7200000e+03  -1.2600000e+03   5.4000000e+02  -2.0000000e+01  -1.3600000e+03   9.2700000e+03   1.7930000e+04   1.6460000e+04   1.4530000e+04   1.4530000e+04   1.6760000e+04   1.6610000e+04
   7.8200000e+03   9.8300000e+03  -1.8300000e+03   5.6000000e+02  -7.4000000e+02  -1.5900000e+03   1.0060000e+04   1.7510000e+04   1.4700000e+04   1.1200000e+04   1.1200000e+04   1.5270000e+04   1.4990000e+04
   1.1380000e+04   9.9400000e+03  -2.1866000e+03   4.7349000e+02  -1.4100000e+03  -1.7800000e+03   1.0840000e+04   1.7080000e+04   1.2940000e+04   8.2500000e+03   8.2500000e+03   1.3780000e+04   1.3370000e+04
   1.2520576e+04   9.9808494e+03  -2.2438425e+03   3.5319237e+02  -1.5346759e+03  -1.9517059e+03   1.1076463e+04   1.6948568e+04   1.2405947e+04   7.5104345e+03   7.5104345e+03   1.3341134e+04   1.2856344e+04
   1.3771189e+04   1.0041961e+04  -2.3097349e+03   2.3014810e+02  -1.6453060e+03  -2.1207382e+03   1.1341581e+04   1.6819327e+04   1.1849721e+04   6.7252873e+03   6.7252873e+03   1.2876627e+04   1.2318734e+04
   1.5020374e+04   1.0090162e+04  -2.3476373e+03   1.1116390e+02  -1.7686654e+03  -2.2980816e+03   1.1608696e+04   1.6687093e+04   1.1288653e+04   5.9232167e+03   5.9232167e+03   1.2413077e+04   1.1784548e+04
   1.6270171e+04   1.0139802e+04  -2.3503285e+03  -6.1885424e+01  -1.7910814e+03  -2.5200972e+03   1.1854933e+04   1.6569383e+04   1.0787575e+04   5.2769125e+03   5.2769125e+03   1.1997869e+04   1.1310323e+04
   1.7520281e+04   1.0184018e+04  -2.3457089e+03  -2.4946785e+02  -1.7917393e+03  -2.7548920e+03   1.2091504e+04   1.6451006e+04   1.0293675e+04   4.6478302e+03   4.6478302e+03   1.1588468e+04   1.0847548e+04
   1.8770244e+04   1.0222946e+04  -2.3311249e+03  -4.3133352e+02  -1.8030729e+03  -2.9936403e+03   1.2329046e+04   1.6333171e+04   9.7965469e+03   4.0080350e+03   4.0080350e+03   1.1178559e+04   1.0383798e+04
   2.0020151e+04   1.0263524e+04  -2.3348214e+03  -6.0150806e+02  -1.8092884e+03  -3.2288725e+03   1.2555976e+04   1.6224521e+04   9.3263816e+03   3.4228875e+03   3.4228875e+03   1.0791653e+04   9.9409920e+03
   2.1269705e+04   1.0298485e+04  -2.3523319e+03  -7.5588637e+02  -1.8140550e+03  -3.4647741e+03   1.2769122e+04   1.6120247e+04   8.8736789e+03   2.8758826e+03   2.8758826e+03   1.0420966e+04   9.5188708e+03
   2.2519785e+04   1.0328430e+04  -2.3593750e+03  -9.1210870e+02  -1.8224137e+03  -3.6999479e+03   1.2983550e+04   1.6012902e+04   8.4140676e+03   2.3062214e+03   2.3062214e+03   1.0044093e+04   9.0946338e+03
   2.3769288e+04   1.0361081e+04  -2.3760216e+03  -1.0659150e+03  -1.8259166e+03  -3.9335048e+03   1.3199724e+04   1.5907293e+04   7.9567435e+03   1.7436017e+03   1.7436017e+03   9.6668999e+03   8.6715631e+03
   2.5019276e+04   1.0389618e+04  -2.3161298e+03  -1.2661286e+03  -1.8397238e+03  -4.1164892e+03   1.3403855e+04   1.5809279e+04   7.5403100e+03   1.2365061e+03   1.2365061e+03   9.3208980e+03   8.2853727e+03
   2.6269016e+04   1.0409692e+04  -2.2152328e+03  -1.4766434e+03  -1.8574137e+03  -4.2828967e+03   1.3605274e+04   1.5715675e+04   7.1421301e+03   7.8483622e+02   7.8483622e+02   8.9957150e+03   7.9121370e+03
   2.7518709e+04   1.0435404e+04  -2.1326282e+03  -1.6745038e+03  -1.8614476e+03  -4.4437730e+03   1.3808478e+04   1.5624164e+04   6.7589241e+03   3.8010619e+02   3.8010619e+02   8.6854032e+03   7.5481427e+03
   2.8769238e+04   1.0471454e+04  -2.0387130e+03  -1.8670935e+03  -1.8601802e+03  -4.6116505e+03   1.4020224e+04   1.5543427e+04   6.3807009e+03   1.1783957e+01   1.1783957e+01   8.3962277e+03   7.1755252e+03
   3.0019262e+04   1.0420168e+04  -2.0101757e+03  -1.9716597e+03  -1.8885000e+03  -4.7345633e+03   1.4176311e+04   1.5373268e+04   6.0408803e+03  -3.5468716e+02  -3.5468716e+02   8.0392074e+03   6.9690709e+03
   3.1269760e+04   1.0285272e+04  -2.0406410e+03  -2.0216579e+03  -1.9565297e+03  -4.8148733e+03   1.4272911e+04   1.5116081e+04   5.7122689e+03  -8.1875937e+02  -8.1875937e+02   7.5852673e+03   6.8981139e+03
   3.2519810e+04   1.0157335e+04  -2.0641249e+03  -2.0890772e+03  -2.0255919e+03  -4.8993577e+03   1.4371454e+04   1.4866970e+04   5.3677178e+03  -1.3199616e+03  -1.3199616e+03   7.1287083e+03   6.8013258e+03
   3.3770270e+04   1.0025826e+04  -2.0871250e+03  -2.1601860e+03  -2.0974124e+03  -4.9831833e+03   1.4466755e+04   1.4616456e+04   5.0169392e+03  -1.8394934e+03  -1.8394934e+03   6.6659488e+03   6.7025018e+03
   3.5020373e+04   9.8946127e+03  -2.1111741e+03  -2.2341583e+03  -2.1697882e+03  -5.0669635e+03   1.4562409e+04   1.4365257e+04   4.6613394e+03  -2.3665361e+03  -2.3665361e+03   6.2014127e+03   6.5996259e+03
   3.6270764e+04   9.7630894e+03  -2.1011274e+03  -2.3207299e+03  -2.2383870e+03  -5.1477807e+03   1.4648318e+04   1.4143394e+04   4.3349520e+03  -2.8936173e+03  -2.8936173e+03   5.7655312e+03   6.4931948e+03
   3.7520957e+04   9.6376592e+03  -2.0651430e+03  -2.4185278e+03  -2.3120374e+03  -5.2296825e+03   1.4752684e+04   1.3957206e+04   4.0394033e+03  -3.4438989e+03  -3.4438989e+03   5.3302586e+03   6.3844750e+03
   3.8771251e+04   9.5245913e+03  -2.0282846e+03  -2.5223623e+03  -2.3867605e+03  -5.3117581e+03   1.4878126e+04   1.3791159e+04   3.7615270e+03  -4.0102071e+03  -4.0102071e+03   4.8897697e+03   6.2799286e+03
   4.0021537e+04   9.4234753e+03  -1.9910958e+03  -2.6314249e+03  -2.4613954e+03  -5.3956573e+03   1.5020608e+04   1.3640202e+04   3.4949981e+03  -4.5917243e+03  -4.5917243e+03   4.4485486e+03   6.1796180e+03
   4.1271735e+04   9.3338353e+03  -1.9550546e+03  -2.7465487e+03  -2.5342310e+03  -5.4805141e+03   1.5174397e+04   1.3497850e+04   3.2346257e+03  -5.1859730e+03  -5.1859730e+03   4.0063083e+03   6.0829360e+03
   4.2522124e+04   9.2558804e+03  -1.9181680e+03  -2.8664637e+03  -2.6019176e+03  -5.5667016e+03   1.5334770e+04   1.3365320e+04   2.9824065e+03  -5.7793805e+03  -5.7793805e+03   3.5701862e+03   5.9935503e+03
   4.3772046e+04   9.1747094e+03  -1.8976610e+03  -2.9751850e+03  -2.6578408e+03  -5.6517790e+03   1.5475519e+04   1.3213382e+04   2.7139636e+03  -6.3364058e+03  -6.3364058e+03   3.1548492e+03   5.9111482e+03
   4.5021314e+04   9.0829453e+03  -1.9009127e+03  -3.0715341e+03  -2.7084815e+03  -5.7339397e+03   1.5591236e+04   1.3029587e+04   2.4163911e+03  -6.8729971e+03  -6.8729971e+03   2.7483441e+03   5.8277975e+03
   4.6270644e+04   8.9837887e+03  -1.9158035e+03  -3.1610172e+03  -2.7569812e+03  -5.8137074e+03   1.5690397e+04   1.2828595e+04   2.1038509e+03  -7.3959418e+03  -7.3959418e+03   2.3463192e+03   5.7428945e+03
   4.7519955e+04   8.8780516e+03  -1.9359268e+03  -3.2470941e+03  -2.8052751e+03  -5.8910152e+03   1.5776780e+04   1.2615604e+04   1.7833969e+03  -7.9096237e+03  -7.9096237e+03   1.9453555e+03   5.6553470e+03
   4.8769268e+04   8.7679335e+03  -1.9585296e+03  -3.3308823e+03  -2.8538259e+03  -5.9653974e+03   1.5852794e+04   1.2397505e+04   1.4601101e+03  -8.4167408e+03  -8.4167408e+03   1.5437039e+03   5.5656480e+03
   5.0018582e+04   8.6512824e+03  -1.9789314e+03  -3.4127121e+03  -2.9033462e+03  -6.0407403e+03   1.5921678e+04   1.2171103e+04   1.1259874e+03  -8.9175979e+03  -8.9175979e+03   1.1351468e+03   5.4691331e+03
   5.1267895e+04   8.5284337e+03  -1.9996746e+03  -3.4926441e+03  -2.9545776e+03  -6.1150356e+03   1.5985347e+04   1.1936991e+04   7.8507720e+02  -9.4172214e+03  -9.4172214e+03   7.1997336e+02   5.3677111e+03
   5.2517208e+04   8.4025162e+03  -2.0215694e+03  -3.5715161e+03  -3.0073886e+03  -6.1872048e+03   1.6045588e+04   1.1699591e+04   4.4418794e+02  -9.9174855e+03  -9.9174855e+03   3.0197028e+02   5.2653011e+03
   5.3766521e+04   8.2734979e+03  -2.0452448e+03  -3.6489355e+03  -3.0618136e+03  -6.2580502e+03   1.6104040e+04   1.1460412e+04   1.0191094e+02  -1.0418003e+04  -1.0418003e+04  -1.1850683e+02   5.1614900e+03
   5.5015834e+04   8.1408418e+03  -2.0703965e+03  -3.7239746e+03  -3.1186899e+03  -6.3275592e+03   1.6161007e+04   1.1219635e+04  -2.4151721e+02  -1.0918065e+04  -1.0918065e+04  -5.4068139e+02   5.0565174e+03
   5.6265149e+04   8.0052823e+03  -2.0958861e+03  -3.7981684e+03  -3.1765637e+03  -6.3956552e+03   1.6215747e+04   1.0977631e+04  -5.8436959e+02  -1.1416793e+04  -1.1416793e+04  -9.6389486e+02   4.9508377e+03
   5.7514460e+04   7.8666428e+03  -2.1189497e+03  -3.8750345e+03  -3.2297162e+03  -6.4643967e+03   1.6266312e+04   1.0736030e+04  -9.2588432e+02  -1.1914141e+04  -1.1914141e+04  -1.3862004e+03   4.8465744e+03
   5.8763775e+04   7.7236976e+03  -2.1423837e+03  -3.9525012e+03  -3.2831217e+03  -6.5314081e+03   1.6311230e+04   1.0491894e+04  -1.2715375e+03  -1.2417709e+04  -1.2417709e+04  -1.8124893e+03   4.7389806e+03
   6.0013089e+04   7.5778933e+03  -2.1666259e+03  -4.0309557e+03  -3.3366451e+03  -6.5972298e+03   1.6353196e+04   1.0246305e+04  -1.6198428e+03  -1.2925767e+04  -1.2925767e+04  -2.2417715e+03   4.6287312e+03
   6.1262402e+04   7.4315310e+03  -2.1917326e+03  -4.1108588e+03  -3.3890596e+03  -6.6620251e+03   1.6392173e+04   1.0000573e+04  -1.9681694e+03  -1.3434807e+04  -1.3434807e+04  -2.6710866e+03   4.5180185e+03
   6.2511715e+04   7.2826967e+03  -2.2165466e+03  -4.1918157e+03  -3.4418936e+03  -6.7280612e+03   1.6429764e+04   9.7519803e+03  -2.3207655e+03  -1.3950932e+04  -1.3950932e+04  -3.1060863e+03   4.4057146e+03
   6.3761028e+04   7.1521831e+03  -2.2451349e+03  -4.2647083e+03  -3.4819620e+03  -6.7797666e+03   1.6457067e+04   9.5319783e+03  -2.6310471e+03  -1.4403314e+04  -1.4403314e+04  -3.4893772e+03   4.3051462e+03
   6.5010343e+04   7.0386199e+03  -2.2705085e+03  -4.3227652e+03  -3.5135923e+03  -6.8221261e+03   1.6469098e+04   9.3377379e+03  -2.9028277e+03  -1.4790339e+04  -1.4790339e+04  -3.8143147e+03   4.2158501e+03
   6.6259657e+04   6.9179150e+03  -2.2970598e+03  -4.3801628e+03  -3.5492477e+03  -6.8675181e+03   1.6477475e+04   9.1311976e+03  -3.1898767e+03  -1.5198087e+04  -1.5198087e+04  -4.1483421e+03   4.1238665e+03
   6.7508968e+04   6.7939459e+03  -2.3249262e+03  -4.4365739e+03  -3.5861808e+03  -6.9126601e+03   1.6483374e+04   8.9201811e+03  -3.4811440e+03  -1.5610880e+04  -1.5610880e+04  -4.4837829e+03   4.0311938e+03
   6.8758284e+04   6.6659151e+03  -2.3542164e+03  -4.4908213e+03  -3.6256156e+03  -6.9574037e+03   1.6487949e+04   8.7049968e+03  -3.7758752e+03  -1.6028258e+04  -1.6028258e+04  -4.8225460e+03   3.9374754e+03
   7.0007600e+04   6.5339445e+03  -2.3837657e+03  -4.5429947e+03  -3.6676458e+03  -7.0020093e+03   1.6492311e+04   8.4869192e+03  -4.0728754e+03  -1.6447185e+04  -1.6447185e+04  -5.1629497e+03   3.8426092e+03
   7.1256911e+04   6.4000282e+03  -2.4149142e+03  -4.5932815e+03  -3.7108120e+03  -7.0448687e+03   1.6494694e+04   8.2677215e+03  -4.3696719e+03  -1.6866169e+04  -1.6866169e+04  -5.5038337e+03   3.7469866e+03
   7.2506219e+04   6.2687289e+03  -2.4476392e+03  -4.6411557e+03  -3.7519272e+03  -7.0836904e+03   1.6496337e+04   8.0539522e+03  -4.6567575e+03  -1.7271681e+04  -1.7271681e+04  -5.8349703e+03   3.6546013e+03
   7.3755565e+04   6.1780789e+03  -2.4891865e+03  -4.6658673e+03  -3.7657453e+03  -7.0883187e+03   1.6468055e+04   7.9051418e+03  -4.8481577e+03  -1.7537289e+04  -1.7537289e+04  -6.0389322e+03   3.5939325e+03
   7.5004824e+04   6.0777628e+03  -2.5292189e+03  -4.6832935e+03  -3.7846616e+03  -7.0943100e+03   1.6421877e+04   7.7420323e+03  -5.0541076e+03  -1.7819957e+04  -1.7819957e+04  -6.2406453e+03   3.5268777e+03
   7.6255476e+04   5.9673917e+03  -2.5701145e+03  -4.6983300e+03  -3.8079821e+03  -7.0999513e+03   1.6365839e+04   7.5672573e+03  -5.2722754e+03  -1.8121633e+04  -1.8121633e+04  -6.4500905e+03   3.4542073e+03
   7.7506732e+04   5.8499381e+03  -2.6102157e+03  -4.7119084e+03  -3.8349499e+03  -7.1052500e+03   1.6303226e+04   7.3855374e+03  -5.4976253e+03  -1.8433516e+04  -1.8433516e+04  -6.6663843e+03   3.3774974e+03
   7.8757940e+04   5.7280520e+03  -2.6497291e+03  -4.7249379e+03  -3.8642786e+03  -7.1098995e+03   1.6237313e+04   7.2005238e+03  -5.7263664e+03  -1.8750256e+04  -1.8750256e+04  -6.8868066e+03   3.2985536e+03
   8.0009161e+04   5.6029436e+03  -2.6876460e+03  -4.7375600e+03  -3.8955273e+03  -7.1145184e+03   1.6170047e+04   7.0135781e+03  -5.9562673e+03  -1.9069926e+04  -1.9069926e+04  -7.1095814e+03   3.2179781e+03
   8.1260385e+04   5.4761581e+03  -2.7264182e+03  -4.7500770e+03  -3.9272481e+03  -7.1180475e+03   1.6100313e+04   6.8252231e+03  -6.1870897e+03  -1.9390883e+04  -1.9390883e+04  -7.3332195e+03   3.1362404e+03
   8.2511605e+04   5.3487304e+03  -2.7659763e+03  -4.7621276e+03  -3.9588639e+03  -7.1211473e+03   1.6029949e+04   6.6364012e+03  -6.4182223e+03  -1.9712506e+04  -1.9712506e+04  -7.5577548e+03   3.0541064e+03
   8.3762825e+04   5.2207000e+03  -2.8045017e+03  -4.7739141e+03  -3.9908224e+03  -7.1248832e+03   1.5960086e+04   6.4479319e+03  -6.6497104e+03  -2.0033858e+04  -2.0033858e+04  -7.7833690e+03   2.9719959e+03
   8.5014044e+04   5.0923522e+03  -2.8425327e+03  -4.7858722e+03  -4.0230371e+03  -7.1283269e+03   1.5890220e+04   6.2590682e+03  -6.8817921e+03  -2.0354517e+04  -2.0354517e+04  -8.0093845e+03   2.8896776e+03
   8.6265268e+04   4.9638226e+03  -2.8800951e+03  -4.7980328e+03  -4.0553797e+03  -7.1318505e+03   1.5820285e+04   6.0702306e+03  -7.1135648e+03  -2.0675692e+04  -2.0675692e+04  -8.2356949e+03   2.8073732e+03
   8.7516488e+04   4.8351340e+03  -2.9168622e+03  -4.8109476e+03  -4.0876164e+03  -7.1356998e+03   1.5750229e+04   5.8815532e+03  -7.3453882e+03  -2.0996780e+04  -2.0996780e+04  -8.4608662e+03   2.7249092e+03
   8.8767707e+04   4.7068464e+03  -2.9549082e+03  -4.8237950e+03  -4.1193131e+03  -7.1389282e+03   1.5679652e+04   5.6931321e+03  -7.5776275e+03  -2.1317161e+04  -2.1317161e+04  -8.6859561e+03   2.6426158e+03
   9.0018926e+04   4.5786991e+03  -2.9924267e+03  -4.8369062e+03  -4.1509460e+03  -7.1426749e+03   1.5609598e+04   5.5044936e+03  -7.8098190e+03  -2.1637915e+04  -2.1637915e+04  -8.9100871e+03   2.5603734e+03
   9.1270151e+04   4.4506752e+03  -3.0299891e+03  -4.8502695e+03  -4.1822721e+03  -7.1463691e+03   1.5538565e+04   5.3155075e+03  -8.0414204e+03  -2.1959761e+04  -2.1959761e+04  -9.1336576e+03   2.4779702e+03
   9.2521371e+04   4.3225887e+03  -3.0664321e+03  -4.8643184e+03  -4.2140164e+03  -7.1504450e+03   1.5467559e+04   5.1267515e+03  -8.2735027e+03  -2.2281014e+04  -2.2281014e+04  -9.3578017e+03   2.3960276e+03
   9.3772590e+04   4.1942574e+03  -3.1023041e+03  -4.8777705e+03  -4.2460865e+03  -7.1544323e+03   1.5396280e+04   4.9386476e+03  -8.5055683e+03  -2.2602344e+04  -2.2602344e+04  -9.5838208e+03   2.3143205e+03
   9.5023809e+04   4.0657729e+03  -3.1379248e+03  -4.8920217e+03  -4.2781297e+03  -7.1584313e+03   1.5324396e+04   4.7502046e+03  -8.7377987e+03  -2.2923095e+04  -2.2923095e+04  -9.8110058e+03   2.2327784e+03
   9.6275033e+04   3.9372889e+03  -3.1737732e+03  -4.9061739e+03  -4.3097678e+03  -7.1620972e+03   1.5252367e+04   4.5616819e+03  -8.9694955e+03  -2.3243259e+04  -2.3243259e+04  -1.0037907e+04   2.1509792e+03
   9.7526250e+04   3.8086700e+03  -3.2096676e+03  -4.9197604e+03  -4.3409931e+03  -7.1659712e+03   1.5180801e+04   4.3733726e+03  -9.2006322e+03  -2.3563857e+04  -2.3563857e+04  -1.0264770e+04   2.0689572e+03
   9.8777492e+04   3.6802960e+03  -3.2449905e+03  -4.9339667e+03  -4.3721190e+03  -7.1700547e+03   1.5109929e+04   4.1852657e+03  -9.4305448e+03  -2.3882617e+04  -2.3882617e+04  -1.0490157e+04   1.9865419e+03
   1.0002851e+05   3.5528181e+03  -3.2775543e+03  -4.9498665e+03  -4.4053921e+03  -7.1691776e+03   1.5033971e+04   3.9907357e+03  -9.6591134e+03  -2.4183689e+04  -2.4183689e+04  -1.0702210e+04   1.8921286e+03
   1.0127979e+05   3.4605519e+03  -3.2811174e+03  -4.9854191e+03  -4.4518564e+03  -7.1443883e+03   1.4956180e+04   3.7819132e+03  -9.8433569e+03  -2.4281002e+04  -2.4281002e+04  -1.0789698e+04   1.7115841e+03
   1.0253132e+05   3.4046701e+03  -3.2700745e+03  -5.0207204e+03  -4.4943258e+03  -7.1327780e+03   1.4929098e+04   3.6224523e+03  -9.9802802e+03  -2.4292857e+04  -2.4292857e+04  -1.0831447e+04   1.5514724e+03
   1.0378210e+05   3.3701665e+03  -3.2551184e+03  -5.0571175e+03  -4.5300267e+03  -7.1258239e+03   1.4927560e+04   3.4880854e+03  -1.0091673e+04  -2.4269878e+04  -2.4269878e+04  -1.0855098e+04   1.4060395e+03
   1.0503386e+05   3.3483971e+03  -3.2386556e+03  -5.0947098e+03  -4.5613852e+03  -7.1216872e+03   1.4938885e+04   3.3668297e+03  -1.0188833e+04  -2.4230173e+04  -2.4230173e+04  -1.0869749e+04   1.2691732e+03
   1.0628445e+05   3.3335298e+03  -3.2189143e+03  -5.1347424e+03  -4.5905635e+03  -7.1196357e+03   1.4957090e+04   3.2513589e+03  -1.0278515e+04  -2.4182291e+04  -2.4182291e+04  -1.0879087e+04   1.1359711e+03
   1.0753639e+05   3.3226455e+03  -3.1978144e+03  -5.1757605e+03  -4.6181994e+03  -7.1182012e+03   1.4978009e+04   3.1391152e+03  -1.0364364e+04  -2.4130992e+04  -2.4130992e+04  -1.0886511e+04   1.0047570e+03
   1.0878681e+05   3.3137481e+03  -3.1748890e+03  -5.2178640e+03  -4.6448419e+03  -7.1175899e+03   1.5000059e+04   3.0277503e+03  -1.0447347e+04  -2.4079631e+04  -2.4079631e+04  -1.0892606e+04   8.7441374e+02
   1.1003891e+05   3.3058549e+03  -3.1505345e+03  -5.2611004e+03  -4.6710311e+03  -7.1167675e+03   1.5021391e+04   2.9169905e+03  -1.0529079e+04  -2.4027079e+04  -2.4027079e+04  -1.0899527e+04   7.4436024e+02
   1.1128916e+05   3.2986672e+03  -3.1262462e+03  -5.3041680e+03  -4.6972678e+03  -7.1155720e+03   1.5041964e+04   2.8067263e+03  -1.0610283e+04  -2.3973991e+04  -2.3973991e+04  -1.0906831e+04   6.1425612e+02
   1.1254142e+05   3.2917000e+03  -3.1012146e+03  -5.3481488e+03  -4.7232076e+03  -7.1141765e+03   1.5062614e+04   2.6962757e+03  -1.0691267e+04  -2.3921196e+04  -2.3921196e+04  -1.0914602e+04   4.8422386e+02
   1.1379155e+05   3.2845428e+03  -3.0749687e+03  -5.3933561e+03  -4.7491407e+03  -7.1122270e+03   1.5081828e+04   2.5854342e+03  -1.0771840e+04  -2.3868691e+04  -2.3868691e+04  -1.0923520e+04   3.5391619e+02
   1.1504392e+05   3.2770332e+03  -3.0476449e+03  -5.4391330e+03  -4.7753597e+03  -7.1097007e+03   1.5100007e+04   2.4737065e+03  -1.0851712e+04  -2.3817412e+04  -2.3817412e+04  -1.0933826e+04   2.2308198e+02
   1.1629394e+05   3.2692969e+03  -3.0202191e+03  -5.4850472e+03  -4.8015936e+03  -7.1066327e+03   1.5116527e+04   2.3615377e+03  -1.0931205e+04  -2.3766688e+04  -2.3766688e+04  -1.0945398e+04   9.2056798e+01
   1.1754641e+05   3.2614617e+03  -2.9926447e+03  -5.5310974e+03  -4.8276744e+03  -7.1033123e+03   1.5132439e+04   2.2491421e+03  -1.1010748e+04  -2.3715935e+04  -2.3715935e+04  -1.0957082e+04  -3.9533877e+01
   1.1879635e+05   3.2533988e+03  -2.9643761e+03  -5.5779130e+03  -4.8540830e+03  -7.0995928e+03   1.5148131e+04   2.1365748e+03  -1.1090232e+04  -2.3664945e+04  -2.3664945e+04  -1.0968932e+04  -1.7151215e+02
   1.2004889e+05   3.2452211e+03  -2.9359827e+03  -5.6249473e+03  -4.8800514e+03  -7.0956053e+03   1.5162943e+04   2.0236347e+03  -1.1169227e+04  -2.3614592e+04  -2.3614592e+04  -1.0980516e+04  -3.0386458e+02
   1.2129876e+05   3.2366702e+03  -2.9063965e+03  -5.6729076e+03  -4.9064394e+03  -7.0915326e+03   1.5177521e+04   1.9105623e+03  -1.1247870e+04  -2.3564672e+04  -2.3564672e+04  -1.0992847e+04  -4.3635845e+02
   1.2255135e+05   3.2278363e+03  -2.8760802e+03  -5.7211753e+03  -4.9330762e+03  -7.0872147e+03   1.5191615e+04   1.7970979e+03  -1.1325753e+04  -2.3515360e+04  -2.3515360e+04  -1.1005917e+04  -5.6923799e+02
   1.2380120e+05   3.2190468e+03  -2.8467624e+03  -5.7688060e+03  -4.9593488e+03  -7.0821134e+03   1.5204477e+04   1.6836508e+03  -1.1403728e+04  -2.3465350e+04  -2.3465350e+04  -1.1019232e+04  -7.0235598e+02
   1.2505380e+05   3.2100910e+03  -2.8168787e+03  -5.8172126e+03  -4.9858099e+03  -7.0769183e+03   1.5216693e+04   1.5701657e+03  -1.1482805e+04  -2.3414936e+04  -2.3414936e+04  -1.1033124e+04  -8.3557019e+02
   1.2630365e+05   3.2009971e+03  -2.7863327e+03  -5.8664197e+03  -5.0121440e+03  -7.0714171e+03   1.5228191e+04   1.4564618e+03  -1.1561429e+04  -2.3365576e+04  -2.3365576e+04  -1.1046653e+04  -9.6917616e+02
   1.2755624e+05   3.1919004e+03  -2.7559042e+03  -5.9153625e+03  -5.0382445e+03  -7.0658253e+03   1.5239269e+04   1.3427181e+03  -1.1639433e+04  -2.3316314e+04  -2.3316314e+04  -1.1060535e+04  -1.1029741e+03
   1.2880611e+05   3.1824668e+03  -2.7255697e+03  -5.9642437e+03  -5.0647915e+03  -7.0602720e+03   1.5250704e+04   1.2283592e+03  -1.1716866e+04  -2.3268079e+04  -2.3268079e+04  -1.1074732e+04  -1.2361841e+03
   1.3005864e+05   3.1755876e+03  -2.6986403e+03  -6.0080932e+03  -5.0864083e+03  -7.0540409e+03   1.5263109e+04   1.1297122e+03  -1.1784261e+04  -2.3222176e+04  -2.3222176e+04  -1.1089797e+04  -1.3512282e+03
   1.3130858e+05   3.1815994e+03  -2.6956166e+03  -6.0096570e+03  -5.0777586e+03  -7.0532037e+03   1.5273438e+04   1.1354625e+03  -1.1791440e+04  -2.3205496e+04  -2.3205496e+04  -1.1111874e+04  -1.3401464e+03
   1.3256103e+05   3.1786778e+03  -2.6893850e+03  -6.0087676e+03  -5.0738904e+03  -7.0552027e+03   1.5273540e+04   1.1347363e+03  -1.1806672e+04  -2.3205799e+04  -2.3205799e+04  -1.1142017e+04  -1.3314808e+03
   1.3381108e+05   3.1710637e+03  -2.6851802e+03  -6.0084476e+03  -5.0715738e+03  -7.0560413e+03   1.5267945e+04   1.1282699e+03  -1.1826850e+04  -2.3214898e+04  -2.3214898e+04  -1.1175720e+04  -1.3273825e+03
   1.3506342e+05   3.1608161e+03  -2.6816501e+03  -6.0087496e+03  -5.0710420e+03  -7.0560715e+03   1.5258619e+04   1.1181028e+03  -1.1850337e+04  -2.3227603e+04  -2.3227603e+04  -1.1211905e+04  -1.3269097e+03
   1.3631358e+05   3.1496890e+03  -2.6799381e+03  -6.0090298e+03  -5.0711642e+03  -7.0553431e+03   1.5247871e+04   1.1060054e+03  -1.1875104e+04  -2.3242544e+04  -2.3242544e+04  -1.1247672e+04  -1.3279642e+03
   1.3756580e+05   3.1380268e+03  -2.6784775e+03  -6.0093333e+03  -5.0715599e+03  -7.0547534e+03   1.5237546e+04   1.0931857e+03  -1.1901371e+04  -2.3257263e+04  -2.3257263e+04  -1.1283110e+04  -1.3295834e+03
   1.3881610e+05   3.1258517e+03  -2.6767408e+03  -6.0095287e+03  -5.0719240e+03  -7.0540904e+03   1.5227144e+04   1.0796059e+03  -1.1928294e+04  -2.3272019e+04  -2.3272019e+04  -1.1318238e+04  -1.3315791e+03
   1.4006817e+05   3.1136749e+03  -2.6757230e+03  -6.0100257e+03  -5.0731424e+03  -7.0531524e+03   1.5216478e+04   1.0659850e+03  -1.1956033e+04  -2.3287448e+04  -2.3287448e+04  -1.1353075e+04  -1.3340045e+03
   1.4131862e+05   3.1016090e+03  -2.6748281e+03  -6.0104327e+03  -5.0739470e+03  -7.0526817e+03   1.5206786e+04   1.0519412e+03  -1.1982934e+04  -2.3303681e+04  -2.3303681e+04  -1.1387395e+04  -1.3367130e+03
   1.4257053e+05   3.0895958e+03  -2.6745956e+03  -6.0106476e+03  -5.0748077e+03  -7.0519932e+03   1.5196894e+04   1.0380753e+03  -1.2010868e+04  -2.3319458e+04  -2.3319458e+04  -1.1422386e+04  -1.3387734e+03
   1.4382115e+05   3.0778414e+03  -2.6751055e+03  -6.0104069e+03  -5.0754027e+03  -7.0516637e+03   1.5187348e+04   1.0240688e+03  -1.2038963e+04  -2.3335627e+04  -2.3335627e+04  -1.1457221e+04  -1.3411382e+03
   1.4507286e+05   3.0660711e+03  -2.6758588e+03  -6.0102986e+03  -5.0764856e+03  -7.0516532e+03   1.5178289e+04   1.0100476e+03  -1.2066679e+04  -2.3351414e+04  -2.3351414e+04  -1.1491373e+04  -1.3435190e+03
   1.4632368e+05   3.0543370e+03  -2.6765449e+03  -6.0101625e+03  -5.0773112e+03  -7.0515211e+03   1.5169060e+04   9.9648130e+02  -1.2095498e+04  -2.3366018e+04  -2.3366018e+04  -1.1525615e+04  -1.3455124e+03
   1.4757520e+05   3.0426509e+03  -2.6769401e+03  -6.0101493e+03  -5.0779842e+03  -7.0513796e+03   1.5159509e+04   9.8279250e+02  -1.2124076e+04  -2.3381878e+04  -2.3381878e+04  -1.1560435e+04  -1.3480000e+03
   1.4882622e+05   3.0309155e+03  -2.6770661e+03  -6.0103135e+03  -5.0784388e+03  -7.0513607e+03   1.5150497e+04   9.6903721e+02  -1.2153300e+04  -2.3396276e+04  -2.3396276e+04  -1.1594924e+04  -1.3505862e+03
   1.5007755e+05   3.0193454e+03  -2.6775517e+03  -6.0107469e+03  -5.0791472e+03  -7.0511360e+03   1.5141139e+04   9.5521815e+02  -1.2182560e+04  -2.3411226e+04  -2.3411226e+04  -1.1628722e+04  -1.3530128e+03
   1.5132876e+05   3.0079189e+03  -2.6786718e+03  -6.0108655e+03  -5.0800733e+03  -7.0506738e+03   1.5132044e+04   9.4147225e+02  -1.2212320e+04  -2.3425682e+04  -2.3425682e+04  -1.1662622e+04  -1.3549409e+03
   1.5257986e+05   2.9964582e+03  -2.6794930e+03  -6.0106578e+03  -5.0809234e+03  -7.0505272e+03   1.5122831e+04   9.2775219e+02  -1.2241338e+04  -2.3441274e+04  -2.3441274e+04  -1.1696381e+04  -1.3569084e+03
   1.5383130e+05   2.9847450e+03  -2.6797102e+03  -6.0109539e+03  -5.0818407e+03  -7.0505367e+03   1.5113723e+04   9.1410699e+02  -1.2270051e+04  -2.3456781e+04  -2.3456781e+04  -1.1731277e+04  -1.3586231e+03
   1.5508221e+05   2.9729412e+03  -2.6795555e+03  -6.0112656e+03  -5.0826373e+03  -7.0506773e+03   1.5103957e+04   9.0060808e+02  -1.2299162e+04  -2.3472011e+04  -2.3472011e+04  -1.1765867e+04  -1.3609218e+03
   1.5633384e+05   2.9610077e+03  -2.6796190e+03  -6.0110882e+03  -5.0834229e+03  -7.0502967e+03   1.5094139e+04   8.8706977e+02  -1.2328424e+04  -2.3486804e+04  -2.3486804e+04  -1.1799759e+04  -1.3635888e+03
   1.5758456e+05   2.9492196e+03  -2.6806644e+03  -6.0106315e+03  -5.0844905e+03  -7.0497394e+03   1.5084736e+04   8.7313891e+02  -1.2357527e+04  -2.3502070e+04  -2.3502070e+04  -1.1833895e+04  -1.3662581e+03
   1.5883637e+05   2.9377334e+03  -2.6822627e+03  -6.0100644e+03  -5.0852232e+03  -7.0491698e+03   1.5075966e+04   8.5920684e+02  -1.2386523e+04  -2.3517220e+04  -2.3517220e+04  -1.1868012e+04  -1.3684259e+03
   1.6008691e+05   2.9262553e+03  -2.6835433e+03  -6.0096378e+03  -5.0858626e+03  -7.0488547e+03   1.5067413e+04   8.4533984e+02  -1.2415774e+04  -2.3532588e+04  -2.3532588e+04  -1.1901808e+04  -1.3705149e+03
   1.6133889e+05   2.9146960e+03  -2.6843418e+03  -6.0093892e+03  -5.0863750e+03  -7.0486698e+03   1.5058308e+04   8.3152454e+02  -1.2445017e+04  -2.3548003e+04  -2.3548003e+04  -1.1936047e+04  -1.3726052e+03
   1.6258927e+05   2.9029630e+03  -2.6845563e+03  -6.0093411e+03  -5.0873389e+03  -7.0485649e+03   1.5049286e+04   8.1768127e+02  -1.2474384e+04  -2.3563165e+04  -2.3563165e+04  -1.1969998e+04  -1.3744070e+03
   1.6384141e+05   2.8911306e+03  -2.6843609e+03  -6.0097912e+03  -5.0885176e+03  -7.0487599e+03   1.5040625e+04   8.0390040e+02  -1.2503413e+04  -2.3578213e+04  -2.3578213e+04  -1.2004444e+04  -1.3769323e+03
   1.6509163e+05   2.8793121e+03  -2.6843863e+03  -6.0101636e+03  -5.0894317e+03  -7.0486536e+03   1.5031479e+04   7.9001024e+02  -1.2532307e+04  -2.3593492e+04  -2.3593492e+04  -1.2039061e+04  -1.3796107e+03
   1.6634392e+05   2.8675086e+03  -2.6846364e+03  -6.0103548e+03  -5.0903869e+03  -7.0485352e+03   1.5022641e+04   7.7604454e+02  -1.2561207e+04  -2.3609079e+04  -2.3609079e+04  -1.2072907e+04  -1.3819457e+03
   1.6759401e+05   2.8555948e+03  -2.6844116e+03  -6.0107251e+03  -5.0912687e+03  -7.0484675e+03   1.5013505e+04   7.6244375e+02  -1.2590321e+04  -2.3624300e+04  -2.3624300e+04  -1.2107203e+04  -1.3838539e+03
   1.6884642e+05   2.8436442e+03  -2.6841803e+03  -6.0108712e+03  -5.0919908e+03  -7.0482794e+03   1.5004159e+04   7.4870235e+02  -1.2619272e+04  -2.3639733e+04  -2.3639733e+04  -1.2141939e+04  -1.3859309e+03
   1.7009641e+05   2.8317388e+03  -2.6844412e+03  -6.0108127e+03  -5.0933850e+03  -7.0476544e+03   1.4994842e+04   7.3468749e+02  -1.2647934e+04  -2.3654546e+04  -2.3654546e+04  -1.2176782e+04  -1.3883606e+03
   1.7134891e+05   2.8199959e+03  -2.6846989e+03  -6.0111052e+03  -5.0946367e+03  -7.0469226e+03   1.4985440e+04   7.2072029e+02  -1.2676900e+04  -2.3669588e+04  -2.3669588e+04  -1.2211634e+04  -1.3907450e+03
   1.7259881e+05   2.8082208e+03  -2.6849637e+03  -6.0110749e+03  -5.0954278e+03  -7.0468475e+03   1.4976904e+04   7.0685428e+02  -1.2706294e+04  -2.3684893e+04  -2.3684893e+04  -1.2245895e+04  -1.3926194e+03
   1.7385138e+05   2.7965232e+03  -2.6851740e+03  -6.0117643e+03  -5.0958786e+03  -7.0468202e+03   1.4967477e+04   6.9282296e+02  -1.2735138e+04  -2.3700625e+04  -2.3700625e+04  -1.2280669e+04  -1.3942873e+03
   1.7510124e+05   2.7847657e+03  -2.6852578e+03  -6.0118426e+03  -5.0967095e+03  -7.0470393e+03   1.4958439e+04   6.7893957e+02  -1.2763788e+04  -2.3716293e+04  -2.3716293e+04  -1.2316218e+04  -1.3964614e+03
   1.7635383e+05   2.7728446e+03  -2.6847195e+03  -6.0124525e+03  -5.0978547e+03  -7.0469019e+03   1.4948733e+04   6.6531803e+02  -1.2792447e+04  -2.3732034e+04  -2.3732034e+04  -1.2351012e+04  -1.3988252e+03
   1.7760368e+05   2.7610495e+03  -2.6844495e+03  -6.0133487e+03  -5.0989516e+03  -7.0463924e+03   1.4939494e+04   6.5137515e+02  -1.2820655e+04  -2.3747642e+04  -2.3747642e+04  -1.2385397e+04  -1.4010561e+03
   1.7885628e+05   2.7490451e+03  -2.6833778e+03  -6.0139132e+03  -5.1000976e+03  -7.0463857e+03   1.4930510e+04   6.3762466e+02  -1.2849603e+04  -2.3762303e+04  -2.3762303e+04  -1.2419718e+04  -1.4033130e+03
   1.8010614e+05   2.7370718e+03  -2.6831378e+03  -6.0139890e+03  -5.1016021e+03  -7.0457851e+03   1.4921360e+04   6.2358534e+02  -1.2877885e+04  -2.3777458e+04  -2.3777458e+04  -1.2453739e+04  -1.4056468e+03
   1.8135871e+05   2.7251969e+03  -2.6835256e+03  -6.0138410e+03  -5.1029098e+03  -7.0452688e+03   1.4912442e+04   6.0941313e+02  -1.2905994e+04  -2.3792930e+04  -2.3792930e+04  -1.2487980e+04  -1.4082232e+03
   1.8260860e+05   2.7134373e+03  -2.6841158e+03  -6.0138107e+03  -5.1036536e+03  -7.0452503e+03   1.4903489e+04   5.9549084e+02  -1.2934531e+04  -2.3808302e+04  -2.3808302e+04  -1.2521765e+04  -1.4103922e+03
   1.8386113e+05   2.7018284e+03  -2.6849674e+03  -6.0135627e+03  -5.1044207e+03  -7.0446753e+03   1.4894391e+04   5.8165452e+02  -1.2963593e+04  -2.3823636e+04  -2.3823636e+04  -1.2556379e+04  -1.4124261e+03
   1.8511108e+05   2.6904323e+03  -2.6866195e+03  -6.0132858e+03  -5.1050143e+03  -7.0442725e+03   1.4885293e+04   5.6804593e+02  -1.2993210e+04  -2.3838811e+04  -2.3838811e+04  -1.2590011e+04  -1.4148381e+03
   1.8636352e+05   2.6789767e+03  -2.6877718e+03  -6.0134995e+03  -5.1056768e+03  -7.0443742e+03   1.4876868e+04   5.5440604e+02  -1.3023302e+04  -2.3853164e+04  -2.3853164e+04  -1.2622866e+04  -1.4169296e+03
   1.8761358e+05   2.6674353e+03  -2.6880126e+03  -6.0142767e+03  -5.1063851e+03  -7.0444936e+03   1.4868291e+04   5.4081004e+02  -1.3053240e+04  -2.3867548e+04  -2.3867548e+04  -1.2656660e+04  -1.4188326e+03
   1.8886591e+05   2.6559227e+03  -2.6884012e+03  -6.0146023e+03  -5.1071666e+03  -7.0442868e+03   1.4859250e+04   5.2704466e+02  -1.3082540e+04  -2.3882663e+04  -2.3882663e+04  -1.2691002e+04  -1.4205727e+03
   1.9011608e+05   2.6443407e+03  -2.6888565e+03  -6.0147647e+03  -5.1085123e+03  -7.0441972e+03   1.4850739e+04   5.1304868e+02  -1.3111222e+04  -2.3898365e+04  -2.3898365e+04  -1.2725193e+04  -1.4226027e+03
   1.9136828e+05   2.6326708e+03  -2.6897768e+03  -6.0140405e+03  -5.1093309e+03  -7.0441748e+03   1.4841877e+04   4.9924678e+02  -1.3140390e+04  -2.3913659e+04  -2.3913659e+04  -1.2759574e+04  -1.4246707e+03
   1.9261861e+05   2.6209746e+03  -2.6908131e+03  -6.0131548e+03  -5.1102785e+03  -7.0435602e+03   1.4832601e+04   4.8541629e+02  -1.3169618e+04  -2.3928966e+04  -2.3928966e+04  -1.2794142e+04  -1.4269702e+03
   1.9387059e+05   2.6092505e+03  -2.6913519e+03  -6.0130224e+03  -5.1111870e+03  -7.0432545e+03   1.4823514e+04   4.7149857e+02  -1.3198705e+04  -2.3943983e+04  -2.3943983e+04  -1.2828332e+04  -1.4294066e+03
   1.9512134e+05   2.5977474e+03  -2.6925856e+03  -6.0128487e+03  -5.1121351e+03  -7.0425496e+03   1.4813785e+04   4.5777421e+02  -1.3227868e+04  -2.3959218e+04  -2.3959218e+04  -1.2862198e+04  -1.4316148e+03
   1.9637205e+05   2.5861992e+03  -2.6930949e+03  -6.0131440e+03  -5.1132458e+03  -7.0423838e+03   1.4804748e+04   4.4403301e+02  -1.3257144e+04  -2.3974450e+04  -2.3974450e+04  -1.2896415e+04  -1.4336644e+03
   1.9762760e+05   2.5746154e+03  -2.6936512e+03  -6.0137970e+03  -5.1141994e+03  -7.0425911e+03   1.4796367e+04   4.2994991e+02  -1.3285962e+04  -2.3990098e+04  -2.3990098e+04  -1.2930148e+04  -1.4360646e+03
   1.9885706e+05   2.5634850e+03  -2.6946817e+03  -6.0143222e+03  -5.1148920e+03  -7.0426345e+03   1.4787895e+04   4.1610519e+02  -1.3314218e+04  -2.4005788e+04  -2.4005788e+04  -1.2962822e+04  -1.4379160e+03
   2.0017161e+05   2.5513767e+03  -2.6945036e+03  -6.0152202e+03  -5.1160415e+03  -7.0426359e+03   1.4778863e+04   4.0172166e+02  -1.3344869e+04  -2.4021863e+04  -2.4021863e+04  -1.2998436e+04  -1.4396820e+03
   2.0068448e+05   2.5466146e+03  -2.6943471e+03  -6.0155964e+03  -5.1164232e+03  -7.0426195e+03   1.4775175e+04   3.9615395e+02  -1.3356988e+04  -2.4028024e+04  -2.4028024e+04  -1.3012536e+04  -1.4404907e+03
   2.0138000e+05   2.5402000e+03  -2.6942000e+03  -6.0161000e+03  -5.1169000e+03  -7.0425000e+03   1.4770000e+04   3.8863000e+02  -1.3373000e+04  -2.4037000e+04  -2.4037000e+04  -1.3032000e+04  -1.4416000e+03
