 time [msec], PF_current [kA]
 3688.000000 9720.000000 -1260.000000 540.0000000 -20.00000000 -1360.000000 9270.000000 17930.00000 16460.00000 14530.00000 14530.00000 16760.00000 16610.00000
 6256.000000 9830.000000 -1830.000000 560.0000000 -740.0000000 -1590.000000 10060.00000 17510.00000 14700.00000 11200.00000 11200.00000 15270.00000 14990.00000
 9104.000000 9940.000000 -2186.600098 473.4899902 -1410.000000 -1780.000000 10840.00000 17080.00000 12940.00000 8250.000000 8250.000000 13780.00000 13370.00000
 10016.46094 9980.849609 -2243.842529 353.1923828 -1534.675903 -1951.705933 11076.46289 16948.56836 12405.94727 7510.434570 7510.434570 13341.13379 12856.34375
 11016.95215 10041.96094 -2309.734863 230.1481018 -1645.306030 -2120.738281 11341.58105 16819.32617 11849.72070 6725.287109 6725.287109 12876.62695 12318.73438
 12016.29980 10090.16211 -2347.637207 111.1639023 -1768.665405 -2298.081543 11608.69629 16687.09375 11288.65332 5923.216797 5923.216797 12413.07715 11784.54785
 13016.13672 10139.80176 -2350.328613 -61.88542557 -1791.081421 -2520.097168 11854.93262 16569.38281 10787.57520 5276.912598 5276.912598 11997.86914 11310.32324
 14016.22559 10184.01758 -2345.708984 -249.4678497 -1791.739258 -2754.892090 12091.50391 16451.00586 10293.67480 4647.830078 4647.830078 11588.46777 10847.54785
 15016.19531 10222.94629 -2331.125000 -431.3335266 -1803.072876 -2993.640381 12329.04590 16333.17090 9796.546875 4008.034912 4008.034912 11178.55859 10383.79785
 16016.12012 10263.52441 -2334.821289 -601.5080566 -1809.288452 -3228.872559 12555.97559 16224.52148 9326.381836 3422.887451 3422.887451 10791.65332 9940.992188
 17015.76367 10298.48535 -2352.331787 -755.8863525 -1814.055054 -3464.774170 12769.12207 16120.24707 8873.678711 2875.882568 2875.882568 10420.96582 9518.871094
 18015.82812 10328.42969 -2359.375000 -912.1087036 -1822.413696 -3699.947998 12983.54980 16012.90234 8414.067383 2306.221436 2306.221436 10044.09277 9094.633789
 19015.42969 10361.08105 -2376.021484 -1065.915039 -1825.916626 -3933.504883 13199.72363 15907.29297 7956.743652 1743.601685 1743.601685 9666.899414 8671.563477
 20015.41992 10389.61816 -2316.129883 -1266.128540 -1839.723755 -4116.489258 13403.85547 15809.27930 7540.310059 1236.506104 1236.506104 9320.898438 8285.373047
 21015.21289 10409.69238 -2215.232910 -1476.643433 -1857.413696 -4282.896484 13605.27441 15715.67480 7142.129883 784.8362427 784.8362427 8995.714844 7912.137207
 22014.96680 10435.40430 -2132.628174 -1674.503784 -1861.447632 -4443.772949 13808.47754 15624.16406 6758.924316 380.1062012 380.1062012 8685.403320 7548.142578
 23015.39062 10471.45410 -2038.713013 -1867.093506 -1860.180176 -4611.650391 14020.22363 15543.42676 6380.700684 11.78395653 11.78395653 8396.227539 7175.525391
 24015.41016 10420.16797 -2010.175659 -1971.659668 -1888.500000 -4734.563477 14176.31055 15373.26758 6040.880371 -354.6871643 -354.6871643 8039.207520 6969.070801
 25015.80859 10285.27246 -2040.640991 -2021.657959 -1956.529663 -4814.873535 14272.91113 15116.08105 5712.269043 -818.7593994 -818.7593994 7585.267090 6898.113770
 26015.84961 10157.33496 -2064.125000 -2089.077148 -2025.591919 -4899.357910 14371.45410 14866.96973 5367.717773 -1319.961548 -1319.961548 7128.708496 6801.325684
 27016.21680 10025.82617 -2087.125000 -2160.186035 -2097.412354 -4983.183105 14466.75488 14616.45605 5016.938965 -1839.493408 -1839.493408 6665.948730 6702.501953
 28016.29688 9894.612305 -2111.174072 -2234.158203 -2169.788086 -5066.963379 14562.40918 14365.25684 4661.339355 -2366.536133 -2366.536133 6201.412598 6599.625977
 29016.61328 9763.089844 -2101.127441 -2320.729980 -2238.386963 -5147.780762 14648.31836 14143.39355 4334.952148 -2893.617188 -2893.617188 5765.531250 6493.194824
 30016.76562 9637.659180 -2065.143066 -2418.527832 -2312.037354 -5229.682617 14752.68359 13957.20605 4039.403320 -3443.898926 -3443.898926 5330.258789 6384.475098
 31017.00000 9524.590820 -2028.284546 -2522.362305 -2386.760498 -5311.758301 14878.12598 13791.15918 3761.527100 -4010.207031 -4010.207031 4889.769531 6279.928711
 32017.22852 9423.475586 -1991.095825 -2631.424805 -2461.395508 -5395.657227 15020.60840 13640.20215 3494.998047 -4591.724121 -4591.724121 4448.548828 6179.618164
 33017.38672 9333.834961 -1955.054565 -2746.548584 -2534.230957 -5480.514160 15174.39746 13497.84961 3234.625732 -5185.973145 -5185.973145 4006.308350 6082.936035
 34017.69922 9255.880859 -1918.167969 -2866.463623 -2601.917480 -5566.701660 15334.76953 13365.32031 2982.406494 -5779.380371 -5779.380371 3570.186279 5993.550293
 35017.63672 9174.708984 -1897.661011 -2975.185059 -2657.840820 -5651.778809 15475.51855 13213.38184 2713.963623 -6336.405762 -6336.405762 3154.849121 5911.148438
 36017.05078 9082.945312 -1900.912720 -3071.534180 -2708.481445 -5733.939941 15591.23633 13029.58691 2416.391113 -6872.997070 -6872.997070 2748.343994 5827.797363
 37016.51562 8983.789062 -1915.803467 -3161.017090 -2756.981201 -5813.707520 15690.39746 12828.59473 2103.850830 -7395.941895 -7395.941895 2346.319092 5742.894531
 38015.96484 8878.051758 -1935.926758 -3247.093994 -2805.275146 -5891.015137 15776.78027 12615.60352 1783.396851 -7909.623535 -7909.623535 1945.355469 5655.347168
 39015.41797 8767.933594 -1958.529541 -3330.882324 -2853.825928 -5965.397461 15852.79395 12397.50488 1460.110107 -8416.741211 -8416.741211 1543.703857 5565.647949
 40014.86719 8651.282227 -1978.931396 -3412.712158 -2903.346191 -6040.740234 15921.67773 12171.10254 1125.987427 -8917.597656 -8917.597656 1135.146851 5469.133301
 41014.31641 8528.433594 -1999.674561 -3492.644043 -2954.577637 -6115.035645 15985.34668 11936.99121 785.0772095 -9417.221680 -9417.221680 719.9733887 5367.710938
 42013.76562 8402.516602 -2021.569458 -3571.516113 -3007.388672 -6187.204590 16045.58789 11699.59082 444.1879272 -9917.485352 -9917.485352 301.9702759 5265.301270
 43013.21484 8273.498047 -2045.244751 -3648.935547 -3061.813721 -6258.050293 16104.04004 11460.41211 101.9109421 -10418.00293 -10418.00293 -118.5068283 5161.490234
 44012.66797 8140.841797 -2070.396484 -3723.974609 -3118.689941 -6327.559082 16161.00684 11219.63477 -241.5172119 -10918.06543 -10918.06543 -540.6813965 5056.517578
 45012.12109 8005.282227 -2095.885986 -3798.168457 -3176.563721 -6395.655273 16215.74707 10977.63086 -584.3695679 -11416.79297 -11416.79297 -963.8948364 4950.837891
 46011.57031 7866.642578 -2118.949707 -3875.034424 -3229.716309 -6464.396484 16266.31152 10736.03027 -925.8843384 -11914.14062 -11914.14062 -1386.200439 4846.574219
 47011.01953 7723.697754 -2142.383789 -3952.501221 -3283.121582 -6531.408203 16311.23047 10491.89355 -1271.537476 -12417.70898 -12417.70898 -1812.489258 4738.980469
 48010.47266 7577.893066 -2166.625977 -4030.955811 -3336.645020 -6597.229980 16353.19629 10246.30469 -1619.842773 -12925.76660 -12925.76660 -2241.771484 4628.730957
 49009.92188 7431.530762 -2191.732666 -4110.858887 -3389.059570 -6662.024902 16392.17383 10000.57324 -1968.169434 -13434.80664 -13434.80664 -2671.086670 4518.018555
 50009.37109 7282.696777 -2216.546631 -4191.815918 -3441.893555 -6728.061035 16429.76367 9751.980469 -2320.765381 -13950.93164 -13950.93164 -3106.086182 4405.714844
 51008.82422 7152.183105 -2245.135010 -4264.708496 -3481.961914 -6779.766602 16457.06641 9531.978516 -2631.047119 -14403.31445 -14403.31445 -3489.377197 4305.145996
 52008.27734 7038.620117 -2270.508545 -4322.765137 -3513.592285 -6822.125977 16469.09766 9337.738281 -2902.827637 -14790.33887 -14790.33887 -3814.314697 4215.850098
 53007.72656 6917.915039 -2297.059814 -4380.162598 -3549.247803 -6867.518066 16477.47461 9131.197266 -3189.876709 -15198.08691 -15198.08691 -4148.342285 4123.866699
 54007.17578 6793.945801 -2324.926270 -4436.573730 -3586.180908 -6912.660156 16483.37305 8920.180664 -3481.144043 -15610.87988 -15610.87988 -4483.782715 4031.193848
 55006.62500 6665.915039 -2354.216309 -4490.821289 -3625.615479 -6957.403809 16487.94922 8704.997070 -3775.875244 -16028.25781 -16028.25781 -4822.545898 3937.475342
 56006.08203 6533.944336 -2383.765625 -4542.994629 -3667.645752 -7002.009277 16492.31055 8486.918945 -4072.875488 -16447.18555 -16447.18555 -5162.949707 3842.609131
 57005.53125 6400.028320 -2414.914307 -4593.281738 -3710.812012 -7044.868652 16494.69336 8267.721680 -4369.671875 -16866.16992 -16866.16992 -5503.833496 3746.986572
 58004.97656 6268.729004 -2447.639160 -4641.155762 -3751.927246 -7083.690430 16496.33789 8053.952148 -4656.757324 -17271.68164 -17271.68164 -5834.970215 3654.601318
 59004.44922 6178.079102 -2489.186523 -4665.867188 -3765.745361 -7088.318848 16468.05469 7905.141602 -4848.157715 -17537.28906 -17537.28906 -6038.932129 3593.932617
 60003.85547 6077.762695 -2529.218994 -4683.293457 -3784.661621 -7094.310059 16421.87695 7742.032227 -5054.107422 -17819.95703 -17819.95703 -6240.645508 3526.877686
 61004.38281 5967.391602 -2570.114502 -4698.330078 -3807.982178 -7099.951172 16365.83887 7567.257324 -5272.275391 -18121.63281 -18121.63281 -6450.090332 3454.207275
 62005.38672 5849.937988 -2610.215820 -4711.908203 -3834.949951 -7105.250000 16303.22559 7385.537598 -5497.625488 -18433.51562 -18433.51562 -6666.384277 3377.497314
 63006.35156 5728.051758 -2649.729004 -4724.937988 -3864.278564 -7109.899414 16237.31348 7200.523926 -5726.366211 -18750.25586 -18750.25586 -6886.806641 3298.553711
 64007.33203 5602.943359 -2687.645996 -4737.560059 -3895.527344 -7114.518555 16170.04688 7013.578125 -5956.267090 -19069.92578 -19069.92578 -7109.581543 3217.978027
 65008.30859 5476.158203 -2726.418213 -4750.077148 -3927.248047 -7118.047363 16100.31348 6825.223145 -6187.089844 -19390.88281 -19390.88281 -7333.219727 3136.240479
 66009.28125 5348.730469 -2765.976318 -4762.127441 -3958.864014 -7121.147461 16029.94922 6636.401367 -6418.222168 -19712.50586 -19712.50586 -7557.754883 3054.106445
 67010.26562 5220.700195 -2804.501709 -4773.914062 -3990.822510 -7124.883301 15960.08594 6447.932129 -6649.710449 -20033.85742 -20033.85742 -7783.369141 2971.995850
 68011.24219 5092.352051 -2842.532715 -4785.872070 -4023.037109 -7128.326660 15890.21973 6259.068359 -6881.791992 -20354.51758 -20354.51758 -8009.384277 2889.677490
 69012.21094 4963.822754 -2880.095215 -4798.032715 -4055.379639 -7131.850586 15820.28516 6070.230469 -7113.564941 -20675.69141 -20675.69141 -8235.695312 2807.373291
 70013.18750 4835.133789 -2916.862305 -4810.947754 -4087.616455 -7135.699707 15750.22852 5881.553223 -7345.388184 -20996.77930 -20996.77930 -8460.866211 2724.909180
 71014.16406 4706.846191 -2954.908203 -4823.794922 -4119.312988 -7138.928223 15679.65234 5693.132324 -7577.627441 -21317.16016 -21317.16016 -8685.956055 2642.615723
 72015.14844 4578.699219 -2992.426758 -4836.906250 -4150.945801 -7142.674805 15609.59766 5504.493652 -7809.818848 -21637.91406 -21637.91406 -8910.086914 2560.373291
 73016.11719 4450.675293 -3029.989014 -4850.269531 -4182.271973 -7146.369141 15538.56543 5315.507324 -8041.420410 -21959.76172 -21959.76172 -9133.657227 2477.970215
 74017.09375 4322.588867 -3066.432129 -4864.318359 -4214.016602 -7150.444824 15467.55859 5126.751465 -8273.502930 -22281.01367 -22281.01367 -9357.801758 2396.027588
 75018.07812 4194.257324 -3102.304199 -4877.770508 -4246.086426 -7154.432129 15396.28027 4938.647461 -8505.568359 -22602.34375 -22602.34375 -9583.820312 2314.320557
 76019.05469 4065.772949 -3137.924805 -4892.021484 -4278.129883 -7158.431152 15324.39648 4750.204590 -8737.798828 -22923.09570 -22923.09570 -9811.005859 2232.778320
 77020.02344 3937.288818 -3173.773193 -4906.173828 -4309.767578 -7162.097168 15252.36719 4561.682129 -8969.495117 -23243.25977 -23243.25977 -10037.90723 2150.979248
 78021.00000 3808.669922 -3209.667480 -4919.760254 -4340.993164 -7165.971191 15180.80078 4373.372559 -9200.631836 -23563.85742 -23563.85742 -10264.76953 2068.957275
 79021.99219 3680.295898 -3244.990479 -4933.966797 -4372.119141 -7170.054688 15109.92871 4185.265625 -9430.544922 -23882.61719 -23882.61719 -10490.15723 1986.541870
 80028.50781 3552.818115 -3277.554199 -4949.866699 -4405.392090 -7169.177734 15033.97070 3990.735596 -9659.113281 -24183.68945 -24183.68945 -10702.20996 1892.128540
 81279.78906 3460.552002 -3281.117432 -4985.418945 -4451.856445 -7144.388184 14956.17969 3781.913086 -9843.356445 -24281.00195 -24281.00195 -10789.69824 1711.584106
 82531.32031 3404.670166 -3270.074463 -5020.720215 -4494.325684 -7132.777832 14929.09766 3622.452393 -9980.280273 -24292.85742 -24292.85742 -10831.44727 1551.472412
 83782.10156 3370.166504 -3255.118408 -5057.117676 -4530.026855 -7125.823730 14927.55957 3488.085449 -10091.67285 -24269.87891 -24269.87891 -10855.09766 1406.039551
 85033.85938 3348.397217 -3238.655518 -5094.709961 -4561.385254 -7121.687012 14938.88477 3366.829590 -10188.83301 -24230.17383 -24230.17383 -10869.74902 1269.173218
 86284.45312 3333.529785 -3218.914307 -5134.742188 -4590.563477 -7119.635742 14957.08984 3251.358887 -10278.51465 -24182.29102 -24182.29102 -10879.08691 1135.971069
 87536.39062 3322.645508 -3197.814453 -5175.760742 -4618.199219 -7118.201172 14978.00879 3139.115234 -10364.36426 -24130.99219 -24130.99219 -10886.51074 1004.757019
 88786.81250 3313.748047 -3174.888916 -5217.863770 -4644.841797 -7117.589844 15000.05859 3027.750244 -10447.34668 -24079.63086 -24079.63086 -10892.60645 874.4137573
 90038.90625 3305.854980 -3150.534424 -5261.100586 -4671.031250 -7116.767578 15021.39062 2916.990479 -10529.07910 -24027.07812 -24027.07812 -10899.52734 744.3602295
 91289.15625 3298.667236 -3126.246094 -5304.167969 -4697.267578 -7115.571777 15041.96387 2806.726318 -10610.28320 -23973.99023 -23973.99023 -10906.83105 614.2561035
 92541.42188 3291.699951 -3101.214600 -5348.148926 -4723.207520 -7114.176270 15062.61426 2696.275635 -10691.26660 -23921.19531 -23921.19531 -10914.60156 484.2238464
 93791.54688 3284.542725 -3074.968750 -5393.355957 -4749.140625 -7112.227051 15081.82812 2585.434082 -10771.83984 -23868.69141 -23868.69141 -10923.51953 353.9161987
 95043.92188 3277.033203 -3047.645020 -5439.132812 -4775.359863 -7109.700684 15100.00684 2473.706543 -10851.71191 -23817.41211 -23817.41211 -10933.82617 223.0819855
 96293.93750 3269.296875 -3020.218994 -5485.047363 -4801.593750 -7106.632812 15116.52734 2361.537598 -10931.20508 -23766.68750 -23766.68750 -10945.39844 92.05680084
 97546.40625 3261.461670 -2992.644775 -5531.097168 -4827.674316 -7103.312500 15132.43945 2249.142090 -11010.74805 -23715.93555 -23715.93555 -10957.08203 -39.53387833
 98796.35156 3253.398682 -2964.376221 -5577.913086 -4854.083008 -7099.592773 15148.13086 2136.574707 -11090.23242 -23664.94531 -23664.94531 -10968.93164 -171.5121460
 100048.8906 3245.221191 -2935.982666 -5624.947266 -4880.051270 -7095.605469 15162.94336 2023.634644 -11169.22656 -23614.59180 -23614.59180 -10980.51562 -303.8645935
 101298.7578 3236.670166 -2906.396484 -5672.907715 -4906.439453 -7091.532715 15177.52148 1910.562256 -11247.87012 -23564.67188 -23564.67188 -10992.84668 -436.3584595
 102551.3516 3227.836182 -2876.080078 -5721.175293 -4933.076172 -7087.214844 15191.61523 1797.097900 -11325.75293 -23515.35938 -23515.35938 -11005.91699 -569.2379761
 103801.2031 3219.046875 -2846.762451 -5768.806152 -4959.348633 -7082.113281 15204.47656 1683.650757 -11403.72754 -23465.34961 -23465.34961 -11019.23242 -702.3559570
 105053.7969 3210.091064 -2816.878662 -5817.212402 -4985.810059 -7076.918457 15216.69336 1570.165649 -11482.80469 -23414.93555 -23414.93555 -11033.12402 -835.5701904
 106303.6484 3200.997070 -2786.332764 -5866.419922 -5012.144043 -7071.416992 15228.19141 1456.461792 -11561.42871 -23365.57617 -23365.57617 -11046.65332 -969.1761475
 107556.2422 3191.900391 -2755.904297 -5915.362305 -5038.244629 -7065.825195 15239.26855 1342.718140 -11639.43262 -23316.31445 -23316.31445 -11060.53516 -1102.974121
 108806.1094 3182.466797 -2725.569580 -5964.243652 -5064.791504 -7060.271973 15250.70410 1228.359253 -11716.86621 -23268.07812 -23268.07812 -11074.73242 -1236.184082
 110058.6406 3175.587646 -2698.640381 -6008.093262 -5086.408203 -7054.041016 15263.10938 1129.712158 -11784.26074 -23222.17578 -23222.17578 -11089.79688 -1351.228149
 111308.5781 3181.599365 -2695.616699 -6009.657227 -5077.758789 -7053.203613 15273.43848 1135.462524 -11791.44043 -23205.49609 -23205.49609 -11111.87402 -1340.146362
 112561.0312 3178.677734 -2689.385010 -6008.767578 -5073.890625 -7055.202637 15273.54004 1134.736328 -11806.67188 -23205.79883 -23205.79883 -11142.01660 -1331.480835
 113811.0781 3171.063721 -2685.180176 -6008.447754 -5071.573730 -7056.041504 15267.94531 1128.269897 -11826.84961 -23214.89844 -23214.89844 -11175.71973 -1327.382446
 115063.4219 3160.816162 -2681.650146 -6008.749512 -5071.041992 -7056.071289 15258.61914 1118.102783 -11850.33691 -23227.60352 -23227.60352 -11211.90527 -1326.909668
 116313.5781 3149.688965 -2679.937988 -6009.029785 -5071.164062 -7055.343262 15247.87109 1106.005371 -11875.10352 -23242.54492 -23242.54492 -11247.67188 -1327.964233
 117565.7969 3138.026855 -2678.477539 -6009.333496 -5071.560059 -7054.753418 15237.54590 1093.185669 -11901.37109 -23257.26367 -23257.26367 -11283.11035 -1329.583374
 118816.0938 3125.851807 -2676.740723 -6009.528809 -5071.923828 -7054.090332 15227.14355 1079.605957 -11928.29395 -23272.01953 -23272.01953 -11318.23828 -1331.579102
 120068.1719 3113.674805 -2675.722900 -6010.025879 -5073.142578 -7053.152344 15216.47754 1065.984985 -11956.03320 -23287.44727 -23287.44727 -11353.07520 -1334.004517
 121318.6250 3101.608887 -2674.828125 -6010.432617 -5073.946777 -7052.681641 15206.78613 1051.941162 -11982.93359 -23303.68164 -23303.68164 -11387.39453 -1336.713013
 122570.5312 3089.595703 -2674.595703 -6010.647461 -5074.807617 -7051.993164 15196.89355 1038.075317 -12010.86816 -23319.45703 -23319.45703 -11422.38574 -1338.773438
 123821.1562 3077.841309 -2675.105469 -6010.406738 -5075.402832 -7051.663574 15187.34766 1024.068848 -12038.96289 -23335.62695 -23335.62695 -11457.22070 -1341.138184
 125072.8594 3066.071045 -2675.858887 -6010.298828 -5076.485840 -7051.653320 15178.28906 1010.047607 -12066.67871 -23351.41406 -23351.41406 -11491.37305 -1343.519043
 126323.6875 3054.336914 -2676.544922 -6010.162598 -5077.311035 -7051.520996 15169.05957 996.4813232 -12095.49805 -23366.01758 -23366.01758 -11525.61523 -1345.512451
 127575.2031 3042.650879 -2676.940186 -6010.149414 -5077.984375 -7051.379395 15159.50879 982.7924805 -12124.07617 -23381.87891 -23381.87891 -11560.43457 -1348.000000
 128826.2188 3030.915527 -2677.066162 -6010.313477 -5078.438965 -7051.360840 15150.49707 969.0372314 -12153.29980 -23396.27539 -23396.27539 -11594.92383 -1350.586182
 130077.5469 3019.345459 -2677.551758 -6010.747070 -5079.146973 -7051.136230 15141.13867 955.2181396 -12182.55957 -23411.22656 -23411.22656 -11628.72168 -1353.012817
 131328.7656 3007.918945 -2678.671875 -6010.865723 -5080.073242 -7050.673828 15132.04395 941.4722290 -12212.32031 -23425.68164 -23425.68164 -11662.62207 -1354.940918
 132579.8594 2996.458252 -2679.492920 -6010.657715 -5080.923340 -7050.527344 15122.83105 927.7521973 -12241.33789 -23441.27344 -23441.27344 -11696.38086 -1356.908447
 133831.2969 2984.745117 -2679.710205 -6010.954102 -5081.840820 -7050.536621 15113.72266 914.1069946 -12270.05078 -23456.78125 -23456.78125 -11731.27734 -1358.623047
 135082.2031 2972.941162 -2679.555420 -6011.265625 -5082.637207 -7050.677246 15103.95703 900.6080933 -12299.16211 -23472.01172 -23472.01172 -11765.86719 -1360.921753
 136333.8438 2961.007812 -2679.618896 -6011.088379 -5083.422852 -7050.296875 15094.13867 887.0697632 -12328.42383 -23486.80469 -23486.80469 -11799.75879 -1363.588745
 137584.5625 2949.219482 -2680.664307 -6010.631348 -5084.490723 -7049.739258 15084.73633 873.1389160 -12357.52734 -23502.07031 -23502.07031 -11833.89453 -1366.258057
 138836.3750 2937.733398 -2682.262695 -6010.064453 -5085.223145 -7049.169922 15075.96582 859.2068481 -12386.52344 -23517.22070 -23517.22070 -11868.01172 -1368.425903
 140086.9062 2926.255371 -2683.543213 -6009.637695 -5085.862793 -7048.854492 15067.41309 845.3398438 -12415.77441 -23532.58789 -23532.58789 -11901.80762 -1370.514893
 141338.8906 2914.696045 -2684.341797 -6009.389160 -5086.375000 -7048.669922 15058.30762 831.5245361 -12445.01660 -23548.00391 -23548.00391 -11936.04688 -1372.605225
 142589.2656 2902.962891 -2684.556396 -6009.341309 -5087.338867 -7048.564941 15049.28613 817.6812744 -12474.38379 -23563.16406 -23563.16406 -11969.99805 -1374.406982
 143841.4062 2891.130615 -2684.360840 -6009.791016 -5088.517578 -7048.759766 15040.62500 803.9003906 -12503.41309 -23578.21289 -23578.21289 -12004.44434 -1376.932251
 145091.6250 2879.312012 -2684.386230 -6010.163574 -5089.431641 -7048.653809 15031.47852 790.0102539 -12532.30664 -23593.49219 -23593.49219 -12039.06055 -1379.610718
 146343.9219 2867.508545 -2684.636475 -6010.354980 -5090.386719 -7048.535156 15022.64062 776.0445557 -12561.20703 -23609.07812 -23609.07812 -12072.90723 -1381.945679
 147594.0156 2855.594727 -2684.411621 -6010.725098 -5091.268555 -7048.467285 15013.50488 762.4437256 -12590.32129 -23624.30078 -23624.30078 -12107.20312 -1383.853882
 148846.4219 2843.644287 -2684.180420 -6010.871094 -5091.990723 -7048.279297 15004.15918 748.7023315 -12619.27246 -23639.73242 -23639.73242 -12141.93945 -1385.930908
 150096.4062 2831.738770 -2684.441162 -6010.812500 -5093.384766 -7047.654297 14994.84180 734.6875000 -12647.93359 -23654.54688 -23654.54688 -12176.78223 -1388.360596
 151348.9062 2819.995850 -2684.698975 -6011.104980 -5094.636719 -7046.922363 14985.44043 720.7202759 -12676.90039 -23669.58789 -23669.58789 -12211.63379 -1390.744995
 152598.8125 2808.220703 -2684.963623 -6011.074707 -5095.427734 -7046.847656 14976.90430 706.8543091 -12706.29395 -23684.89258 -23684.89258 -12245.89453 -1392.619385
 153851.3750 2796.523193 -2685.174072 -6011.764160 -5095.878418 -7046.820312 14967.47656 692.8229370 -12735.13770 -23700.62500 -23700.62500 -12280.66895 -1394.287354
 155101.2344 2784.765625 -2685.257812 -6011.842773 -5096.709473 -7047.039062 14958.43945 678.9395752 -12763.78809 -23716.29297 -23716.29297 -12316.21777 -1396.461426
 156353.8281 2772.844482 -2684.719482 -6012.452637 -5097.854492 -7046.901855 14948.73340 665.3180542 -12792.44727 -23732.03320 -23732.03320 -12351.01172 -1398.825195
 157603.6875 2761.049561 -2684.449463 -6013.348633 -5098.951660 -7046.392578 14939.49414 651.3751221 -12820.65527 -23747.64258 -23747.64258 -12385.39746 -1401.056152
 158856.2812 2749.045166 -2683.377686 -6013.913086 -5100.097656 -7046.385742 14930.50977 637.6246338 -12849.60254 -23762.30273 -23762.30273 -12419.71777 -1403.312988
 160106.1406 2737.071777 -2683.137695 -6013.988770 -5101.602051 -7045.785156 14921.36035 623.5853271 -12877.88477 -23777.45703 -23777.45703 -12453.73926 -1405.646851
 161358.7031 2725.197021 -2683.525635 -6013.840820 -5102.909668 -7045.269043 14912.44238 609.4131470 -12905.99414 -23792.92969 -23792.92969 -12487.98047 -1408.223145
 162608.5938 2713.437256 -2684.115723 -6013.810547 -5103.653809 -7045.250488 14903.48926 595.4908447 -12934.53125 -23808.30273 -23808.30273 -12521.76465 -1410.392212
 163861.1250 2701.828369 -2684.967285 -6013.562500 -5104.420898 -7044.675293 14894.39062 581.6545410 -12963.59277 -23823.63672 -23823.63672 -12556.37891 -1412.426147
 165111.0781 2690.432373 -2686.619385 -6013.285645 -5105.014160 -7044.272461 14885.29297 568.0459595 -12993.20996 -23838.81055 -23838.81055 -12590.01074 -1414.838135
 166363.5156 2678.976807 -2687.771729 -6013.499512 -5105.676758 -7044.374023 14876.86816 554.4060669 -13023.30176 -23853.16406 -23853.16406 -12622.86621 -1416.929565
 167613.5781 2667.435303 -2688.012695 -6014.276855 -5106.385254 -7044.493652 14868.29102 540.8100586 -13053.24023 -23867.54883 -23867.54883 -12656.66016 -1418.832642
 168865.9062 2655.922607 -2688.401123 -6014.602539 -5107.166504 -7044.286621 14859.25000 527.0446777 -13082.54004 -23882.66211 -23882.66211 -12691.00195 -1420.572754
 170116.0781 2644.340820 -2688.856445 -6014.764648 -5108.512207 -7044.197266 14850.73926 513.0487061 -13111.22168 -23898.36523 -23898.36523 -12725.19336 -1422.602661
 171368.2812 2632.670898 -2689.776855 -6014.040527 -5109.331055 -7044.174805 14841.87695 499.2467651 -13140.38965 -23913.65820 -23913.65820 -12759.57422 -1424.670654
 172618.6094 2620.974609 -2690.812988 -6013.154785 -5110.278320 -7043.560059 14832.60059 485.4162903 -13169.61816 -23928.96680 -23928.96680 -12794.14160 -1426.970215
 173870.5938 2609.250488 -2691.351807 -6013.022461 -5111.187012 -7043.254395 14823.51367 471.4985657 -13198.70508 -23943.98242 -23943.98242 -12828.33203 -1429.406616
 175121.3438 2597.747314 -2692.585693 -6012.848633 -5112.135254 -7042.549805 14813.78516 457.7742004 -13227.86816 -23959.21875 -23959.21875 -12862.19824 -1431.614746
 176372.0469 2586.199219 -2693.094971 -6013.144043 -5113.245605 -7042.383789 14804.74805 444.0330200 -13257.14355 -23974.44922 -23974.44922 -12896.41504 -1433.664429
 177627.5938 2574.615479 -2693.651123 -6013.796875 -5114.199219 -7042.591309 14796.36719 429.9499207 -13285.96191 -23990.09766 -23990.09766 -12930.14844 -1436.064575
 178857.0625 2563.485107 -2694.681641 -6014.322266 -5114.892090 -7042.634277 14787.89453 416.1051941 -13314.21777 -24005.78711 -24005.78711 -12962.82227 -1437.916016
 180171.6094 2551.376709 -2694.503662 -6015.220215 -5116.041504 -7042.635742 14778.86328 401.7216492 -13344.86914 -24021.86328 -24021.86328 -12998.43555 -1439.682007
 180684.4844 2546.614502 -2694.347168 -6015.596191 -5116.423340 -7042.619629 14775.17480 396.1539612 -13356.98828 -24028.02344 -24028.02344 -13012.53613 -1440.490723
 181380.0000 2540.199951 -2694.199951 -6016.100098 -5116.899902 -7042.500000 14770.00000 388.6300049 -13373.00000 -24037.00000 -24037.00000 -13032.00000 -1441.599976
