 time [msec], PF_current [kA]
   4.6100000e+03   9.7200000e+03  -1.2600000e+03   5.4000000e+02  -2.0000000e+01  -1.3600000e+03   9.2700000e+03   1.7930000e+04   1.6460000e+04   1.4530000e+04   1.4530000e+04   1.6760000e+04   1.6610000e+04
   7.8200000e+03   9.8300000e+03  -1.8300000e+03   5.6000000e+02  -7.4000000e+02  -1.5900000e+03   1.0060000e+04   1.7510000e+04   1.4700000e+04   1.1200000e+04   1.1200000e+04   1.5270000e+04   1.4990000e+04
   1.1380000e+04   9.9400000e+03  -2.1500000e+03   4.4000000e+02  -1.4100000e+03  -1.7800000e+03   1.0840000e+04   1.7080000e+04   1.2940000e+04   8.2500000e+03   8.2500000e+03   1.3780000e+04   1.3370000e+04
   1.5240000e+04   1.0060000e+04  -2.2900000e+03   7.0000000e+01  -1.7800000e+03  -2.2900000e+03   1.1640000e+04   1.6660000e+04   1.1180000e+04   5.5500000e+03   5.5500000e+03   1.2290000e+04   1.1740000e+04
   1.9520000e+04   1.0170000e+04  -2.2600000e+03  -5.6000000e+02  -1.8200000e+03  -3.0800000e+03   1.2420000e+04   1.6230000e+04   9.4200000e+03   3.0800000e+03   3.0800000e+03   1.0800000e+04   1.0120000e+04
   2.4170000e+04   1.0280000e+04  -2.2800000e+03  -1.1500000e+03  -1.8400000e+03  -3.9400000e+03   1.3210000e+04   1.5810000e+04   7.6600000e+03   7.4000000e+02   7.4000000e+02   9.3100000e+03   8.5000000e+03
   2.9370000e+04   1.0390000e+04  -1.9100000e+03  -2.1000000e+03  -1.8900000e+03  -4.5800000e+03   1.4000000e+04   1.5380000e+04   5.9000000e+03  -1.6800000e+03  -1.6800000e+03   7.8300000e+03   6.8800000e+03
   3.5250000e+04   9.7400000e+03  -2.0000000e+03  -2.4900000e+03  -2.2600000e+03  -4.9800000e+03   1.4450000e+04   1.4190000e+04   4.1600000e+03  -4.3300000e+03  -4.3300000e+03   5.5800000e+03   6.3600000e+03
   4.2120000e+04   9.0800000e+03  -2.0900000e+03  -2.9000000e+03  -2.6000000e+03  -5.3900000e+03   1.4900000e+04   1.2990000e+04   2.4200000e+03  -6.9400000e+03  -6.9400000e+03   3.3400000e+03   5.8400000e+03
   4.9260000e+04   8.4300000e+03  -2.1800000e+03  -3.3300000e+03  -2.9000000e+03  -5.8100000e+03   1.5350000e+04   1.1800000e+04   6.9000000e+02  -9.5200000e+03  -9.5200000e+03   1.1000000e+03   5.3300000e+03
   5.6210000e+04   7.7800000e+03  -2.2800000e+03  -3.7500000e+03  -3.1900000e+03  -6.2300000e+03   1.5800000e+04   1.0600000e+04  -1.0500000e+03  -1.2030000e+04  -1.2030000e+04  -1.1500000e+03   4.8100000e+03
   6.3220000e+04   7.1200000e+03  -2.3700000e+03  -4.2100000e+03  -3.4400000e+03  -6.6700000e+03   1.6250000e+04   9.4100000e+03  -2.7900000e+03  -1.4540000e+04  -1.4540000e+04  -3.3900000e+03   4.2900000e+03
   7.2550000e+04   6.4700000e+03  -2.4600000e+03  -4.6700000e+03  -3.6800000e+03  -7.1100000e+03   1.6700000e+04   8.2100000e+03  -4.5300000e+03  -1.6980000e+04  -1.6980000e+04  -5.6400000e+03   3.7800000e+03
   1.0000000e+05   5.4900000e+03  -2.6200000e+03  -5.3700000e+03  -3.9900000e+03  -7.7900000e+03   1.7380000e+04   6.4200000e+03  -7.1300000e+03  -2.0560000e+04  -2.0560000e+04  -9.0000000e+03   3.0000000e+03
   1.3000000e+05   4.9100000e+03  -2.0400000e+03  -7.5200000e+03  -5.6900000e+03  -7.5400000e+03   1.7200000e+04   3.2200000e+03  -9.5000000e+03  -2.0090000e+04  -2.0090000e+04  -9.6800000e+03  -4.0000000e+02
   5.3000000e+05   1.7400000e+03  -1.9700000e+03  -7.7000000e+03  -5.8300000e+03  -7.6700000e+03   1.5000000e+04  -4.7000000e+02  -1.8010000e+04  -2.3900000e+04  -2.3900000e+04  -2.0150000e+04  -7.8000000e+02
   5.5222000e+05   1.0400000e+03  -1.6900000e+03  -6.1200000e+03  -4.5600000e+03  -6.8500000e+03   1.2980000e+04  -9.2000000e+02  -1.7470000e+04  -2.3890000e+04  -2.3890000e+04  -2.1670000e+04  -2.7000000e+02
   5.7444000e+05   3.3000000e+02  -1.5600000e+03  -5.4100000e+03  -4.3800000e+03  -5.9900000e+03   1.0960000e+04  -1.3600000e+03  -1.7100000e+04  -2.3760000e+04  -2.3760000e+04  -2.2780000e+04   2.4000000e+02
   5.9000000e+05  -1.6000000e+02  -1.4400000e+03  -4.9200000e+03  -4.2800000e+03  -5.3900000e+03   9.5500000e+03  -1.6700000e+03  -1.6810000e+04  -2.3520000e+04  -2.3520000e+04  -2.3700000e+04   6.0000000e+02
   6.1600000e+05  -1.2500000e+03  -1.4900000e+03  -3.9300000e+03  -3.5700000e+03  -4.4900000e+03   6.2300000e+03  -3.0700000e+03  -1.6840000e+04  -2.1310000e+04  -2.1310000e+04  -2.3100000e+04  -1.6000000e+03
   6.4720000e+05  -2.6700000e+03  -1.6900000e+03  -2.4100000e+03  -2.7700000e+03  -3.1700000e+03   1.9000000e+03  -4.8800000e+03  -1.5870000e+04  -1.7590000e+04  -1.7590000e+04  -2.0110000e+04  -4.4800000e+03
   6.6800000e+05  -3.6100000e+03  -1.5700000e+03  -1.6500000e+03  -1.8900000e+03  -2.4800000e+03  -9.9000000e+02  -6.1000000e+03  -1.4990000e+04  -1.4680000e+04  -1.4680000e+04  -1.7740000e+04  -6.3900000e+03
   6.8880000e+05  -4.5100000e+03  -9.0000000e+02  -1.2300000e+03  -1.1200000e+03  -1.3200000e+03  -3.8800000e+03  -7.2500000e+03  -1.2860000e+04  -1.2720000e+04  -1.2720000e+04  -1.4480000e+04  -8.2100000e+03
