  3.5010E+00  1.5347E+00  3.1493E-02  1.7924E+02  7.0779E-01  5.7973E+02  4.7732E+01  3.8136E+00  1.0551E+00  3.0325E-01  2.4666E+00  4.6127E+02  2.0242E+00  2.2474E+02  1.8938E+00  6.9305E+01  5.3465E-01  5.9587E+02  4.7098E+01  1.9943E-01  3.2710E+00  1.0944E+01  1.1625E+01 -1.5963E+00  8.6911E+01  1.0989E+02  1.1890E+00  3.0393E+01  3.6058E+01  3.2232E+01  3.1772E+01  2.7378E+01  2.1170E+01  7.1508E+00 -1.4558E+00 -9.9249E-01  3.6819E+00  1.3034E+01  1.2219E-14 -1.3799E+00 -1.0685E+00 -1.2010E+00 -2.0998E+00 -7.9220E-02  2.1176E-01 -2.2708E+00 -1.6595E+00 -2.4995E+00  6.2875E-01 -1.5330E+00  0.0000E+00  1.8076E-01  0.0000E+00  2.0000E+00  2.3897E-09  4.7795E-09  9.2421E-10  4.2731E+02  2.0000E+00  3.3241E+00
  3.5020E+00  1.5339E+00  3.1645E-02  1.7923E+02  7.0967E-01  5.7976E+02  4.7659E+01  3.9020E+00  1.0551E+00  3.0330E-01  2.4672E+00  4.6492E+02  2.1006E+00  2.3163E+02  1.8694E+00  6.9256E+01  5.3490E-01  5.9589E+02  4.7046E+01  1.9955E-01  3.2710E+00  1.0942E+01  1.1602E+01 -7.3465E-01  8.6905E+01  1.0989E+02  1.2473E+00  3.0391E+01  3.6058E+01  3.2229E+01  3.1769E+01  2.7378E+01  2.1171E+01  7.1490E+00 -1.4553E+00 -9.9500E-01  3.6822E+00  1.3034E+01  7.2154E-15 -1.3532E+00 -9.9911E-01 -4.9861E+00 -2.1000E+00 -3.7651E-02  2.4045E-01 -1.1136E+00 -6.0372E-01 -3.6048E+00 -4.5027E-01 -1.5634E+00  0.0000E+00  3.0644E-01  0.0000E+00  2.0000E+00  2.5904E-09  5.1808E-09  1.0018E-09  4.2729E+02  2.0000E+00  3.3244E+00
  3.5030E+00  1.5343E+00  3.2127E-02  1.7924E+02  7.0991E-01  5.7976E+02  4.7690E+01  1.0370E+00  1.0551E+00  3.0335E-01  2.4679E+00  4.5953E+02  2.1778E+00  2.3723E+02  1.8551E+00  6.9306E+01  5.3484E-01  5.9593E+02  4.7092E+01  1.9956E-01  3.2723E+00  1.0946E+01  1.1582E+01  3.1549E-01  8.6899E+01  1.0989E+02  1.2519E+00  3.0390E+01  3.6058E+01  3.2227E+01  3.1767E+01  2.7379E+01  2.1172E+01  7.1470E+00 -1.4548E+00 -9.9747E-01  3.6824E+00  1.3033E+01  5.9535E-15 -1.3326E+00 -9.6611E-01 -4.9290E+00 -2.0992E+00 -4.5930E-02  2.6350E-01 -1.2158E+00 -7.1539E-01 -3.5572E+00 -3.7587E-01 -1.5895E+00  0.0000E+00  2.7434E-01  0.0000E+00  2.0000E+00  3.0541E-09  6.1081E-09  1.1811E-09  4.2732E+02  2.0000E+00  3.3250E+00
  3.5042E+00  1.5346E+00  3.2156E-02  1.7925E+02  7.1040E-01  5.7979E+02  4.7695E+01  1.0840E+00  1.0551E+00  3.0341E-01  2.4686E+00  4.5394E+02  2.2668E+00  2.4317E+02  1.8448E+00  6.9302E+01  5.3483E-01  5.9597E+02  4.7083E+01  1.9959E-01  3.2738E+00  1.0949E+01  1.1559E+01  3.9262E-02  8.6891E+01  1.0989E+02  1.2829E+00  3.0388E+01  3.6058E+01  3.2225E+01  3.1764E+01  2.7381E+01  2.1174E+01  7.1423E+00 -1.4547E+00 -9.9982E-01  3.6834E+00  1.3032E+01  6.5006E-15 -1.3152E+00 -9.4357E-01 -4.8756E+00 -2.0899E+00 -4.2182E-02  2.7921E-01 -1.8966E+00 -1.3668E+00 -2.9814E+00  2.2915E-01 -1.6058E+00  0.0000E+00  2.6752E-01  0.0000E+00  2.0000E+00  3.5579E-09  7.1158E-09  1.3760E-09  4.2737E+02  2.0000E+00  3.3259E+00
  3.5056E+00  1.5349E+00  3.2196E-02  1.7926E+02  7.1108E-01  5.7981E+02  4.7673E+01  1.1500E+00  1.0552E+00  3.0348E-01  2.4695E+00  4.4839E+02  2.3678E+00  2.4952E+02  1.8388E+00  6.9279E+01  5.3485E-01  5.9601E+02  4.7056E+01  1.9962E-01  3.2757E+00  1.0950E+01  1.1534E+01 -1.5417E-01  8.6882E+01  1.0988E+02  1.3262E+00  3.0385E+01  3.6058E+01  3.2221E+01  3.1761E+01  2.7382E+01  2.1176E+01  7.1363E+00 -1.4547E+00 -1.0026E+00  3.6846E+00  1.3031E+01  6.8353E-15 -1.2999E+00 -9.2681E-01 -4.8290E+00 -2.0802E+00 -3.6591E-02  2.8864E-01 -2.0082E+00 -1.4957E+00 -2.9324E+00  3.1164E-01 -1.6133E+00  0.0000E+00  2.6519E-01  0.0000E+00  2.0000E+00  4.2444E-09  8.4888E-09  1.6415E-09  4.2741E+02  2.0000E+00  3.3268E+00
  3.5074E+00  1.5343E+00  3.2297E-02  1.7927E+02  7.1270E-01  5.7981E+02  4.7643E+01  1.2126E+00  1.0553E+00  3.0357E-01  2.4706E+00  4.4307E+02  2.4817E+00  2.5623E+02  1.8386E+00  6.9253E+01  5.3526E-01  5.9601E+02  4.7029E+01  1.9976E-01  3.2781E+00  1.0952E+01  1.1505E+01 -1.7075E-01  8.6882E+01  1.0988E+02  1.3681E+00  3.0382E+01  3.6058E+01  3.2218E+01  3.1757E+01  2.7384E+01  2.1179E+01  7.1290E+00 -1.4547E+00 -1.0059E+00  3.6861E+00  1.3030E+01  6.7236E-15 -1.2869E+00 -9.1538E-01 -4.7893E+00 -2.0703E+00 -2.8869E-02  2.9319E-01 -2.0126E+00 -1.5282E+00 -2.9785E+00  2.9735E-01 -1.6140E+00  0.0000E+00  2.6350E-01  0.0000E+00  2.0000E+00  5.1931E-09  1.0386E-08  2.0084E-09  4.2745E+02  2.0000E+00  3.3278E+00
  3.5094E+00  1.5353E+00  3.2365E-02  1.7928E+02  7.1318E-01  5.7987E+02  4.7601E+01  1.2879E+00  1.0553E+00  3.0368E-01  2.4719E+00  4.3818E+02  2.6067E+00  2.6322E+02  1.8444E+00  6.9209E+01  5.3507E-01  5.9611E+02  4.6974E+01  1.9973E-01  3.2810E+00  1.0952E+01  1.1474E+01 -2.0119E-01  8.6857E+01  1.0988E+02  1.4168E+00  3.0379E+01  3.6058E+01  3.2213E+01  3.1753E+01  2.7386E+01  2.1182E+01  7.1202E+00 -1.4549E+00 -1.0100E+00  3.6878E+00  1.3028E+01  6.9372E-15 -1.2773E+00 -9.1272E-01 -4.7586E+00 -2.0606E+00 -1.8901E-02  2.9315E-01 -2.0438E+00 -1.5872E+00 -2.9935E+00  3.0987E-01 -1.6095E+00  0.0000E+00  2.5997E-01  0.0000E+00  2.0000E+00  6.5301E-09  1.3060E-08  2.5255E-09  4.2750E+02  2.0000E+00  3.3290E+00
  3.5119E+00  1.5356E+00  3.2498E-02  1.7929E+02  7.1459E-01  5.7987E+02  4.7546E+01  1.3579E+00  1.0554E+00  3.0380E-01  2.4734E+00  4.3411E+02  2.7444E+00  2.7043E+02  1.8596E+00  6.9156E+01  5.3530E-01  5.9610E+02  4.6922E+01  1.9978E-01  3.2846E+00  1.0953E+01  1.1438E+01 -2.2171E-01  8.6841E+01  1.0988E+02  1.4627E+00  3.0375E+01  3.6059E+01  3.2208E+01  3.1747E+01  2.7388E+01  2.1186E+01  7.1095E+00 -1.4551E+00 -1.0149E+00  3.6900E+00  1.3027E+01  6.9143E-15 -1.2677E+00 -9.0940E-01 -4.7316E+00 -2.0506E+00 -7.3084E-03  2.9240E-01 -2.0457E+00 -1.6193E+00 -3.0289E+00  2.9760E-01 -1.6028E+00  0.0000E+00  2.5574E-01  0.0000E+00  2.0000E+00  8.4049E-09  1.6810E-08  3.2505E-09  4.2753E+02  2.0000E+00  3.3302E+00
  3.5149E+00  1.5363E+00  3.2688E-02  1.7934E+02  7.1625E-01  5.7998E+02  4.7484E+01  1.4268E+00  1.0556E+00  3.0395E-01  2.4753E+00  4.3081E+02  2.8910E+00  2.7747E+02  1.8850E+00  6.9100E+01  5.3531E-01  5.9626E+02  4.6847E+01  1.9990E-01  3.2891E+00  1.0951E+01  1.1399E+01 -2.0793E-01  8.6820E+01  1.0988E+02  1.5075E+00  3.0371E+01  3.6059E+01  3.2202E+01  3.1741E+01  2.7391E+01  2.1190E+01  7.0968E+00 -1.4553E+00 -1.0209E+00  3.6925E+00  1.3025E+01  7.1432E-15 -1.2598E+00 -9.1102E-01 -4.7119E+00 -2.0410E+00  5.5377E-03  2.9033E-01 -2.0362E+00 -1.6398E+00 -3.0675E+00  2.7698E-01 -1.5945E+00  0.0000E+00  2.5145E-01  0.0000E+00  2.0000E+00  1.1146E-08  2.2291E-08  4.3105E-09  4.2771E+02  2.0000E+00  3.3328E+00
  3.5185E+00  1.5365E+00  3.2913E-02  1.7933E+02  7.1841E-01  5.7998E+02  4.7408E+01  1.4954E+00  1.0559E+00  3.0413E-01  2.4775E+00  4.2936E+02  3.0446E+00  2.8459E+02  1.9235E+00  6.9026E+01  5.3571E-01  5.9625E+02  4.6775E+01  1.9998E-01  3.2947E+00  1.0954E+01  1.1357E+01 -2.1286E-01  8.6798E+01  1.0988E+02  1.5526E+00  3.0365E+01  3.6059E+01  3.2195E+01  3.1733E+01  2.7395E+01  2.1195E+01  7.0816E+00 -1.4557E+00 -1.0281E+00  3.6954E+00  1.3022E+01  6.9445E-15 -1.2516E+00 -9.1151E-01 -4.6949E+00 -2.0314E+00  1.8533E-02  2.8926E-01 -2.0396E+00 -1.6706E+00 -3.0886E+00  2.6971E-01 -1.5869E+00  0.0000E+00  2.4514E-01  0.0000E+00  2.0000E+00  1.5052E-08  3.0103E-08  5.8211E-09  4.2776E+02  2.0000E+00  3.3347E+00
  3.5228E+00  1.5468E+00  3.2579E-02  1.7855E+02  7.1023E-01  5.7906E+02  4.7464E+01  1.6551E+00  1.0575E+00  3.0435E-01  2.4802E+00  4.3466E+02  3.1780E+00  2.9446E+02  1.9639E+00  6.8992E+01  5.3347E-01  5.9547E+02  4.6832E+01  1.9707E-01  3.3018E+00  1.0848E+01  1.1320E+01  1.3080E-01  8.6791E+01  1.0988E+02  1.6459E+00  3.0358E+01  3.6059E+01  3.2186E+01  3.1724E+01  2.7399E+01  2.1202E+01  7.0634E+00 -1.4563E+00 -1.0368E+00  3.6990E+00  1.3019E+01  6.9301E-15 -1.2446E+00 -9.1667E-01 -4.6861E+00 -2.0228E+00  3.1048E-02  2.8780E-01 -2.0336E+00 -1.6896E+00 -3.1121E+00  2.5549E-01 -1.5789E+00  0.0000E+00  2.2048E-01  0.0000E+00  2.0000E+00  2.0771E-08  4.1543E-08  8.0331E-09  4.2572E+02  2.0000E+00  3.3208E+00
  3.5280E+00  1.5487E+00  3.3270E-02  1.7858E+02  7.1146E-01  5.7912E+02  4.7370E+01  1.6403E+00  1.0578E+00  3.0461E-01  2.4834E+00  4.3620E+02  3.3331E+00  3.0018E+02  2.0316E+00  6.8877E+01  5.3345E-01  5.9557E+02  4.6704E+01  1.9706E-01  3.3102E+00  1.0834E+01  1.1271E+01 -1.8311E-01  8.6757E+01  1.0988E+02  1.6347E+00  3.0350E+01  3.6059E+01  3.2175E+01  3.1712E+01  2.7404E+01  2.1209E+01  7.0382E+00 -1.4577E+00 -1.0462E+00  3.7042E+00  1.3015E+01  7.0617E-15 -1.2443E+00 -9.2636E-01 -4.7063E+00 -2.0234E+00  4.2097E-02  2.8021E-01 -2.2765E+00 -1.9215E+00 -2.8776E+00  4.8096E-01 -1.5637E+00  0.0000E+00  2.1750E-01  0.0000E+00  2.0000E+00  3.0814E-08  6.1628E-08  1.1917E-08  4.2588E+02  2.0000E+00  3.3241E+00
  3.5342E+00  1.5490E+00  3.3677E-02  1.7859E+02  7.1519E-01  5.7920E+02  4.7228E+01  1.7029E+00  1.0580E+00  3.0492E-01  2.4873E+00  4.4091E+02  3.4854E+00  3.0607E+02  2.1189E+00  6.8739E+01  5.3415E-01  5.9566E+02  4.6557E+01  1.9723E-01  3.3206E+00  1.0827E+01  1.1216E+01 -2.2861E-01  8.6716E+01  1.0988E+02  1.6755E+00  3.0341E+01  3.6060E+01  3.2162E+01  3.1699E+01  2.7411E+01  2.1219E+01  7.0101E+00 -1.4589E+00 -1.0580E+00  3.7099E+00  1.3011E+01  7.0029E-15 -1.2424E+00 -9.2581E-01 -4.7244E+00 -2.0211E+00  5.0746E-02  2.7595E-01 -2.1524E+00 -1.8060E+00 -2.9703E+00  3.7310E-01 -1.5500E+00  0.0000E+00  2.1276E-01  0.0000E+00  2.0000E+00  4.3793E-08  8.7586E-08  1.6936E-08  4.2592E+02  2.0000E+00  3.3268E+00
  3.5416E+00  1.5497E+00  3.4242E-02  1.7860E+02  7.1930E-01  5.7930E+02  4.7067E+01  1.7341E+00  1.0581E+00  3.0529E-01  2.4919E+00  4.4752E+02  3.6338E+00  3.1161E+02  2.2250E+00  6.8584E+01  5.3493E-01  5.9576E+02  4.6390E+01  1.9742E-01  3.3332E+00  1.0823E+01  1.1157E+01 -2.1683E-01  8.6668E+01  1.0988E+02  1.6956E+00  3.0330E+01  3.6060E+01  3.2146E+01  3.1683E+01  2.7419E+01  2.1230E+01  6.9777E+00 -1.4600E+00 -1.0724E+00  3.7163E+00  1.3006E+01  7.0752E-15 -1.2405E+00 -9.2907E-01 -4.7512E+00 -2.0184E+00  5.7349E-02  2.7333E-01 -2.0827E+00 -1.7335E+00 -3.0027E+00  3.1818E-01 -1.5374E+00  0.0000E+00  2.0705E-01  0.0000E+00  2.0000E+00  6.4873E-08  1.2975E-07  2.5089E-08  4.2599E+02  2.0000E+00  3.3304E+00
  3.5505E+00  1.5506E+00  3.4889E-02  1.7863E+02  7.2412E-01  5.7943E+02  4.6870E+01  1.7609E+00  1.0584E+00  3.0574E-01  2.4974E+00  4.5576E+02  3.7790E+00  3.1696E+02  2.3501E+00  6.8395E+01  5.3583E-01  5.9588E+02  4.6187E+01  1.9766E-01  3.3485E+00  1.0820E+01  1.1093E+01 -2.2083E-01  8.6610E+01  1.0988E+02  1.7126E+00  3.0316E+01  3.6060E+01  3.2127E+01  3.1664E+01  2.7428E+01  2.1243E+01  6.9399E+00 -1.4610E+00 -1.0896E+00  3.7240E+00  1.3000E+01  7.1687E-15 -1.2369E+00 -9.3374E-01 -4.7836E+00 -2.0155E+00  6.1602E-02  2.7334E-01 -2.0412E+00 -1.6819E+00 -3.0032E+00  2.9063E-01 -1.5268E+00  0.0000E+00  2.0113E-01  0.0000E+00  2.0000E+00  9.7813E-08  1.9563E-07  3.7828E-08  4.2613E+02  2.0000E+00  3.3350E+00
  3.5605E+00  1.5517E+00  3.5615E-02  1.7866E+02  7.2950E-01  5.7958E+02  4.6642E+01  1.7846E+00  1.0587E+00  3.0625E-01  2.5037E+00  4.6467E+02  3.9117E+00  3.2201E+02  2.4823E+00  6.8177E+01  5.3681E-01  5.9602E+02  4.5952E+01  1.9792E-01  3.3657E+00  1.0816E+01  1.1029E+01 -2.2769E-01  8.6546E+01  1.0988E+02  1.7274E+00  3.0301E+01  3.6061E+01  3.2106E+01  3.1642E+01  2.7438E+01  2.1257E+01  6.8986E+00 -1.4618E+00 -1.1089E+00  3.7323E+00  1.2994E+01  7.2494E-15 -1.2308E+00 -9.3748E-01 -4.8221E+00 -2.0016E+00  2.7085E-02  2.7660E-01 -1.9984E+00 -1.6250E+00 -3.0026E+00  2.6193E-01 -1.5183E+00  0.0000E+00  1.9525E-01  0.0000E+00  2.0000E+00  1.4929E-07  2.9858E-07  5.7737E-08  4.2629E+02  2.0000E+00  3.3403E+00
  3.5705E+00  1.5523E+00  3.6352E-02  1.7861E+02  7.3482E-01  5.7953E+02  4.6413E+01  1.8065E+00  1.0592E+00  3.0675E-01  2.5099E+00  4.7345E+02  4.0211E+00  3.2676E+02  2.6025E+00  6.7948E+01  5.3814E-01  5.9597E+02  4.5729E+01  1.9805E-01  3.3832E+00  1.0817E+01  1.0972E+01 -2.2975E-01  8.6486E+01  1.0988E+02  1.7416E+00  3.0286E+01  3.6061E+01  3.2084E+01  3.1622E+01  2.7447E+01  2.1272E+01  6.8585E+00 -1.4623E+00 -1.1282E+00  3.7403E+00  1.2987E+01  7.2160E-15 -1.2216E+00 -9.3911E-01 -4.8657E+00 -1.9794E+00 -4.1480E-02  2.8388E-01 -1.9559E+00 -1.5648E+00 -3.0026E+00  2.3298E-01 -1.5138E+00  0.0000E+00  1.8930E-01  0.0000E+00  2.0000E+00  2.2209E-07  4.4419E-07  8.5893E-08  4.2621E+02  2.0000E+00  3.3437E+00
  3.5805E+00  1.5533E+00  3.7059E-02  1.7859E+02  7.3983E-01  5.7962E+02  4.6191E+01  1.8176E+00  1.0594E+00  3.0725E-01  2.5161E+00  4.8106E+02  4.1123E+00  3.3078E+02  2.7081E+00  6.7727E+01  5.3917E-01  5.9611E+02  4.5492E+01  1.9821E-01  3.4006E+00  1.0811E+01  1.0918E+01 -2.2161E-01  8.6425E+01  1.0988E+02  1.7484E+00  3.0271E+01  3.6061E+01  3.2061E+01  3.1602E+01  2.7456E+01  2.1286E+01  6.8192E+00 -1.4623E+00 -1.1475E+00  3.7482E+00  1.2981E+01  7.2666E-15 -1.2105E+00 -9.4865E-01 -4.9167E+00 -1.9822E+00 -4.3680E-02  2.9315E-01 -1.9191E+00 -1.5058E+00 -2.9970E+00  2.0995E-01 -1.5134E+00  0.0000E+00  1.8436E-01  0.0000E+00  2.0000E+00  3.1132E-07  6.2264E-07  1.2040E-07  4.2620E+02  2.0000E+00  3.3476E+00
  3.5905E+00  1.5551E+00  3.7695E-02  1.7871E+02  7.4531E-01  5.7994E+02  4.5940E+01  1.8292E+00  1.0598E+00  3.0776E-01  2.5223E+00  4.8694E+02  4.1973E+00  3.3373E+02  2.8045E+00  6.7500E+01  5.3983E-01  5.9635E+02  4.5237E+01  1.9855E-01  3.4182E+00  1.0805E+01  1.0865E+01 -2.5128E-01  8.6359E+01  1.0988E+02  1.7546E+00  3.0257E+01  3.6062E+01  3.2039E+01  3.1581E+01  2.7465E+01  2.1301E+01  6.7806E+00 -1.4621E+00 -1.1667E+00  3.7561E+00  1.2974E+01  7.4833E-15 -1.1970E+00 -9.5870E-01 -4.9728E+00 -1.9868E+00 -4.5478E-02  3.0440E-01 -1.8929E+00 -1.4539E+00 -2.9821E+00  1.9684E-01 -1.5145E+00  0.0000E+00  1.8098E-01  0.0000E+00  2.0000E+00  4.1164E-07  8.2329E-07  1.5920E-07  4.2662E+02  2.0000E+00  3.3548E+00
  3.6005E+00  1.5559E+00  3.8202E-02  1.7870E+02  7.5130E-01  5.7995E+02  4.5688E+01  1.8486E+00  1.0605E+00  3.0826E-01  2.5286E+00  4.9294E+02  4.2705E+00  3.3689E+02  2.8869E+00  6.7248E+01  5.4107E-01  5.9636E+02  4.4984E+01  1.9878E-01  3.4359E+00  1.0812E+01  1.0816E+01 -2.5218E-01  8.6298E+01  1.0987E+02  1.7669E+00  3.0242E+01  3.6062E+01  3.2016E+01  3.1561E+01  2.7474E+01  2.1316E+01  6.7432E+00 -1.4614E+00 -1.1860E+00  3.7636E+00  1.2968E+01  7.3458E-15 -1.1790E+00 -9.6055E-01 -5.0233E+00 -1.9914E+00 -4.8009E-02  3.1999E-01 -1.8428E+00 -1.3792E+00 -2.9937E+00  1.6026E-01 -1.5196E+00  0.0000E+00  1.7704E-01  0.0000E+00  2.0000E+00  5.1688E-07  1.0338E-06  1.9990E-07  4.2677E+02  2.0000E+00  3.3600E+00
  3.6105E+00  1.5569E+00  3.8692E-02  1.7870E+02  7.5654E-01  5.8006E+02  4.5442E+01  1.8595E+00  1.0608E+00  3.0876E-01  2.5348E+00  4.9828E+02  4.3316E+00  3.3973E+02  2.9535E+00  6.7001E+01  5.4215E-01  5.9643E+02  4.4729E+01  1.9895E-01  3.4536E+00  1.0805E+01  1.0771E+01 -2.4509E-01  8.6238E+01  1.0987E+02  1.7733E+00  3.0228E+01  3.6062E+01  3.1993E+01  3.1540E+01  2.7483E+01  2.1331E+01  6.7067E+00 -1.4602E+00 -1.2053E+00  3.7710E+00  1.2961E+01  7.3488E-15 -1.1603E+00 -9.6765E-01 -5.0798E+00 -1.9987E+00 -5.0789E-02  3.3623E-01 -1.8057E+00 -1.3156E+00 -2.9960E+00  1.3474E-01 -1.5263E+00  0.0000E+00  1.7304E-01  0.0000E+00  2.0000E+00  6.3171E-07  1.2634E-06  2.4431E-07  4.2680E+02  2.0000E+00  3.3642E+00
  3.6205E+00  1.5588E+00  3.9155E-02  1.7882E+02  7.6207E-01  5.8038E+02  4.5187E+01  1.8670E+00  1.0612E+00  3.0927E-01  2.5410E+00  5.0190E+02  4.3903E+00  3.4148E+02  3.0116E+00  6.6764E+01  5.4278E-01  5.9669E+02  4.4461E+01  1.9931E-01  3.4714E+00  1.0799E+01  1.0725E+01 -2.5497E-01  8.6173E+01  1.0987E+02  1.7767E+00  3.0215E+01  3.6062E+01  3.1970E+01  3.1520E+01  2.7491E+01  2.1346E+01  6.6708E+00 -1.4588E+00 -1.2246E+00  3.7782E+00  1.2955E+01  7.4676E-15 -1.1401E+00 -9.7733E-01 -5.1401E+00 -2.0056E+00 -5.3448E-02  3.5266E-01 -1.7788E+00 -1.2617E+00 -2.9910E+00  1.1816E-01 -1.5324E+00  0.0000E+00  1.7040E-01  0.0000E+00  2.0000E+00  7.4724E-07  1.4945E-06  2.8899E-07  4.2725E+02  2.0000E+00  3.3717E+00
  3.6305E+00  1.5596E+00  3.9492E-02  1.7883E+02  7.6821E-01  5.8040E+02  4.4925E+01  1.8848E+00  1.0620E+00  3.0977E-01  2.5473E+00  5.0580E+02  4.4421E+00  3.4345E+02  3.0592E+00  6.6504E+01  5.4401E-01  5.9670E+02  4.4199E+01  1.9954E-01  3.4892E+00  1.0807E+01  1.0682E+01 -2.6209E-01  8.6113E+01  1.0987E+02  1.7878E+00  3.0201E+01  3.6063E+01  3.1946E+01  3.1500E+01  2.7500E+01  2.1362E+01  6.6358E+00 -1.4569E+00 -1.2440E+00  3.7853E+00  1.2949E+01  7.3081E-15 -1.1160E+00 -9.7992E-01 -5.1933E+00 -2.0108E+00 -5.6214E-02  3.7170E-01 -1.7434E+00 -1.2024E+00 -2.9990E+00  9.2012E-02 -1.5400E+00  0.0000E+00  1.6718E-01  0.0000E+00  2.0000E+00  8.5216E-07  1.7043E-06  3.2957E-07  4.2742E+02  2.0000E+00  3.3770E+00
  3.6405E+00  1.5608E+00  3.9821E-02  1.7883E+02  7.7357E-01  5.8052E+02  4.4678E+01  1.8942E+00  1.0623E+00  3.1027E-01  2.5535E+00  5.0918E+02  4.4853E+00  3.4511E+02  3.0955E+00  6.6256E+01  5.4510E-01  5.9676E+02  4.3945E+01  1.9973E-01  3.5072E+00  1.0801E+01  1.0642E+01 -2.4727E-01  8.6054E+01  1.0987E+02  1.7931E+00  3.0188E+01  3.6063E+01  3.1922E+01  3.1479E+01  2.7509E+01  2.1378E+01  6.6015E+00 -1.4548E+00 -1.2635E+00  3.7922E+00  1.2942E+01  7.2603E-15 -1.0925E+00 -9.8897E-01 -5.2515E+00 -2.0176E+00 -5.8721E-02  3.8964E-01 -1.7096E+00 -1.1464E+00 -3.0083E+00  6.6330E-02 -1.5473E+00  0.0000E+00  1.6380E-01  0.0000E+00  2.0000E+00  9.5807E-07  1.9161E-06  3.7052E-07  4.2748E+02  2.0000E+00  3.3815E+00
  3.6505E+00  1.5620E+00  4.0110E-02  1.7885E+02  7.7900E-01  5.8063E+02  4.4430E+01  1.9032E+00  1.0627E+00  3.1078E-01  2.5597E+00  5.1175E+02  4.5256E+00  3.4621E+02  3.1256E+00  6.6007E+01  5.4611E-01  5.9684E+02  4.3687E+01  1.9993E-01  3.5251E+00  1.0798E+01  1.0602E+01 -2.4785E-01  8.5994E+01  1.0987E+02  1.7980E+00  3.0176E+01  3.6063E+01  3.1898E+01  3.1459E+01  2.7518E+01  2.1393E+01  6.5675E+00 -1.4523E+00 -1.2830E+00  3.7990E+00  1.2936E+01  7.2149E-15 -1.0686E+00 -1.0016E+00 -5.3126E+00 -2.0227E+00 -6.0578E-02  4.0614E-01 -1.6932E+00 -1.1091E+00 -3.0035E+00  5.6118E-02 -1.5519E+00  0.0000E+00  1.6092E-01  0.0000E+00  2.0000E+00  1.0532E-06  2.1064E-06  4.0732E-07  4.2762E+02  2.0000E+00  3.3866E+00
  3.6605E+00  1.5634E+00  4.0346E-02  1.7890E+02  7.8467E-01  5.8078E+02  4.4179E+01  1.9141E+00  1.0633E+00  3.1128E-01  2.5659E+00  5.1360E+02  4.5646E+00  3.4680E+02  3.1513E+00  6.5765E+01  5.4711E-01  5.9691E+02  4.3436E+01  2.0019E-01  3.5432E+00  1.0797E+01  1.0564E+01 -2.5113E-01  8.5934E+01  1.0987E+02  1.8039E+00  3.0163E+01  3.6062E+01  3.1873E+01  3.1439E+01  2.7527E+01  2.1409E+01  6.5340E+00 -1.4497E+00 -1.3024E+00  3.8058E+00  1.2930E+01  7.1884E-15 -1.0442E+00 -1.0156E+00 -5.3747E+00 -2.0268E+00 -6.1917E-02  4.2153E-01 -1.6738E+00 -1.0721E+00 -3.0030E+00  4.2661E-02 -1.5546E+00  0.0000E+00  1.5831E-01  0.0000E+00  2.0000E+00  1.1360E-06  2.2721E-06  4.3936E-07  4.2787E+02  2.0000E+00  3.3925E+00
  3.6705E+00  1.5648E+00  4.0523E-02  1.7894E+02  7.9042E-01  5.8093E+02  4.3932E+01  1.9264E+00  1.0638E+00  3.1178E-01  2.5722E+00  5.1496E+02  4.5994E+00  3.4706E+02  3.1714E+00  6.5524E+01  5.4810E-01  5.9700E+02  4.3185E+01  2.0044E-01  3.5613E+00  1.0796E+01  1.0526E+01 -2.4685E-01  8.5873E+01  1.0987E+02  1.8108E+00  3.0151E+01  3.6062E+01  3.1848E+01  3.1418E+01  2.7535E+01  2.1426E+01  6.5009E+00 -1.4469E+00 -1.3219E+00  3.8124E+00  1.2923E+01  7.1137E-15 -1.0196E+00 -1.0299E+00 -5.4355E+00 -2.0293E+00 -6.2680E-02  4.3601E-01 -1.6533E+00 -1.0377E+00 -3.0055E+00  2.7238E-02 -1.5557E+00  0.0000E+00  1.5571E-01  0.0000E+00  2.0000E+00  1.2053E-06  2.4106E-06  4.6613E-07  4.2813E+02  2.0000E+00  3.3985E+00
  3.6805E+00  1.5662E+00  4.0660E-02  1.7899E+02  7.9619E-01  5.8108E+02  4.3683E+01  1.9374E+00  1.0644E+00  3.1229E-01  2.5784E+00  5.1584E+02  4.6312E+00  3.4698E+02  3.1871E+00  6.5282E+01  5.4908E-01  5.9708E+02  4.2933E+01  2.0070E-01  3.5795E+00  1.0796E+01  1.0490E+01 -2.4935E-01  8.5812E+01  1.0987E+02  1.8168E+00  3.0140E+01  3.6061E+01  3.1823E+01  3.1398E+01  2.7544E+01  2.1442E+01  6.4681E+00 -1.4439E+00 -1.3414E+00  3.8190E+00  1.2917E+01  7.0444E-15 -9.9465E-01 -1.0449E+00 -5.4953E+00 -2.0305E+00 -6.2927E-02  4.4968E-01 -1.6377E+00 -1.0118E+00 -3.0055E+00  1.5438E-02 -1.5556E+00  0.0000E+00  1.5317E-01  0.0000E+00  2.0000E+00  1.2608E-06  2.5217E-06  4.8762E-07  4.2840E+02  2.0000E+00  3.4046E+00
  3.6905E+00  1.5676E+00  4.0757E-02  1.7905E+02  8.0199E-01  5.8124E+02  4.3433E+01  1.9484E+00  1.0650E+00  3.1279E-01  2.5846E+00  5.1625E+02  4.6602E+00  3.4656E+02  3.1994E+00  6.5039E+01  5.5006E-01  5.9717E+02  4.2681E+01  2.0097E-01  3.5977E+00  1.0796E+01  1.0454E+01 -2.5028E-01  8.5752E+01  1.0987E+02  1.8227E+00  3.0129E+01  3.6060E+01  3.1797E+01  3.1378E+01  2.7553E+01  2.1458E+01  6.4357E+00 -1.4408E+00 -1.3609E+00  3.8255E+00  1.2911E+01  6.9698E-15 -9.6943E-01 -1.0603E+00 -5.5541E+00 -2.0303E+00 -6.2656E-02  4.6262E-01 -1.6193E+00 -9.8703E-01 -3.0105E+00 -9.3437E-05 -1.5542E+00  0.0000E+00  1.5070E-01  0.0000E+00  2.0000E+00  1.3024E-06  2.6048E-06  5.0370E-07  4.2869E+02  2.0000E+00  3.4109E+00
  3.7005E+00  1.5690E+00  4.0817E-02  1.7911E+02  8.0782E-01  5.8140E+02  4.3183E+01  1.9595E+00  1.0656E+00  3.1329E-01  2.5908E+00  5.1626E+02  4.6864E+00  3.4589E+02  3.2086E+00  6.4799E+01  5.5104E-01  5.9726E+02  4.2430E+01  2.0124E-01  3.6160E+00  1.0796E+01  1.0420E+01 -2.4942E-01  8.5691E+01  1.0987E+02  1.8286E+00  3.0118E+01  3.6059E+01  3.1771E+01  3.1358E+01  2.7561E+01  2.1475E+01  6.4037E+00 -1.4375E+00 -1.3805E+00  3.8318E+00  1.2904E+01  6.8894E-15 -9.4393E-01 -1.0758E+00 -5.6117E+00 -2.0286E+00 -6.1872E-02  4.7489E-01 -1.6014E+00 -9.6646E-01 -3.0176E+00 -1.6435E-02 -1.5517E+00  0.0000E+00  1.4855E-01  0.0000E+00  2.0000E+00  1.3304E-06  2.6608E-06  5.1452E-07  4.2899E+02  2.0000E+00  3.4172E+00
  3.7105E+00  1.5704E+00  4.0844E-02  1.7917E+02  8.1367E-01  5.8156E+02  4.2936E+01  1.9693E+00  1.0663E+00  3.1380E-01  2.5971E+00  5.1675E+02  4.7026E+00  3.4589E+02  3.2122E+00  6.4561E+01  5.5201E-01  5.9734E+02  4.2182E+01  2.0152E-01  3.6343E+00  1.0797E+01  1.0386E+01 -2.4696E-01  8.5629E+01  1.0987E+02  1.8338E+00  3.0108E+01  3.6057E+01  3.1745E+01  3.1338E+01  2.7570E+01  2.1491E+01  6.3721E+00 -1.4342E+00 -1.4002E+00  3.8381E+00  1.2898E+01  6.8001E-15 -9.1829E-01 -1.0911E+00 -5.6679E+00 -2.0256E+00 -6.0639E-02  4.8647E-01 -1.5847E+00 -9.5072E-01 -3.0259E+00 -3.2790E-02 -1.5481E+00  0.0000E+00  1.5106E-01  3.3411E-01  2.0000E+00  1.3463E-06  2.6926E-06  5.2066E-07  4.2930E+02  2.0000E+00  3.4237E+00
  3.7205E+00  1.5719E+00  4.0919E-02  1.7923E+02  8.1944E-01  5.8172E+02  4.2693E+01  1.9579E+00  1.0669E+00  3.1430E-01  2.6033E+00  5.1722E+02  4.7152E+00  3.4616E+02  3.2149E+00  6.4327E+01  5.5297E-01  5.9742E+02  4.1939E+01  2.0180E-01  3.6526E+00  1.0798E+01  1.0353E+01 -2.4355E-01  8.5568E+01  1.0987E+02  1.8252E+00  3.0098E+01  3.6056E+01  3.1719E+01  3.1319E+01  2.7579E+01  2.1508E+01  6.3407E+00 -1.4309E+00 -1.4199E+00  3.8443E+00  1.2892E+01  6.7032E-15 -8.9259E-01 -1.1063E+00 -5.7230E+00 -2.0212E+00 -5.8886E-02  4.9728E-01 -1.5699E+00 -9.4026E-01 -3.0349E+00 -4.8537E-02 -1.5432E+00  0.0000E+00  1.5334E-01  3.3176E-01  2.0000E+00  1.3656E-06  2.7311E-06  5.2812E-07  4.2962E+02  2.0000E+00  3.4302E+00
  3.7305E+00  1.5734E+00  4.1004E-02  1.7930E+02  8.2514E-01  5.8189E+02  4.2453E+01  1.9474E+00  1.0675E+00  3.1480E-01  2.6095E+00  5.1768E+02  4.7247E+00  3.4660E+02  3.2175E+00  6.4098E+01  5.5389E-01  5.9751E+02  4.1699E+01  2.0208E-01  3.6707E+00  1.0799E+01  1.0321E+01 -2.3980E-01  8.5507E+01  1.0987E+02  1.8172E+00  3.0089E+01  3.6054E+01  3.1692E+01  3.1299E+01  2.7588E+01  2.1525E+01  6.3097E+00 -1.4275E+00 -1.4397E+00  3.8503E+00  1.2886E+01  6.6077E-15 -8.6691E-01 -1.1212E+00 -5.7767E+00 -2.0152E+00 -5.6597E-02  5.0726E-01 -1.5571E+00 -9.3492E-01 -3.0446E+00 -6.3648E-02 -1.5369E+00  0.0000E+00  1.5547E-01  3.2958E-01  2.0000E+00  1.3889E-06  2.7778E-06  5.3715E-07  4.2997E+02  2.0000E+00  3.4369E+00
  3.7405E+00  1.5759E+00  4.1106E-02  1.7949E+02  8.3073E-01  5.8227E+02  4.2209E+01  1.9344E+00  1.0682E+00  3.1531E-01  2.6157E+00  5.1722E+02  4.7360E+00  3.4659E+02  3.2231E+00  6.3883E+01  5.5433E-01  5.9774E+02  4.1459E+01  2.0251E-01  3.6888E+00  1.0796E+01  1.0288E+01 -2.4358E-01  8.5440E+01  1.0987E+02  1.8065E+00  3.0080E+01  3.6052E+01  3.1665E+01  3.1280E+01  2.7596E+01  2.1541E+01  6.2788E+00 -1.4241E+00 -1.4595E+00  3.8563E+00  1.2880E+01  6.6787E-15 -8.4127E-01 -1.1352E+00 -5.8290E+00 -2.0078E+00 -5.3794E-02  5.1644E-01 -1.5459E+00 -9.3415E-01 -3.0552E+00 -7.8482E-02 -1.5293E+00  0.0000E+00  1.5809E-01  3.2671E-01  2.0000E+00  1.4180E-06  2.8359E-06  5.4838E-07  4.3069E+02  2.0000E+00  3.4466E+00
  3.7505E+00  1.5770E+00  4.1154E-02  1.7952E+02  8.3699E-01  5.8231E+02  4.1967E+01  1.9281E+00  1.0693E+00  3.1581E-01  2.6220E+00  5.1795E+02  4.7407E+00  3.4749E+02  3.2258E+00  6.3647E+01  5.5544E-01  5.9777E+02  4.1219E+01  2.0275E-01  3.7068E+00  1.0809E+01  1.0257E+01 -2.4271E-01  8.5379E+01  1.0986E+02  1.8017E+00  3.0071E+01  3.6050E+01  3.1638E+01  3.1261E+01  2.7605E+01  2.1558E+01  6.2484E+00 -1.4208E+00 -1.4796E+00  3.8621E+00  1.2874E+01  6.3695E-15 -8.1308E-01 -1.1391E+00 -5.8693E+00 -1.9971E+00 -5.0771E-02  5.2758E-01 -1.5278E+00 -9.3143E-01 -3.0777E+00 -1.0194E-01 -1.5226E+00  0.0000E+00  1.5993E-01  3.2538E-01  2.0000E+00  1.4388E-06  2.8777E-06  5.5645E-07  4.3102E+02  2.0000E+00  3.4532E+00
  3.7605E+00  1.5785E+00  4.1261E-02  1.7957E+02  8.4211E-01  5.8246E+02  4.1735E+01  1.9122E+00  1.0698E+00  3.1631E-01  2.6282E+00  5.1859E+02  4.7412E+00  3.4841E+02  3.2270E+00  6.3422E+01  5.5635E-01  5.9783E+02  4.0986E+01  2.0299E-01  3.7247E+00  1.0806E+01  1.0228E+01 -2.3134E-01  8.5319E+01  1.0986E+02  1.7902E+00  3.0063E+01  3.6047E+01  3.1610E+01  3.1242E+01  2.7614E+01  2.1575E+01  6.2184E+00 -1.4175E+00 -1.4997E+00  3.8677E+00  1.2868E+01  6.2745E-15 -7.8718E-01 -1.1491E+00 -5.9146E+00 -1.9886E+00 -4.7567E-02  5.3669E-01 -1.5123E+00 -9.3308E-01 -3.0998E+00 -1.2421E-01 -1.5154E+00  0.0000E+00  1.6152E-01  3.2230E-01  2.0000E+00  1.4762E-06  2.9525E-06  5.7092E-07  4.3125E+02  2.0000E+00  3.4591E+00
  3.7705E+00  1.5812E+00  4.1379E-02  1.7975E+02  8.4717E-01  5.8281E+02  4.1506E+01  1.8975E+00  1.0704E+00  3.1682E-01  2.6344E+00  5.1806E+02  4.7478E+00  3.4862E+02  3.2335E+00  6.3221E+01  5.5669E-01  5.9805E+02  4.0760E+01  2.0339E-01  3.7425E+00  1.0802E+01  1.0198E+01 -2.2902E-01  8.5252E+01  1.0986E+02  1.7784E+00  3.0055E+01  3.6045E+01  3.1583E+01  3.1224E+01  2.7623E+01  2.1592E+01  6.1884E+00 -1.4142E+00 -1.5200E+00  3.8733E+00  1.2862E+01  6.3631E-15 -7.6160E-01 -1.1598E+00 -5.9608E+00 -1.9775E+00 -4.3593E-02  5.4420E-01 -1.5058E+00 -9.4554E-01 -3.1151E+00 -1.3860E-01 -1.5050E+00  0.0000E+00  1.6408E-01  3.1919E-01  2.0000E+00  1.5161E-06  3.0321E-06  5.8632E-07  4.3196E+02  2.0000E+00  3.4687E+00
  3.7805E+00  1.5825E+00  4.1427E-02  1.7978E+02  8.5312E-01  5.8285E+02  4.1280E+01  1.8931E+00  1.0716E+00  3.1732E-01  2.6407E+00  5.1868E+02  4.7487E+00  3.4966E+02  3.2372E+00  6.3001E+01  5.5771E-01  5.9808E+02  4.0536E+01  2.0361E-01  3.7602E+00  1.0814E+01  1.0169E+01 -2.2666E-01  8.5191E+01  1.0986E+02  1.7746E+00  3.0048E+01  3.6042E+01  3.1555E+01  3.1206E+01  2.7631E+01  2.1609E+01  6.1587E+00 -1.4111E+00 -1.5404E+00  3.8787E+00  1.2856E+01  6.0438E-15 -7.3393E-01 -1.1599E+00 -5.9954E+00 -1.9629E+00 -3.9230E-02  5.5308E-01 -1.4950E+00 -9.5750E-01 -3.1387E+00 -1.5880E-01 -1.4948E+00  0.0000E+00  1.6585E-01  3.1818E-01  2.0000E+00  1.5457E-06  3.0915E-06  5.9780E-07  4.3230E+02  2.0000E+00  3.4754E+00
  3.7905E+00  1.5852E+00  4.1537E-02  1.7995E+02  8.5783E-01  5.8319E+02  4.1060E+01  1.8782E+00  1.0720E+00  3.1782E-01  2.6469E+00  5.1836E+02  4.7505E+00  3.5015E+02  3.2422E+00  6.2805E+01  5.5806E-01  5.9828E+02  4.0317E+01  2.0398E-01  3.7779E+00  1.0807E+01  1.0140E+01 -2.1949E-01  8.5124E+01  1.0986E+02  1.7626E+00  3.0041E+01  3.6040E+01  3.1527E+01  3.1188E+01  2.7640E+01  2.1626E+01  6.1293E+00 -1.4081E+00 -1.5610E+00  3.8840E+00  1.2851E+01  6.1161E-15 -7.0898E-01 -1.1660E+00 -6.0353E+00 -1.9505E+00 -3.4603E-02  5.5955E-01 -1.4853E+00 -9.7188E-01 -3.1621E+00 -1.7862E-01 -1.4834E+00  0.0000E+00  1.6793E-01  3.1506E-01  2.0000E+00  1.5945E-06  3.1890E-06  6.1666E-07  4.3292E+02  2.0000E+00  3.4843E+00
  3.8005E+00  1.5865E+00  4.1602E-02  1.7999E+02  8.6353E-01  5.8322E+02  4.0843E+01  1.8703E+00  1.0731E+00  3.1833E-01  2.6531E+00  5.1891E+02  4.7496E+00  3.5125E+02  3.2464E+00  6.2596E+01  5.5902E-01  5.9832E+02  4.0103E+01  2.0420E-01  3.7954E+00  1.0819E+01  1.0112E+01 -2.1712E-01  8.5063E+01  1.0986E+02  1.7566E+00  3.0034E+01  3.6037E+01  3.1498E+01  3.1170E+01  2.7649E+01  2.1643E+01  6.0999E+00 -1.4052E+00 -1.5818E+00  3.8891E+00  1.2845E+01  5.8125E-15 -6.8209E-01 -1.1636E+00 -6.0658E+00 -1.9333E+00 -2.9368E-02  5.6688E-01 -1.4779E+00 -9.9160E-01 -3.1868E+00 -1.9755E-01 -1.4708E+00  0.0000E+00  1.6972E-01  3.1347E-01  2.0000E+00  1.6303E-06  3.2607E-06  6.3052E-07  4.3326E+02  2.0000E+00  3.4910E+00
  3.8105E+00  1.5894E+00  4.1711E-02  1.8016E+02  8.6812E-01  5.8356E+02  4.0638E+01  1.8570E+00  1.0737E+00  3.1883E-01  2.6593E+00  5.1846E+02  4.7508E+00  3.5173E+02  3.2524E+00  6.2415E+01  5.5929E-01  5.9852E+02  3.9899E+01  2.0456E-01  3.8129E+00  1.0812E+01  1.0085E+01 -2.0482E-01  8.4996E+01  1.0986E+02  1.7455E+00  3.0028E+01  3.6035E+01  3.1470E+01  3.1153E+01  2.7657E+01  2.1660E+01  6.0708E+00 -1.4024E+00 -1.6027E+00  3.8942E+00  1.2840E+01  5.8949E-15 -6.5798E-01 -1.1670E+00 -6.1016E+00 -1.9180E+00 -2.3740E-02  5.7162E-01 -1.4700E+00 -1.0120E+00 -3.2121E+00 -2.1718E-01 -1.4566E+00  0.0000E+00  1.7188E-01  3.1061E-01  2.0000E+00  1.6847E-06  3.3693E-06  6.5153E-07  4.3393E+02  2.0000E+00  3.5003E+00
