Time(s),Ip,I(CSU3),I(CSU2),I(CS1),I(CSL2),        
  0.0000000e+000  0.0000000e+000  2.3126000e+001  2.2468000e+001  1.9728000e+001  2.2797000e+001  1.9892000e+001  8.3420000e+000  2.0030000e+000 -3.3300000e-001  9.9700000e-001 -9.2200000e-001  1.2878000e+001
  1.0000000e+000  0.0000000e+000  2.0988000e+001  2.0221000e+001  1.8577000e+001  2.0002000e+001  1.5618000e+001  6.3000000e+000  6.5700000e-001  1.7200000e-001  5.4100000e-001 -1.4240000e+000  1.1688000e+001
  1.5500000e+000  5.0000000e-001  1.9947000e+001  1.9344000e+001  1.7920000e+001  1.8632000e+001  1.3974000e+001  5.3290000e+000  7.8400000e-001 -5.0000000e-002  4.4400000e-001 -9.9000000e-001  1.0965000e+001
  2.5000000e+000  1.5000000e+000  1.6948000e+001  1.8602000e+001  1.5627000e+001  1.6731000e+001  1.5320000e+001  6.4800000e+000  3.2500000e-001  8.3000000e-002 -2.4000000e-002 -1.2050000e+000  1.1224000e+001
  3.5000000e+000  1.5000000e+000  1.6948000e+001  1.8602000e+001  1.5627000e+001  1.6731000e+001  1.5320000e+001  6.4800000e+000  3.2500000e-001  8.3000000e-002 -2.4000000e-002 -1.2050000e+000  1.1224000e+001
  7.3300000e+000  2.5000000e+000  1.3949000e+001  1.7859000e+001  1.2790000e+001  1.4831000e+001  1.1897574e+001  7.6320000e+000 -4.4900000e-001  4.1000000e-002 -4.6600000e-001 -1.7340000e+000  1.1482000e+001
  1.1170000e+001  3.5000000e+000  1.0949000e+001  1.7117000e+001  1.0291000e+001  1.2930000e+001  1.1423702e+001  8.7840000e+000 -9.3900000e-001 -3.1700000e-001 -5.9200000e-001 -2.4760000e+000  1.1741000e+001
  1.5000000e+001  4.5000000e+000  7.9500000e+000  1.6374000e+001  7.1920000e+000  1.1029000e+001  1.0951064e+001  9.9360000e+000 -1.2450000e+000 -9.5300000e-001 -6.7500000e-001 -3.1750000e+000  1.2000000e+001
  2.0000000e+001  5.3077550e+000  7.6462840e+000  1.4283530e+001  4.9625980e+000  9.4869970e+000  1.0334043e+001  1.0083010e+001 -1.7587320e+000 -1.0006570e+000 -1.0974560e+000 -3.5037560e+000  1.2410340e+001
  2.0991670e+001  5.5000000e+000  7.5740000e+000  1.3786000e+001  4.4320000e+000  9.1200000e+000  1.0211666e+001  1.0118000e+001 -1.8810000e+000 -1.0120000e+000 -1.1980000e+000 -3.5820000e+000  1.2508000e+001
  2.6150000e+001  6.5000000e+000  7.1980000e+000  1.1198000e+001  1.6810000e+000  7.2500000e+000  9.5751064e+000  1.0051000e+001 -2.3500000e+000 -1.1760000e+000 -1.6720000e+000 -3.9980000e+000  1.3016000e+001
  3.1308330e+001  7.5000000e+000  6.8220000e+000  8.6100000e+000 -1.0750000e+000  5.3930000e+000  9.0313127e+000  9.9100000e+000 -2.7610000e+000 -1.3900000e+000 -2.1140000e+000 -4.4220000e+000  1.3524000e+001
  3.6466660e+001  8.5000000e+000  6.4450000e+000  6.0220000e+000 -3.8310000e+000  3.5690000e+000  8.7605003e+000  9.6400000e+000 -3.0750000e+000 -1.6740000e+000 -2.5230000e+000 -4.8500000e+000  1.4032000e+001
  4.1624990e+001  9.5000000e+000  6.0690000e+000  3.4340000e+000 -6.5740000e+000  1.7660000e+000  8.4896880e+000  9.2070000e+000 -3.2870000e+000 -2.0270000e+000 -2.8890000e+000 -5.2900000e+000  1.4540000e+001
  4.6783320e+001  1.0500000e+001  5.6930000e+000  8.4600000e-001 -9.3200000e+000 -3.0000000e-003  8.2188757e+000  8.6060000e+000 -3.3810000e+000 -2.4660000e+000 -3.2100000e+000 -5.7370000e+000  1.5048000e+001
  5.1941650e+001  1.1500000e+001  5.3170000e+000 -1.7420000e+000 -1.2070000e+001 -1.7480000e+000  7.9480634e+000  8.0030000e+000 -3.4550000e+000 -2.9310000e+000 -3.5120000e+000 -6.1870000e+000  1.5556000e+001
  5.7099980e+001  1.2500000e+001  4.9410000e+000 -4.3300000e+000 -1.4813000e+001 -3.4800000e+000  7.6772510e+000  7.2490000e+000 -3.4350000e+000 -3.4670000e+000 -3.7700000e+000 -6.6490000e+000  1.6064000e+001
  6.2258320e+001  1.3500000e+001  4.5640000e+000 -6.9180000e+000 -1.7573000e+001 -5.0240000e+000  7.4064382e+000  6.4200000e+000 -3.3570000e+000 -4.0420000e+000 -4.0120000e+000 -7.0970000e+000  1.6572000e+001
  6.9999980e+001  1.5000000e+001  4.0000000e+000 -1.0800000e+001 -2.1640000e+001 -7.7080000e+000  7.0000010e+000  5.0210000e+000 -3.1300000e+000 -5.0270000e+000 -4.2720000e+000 -7.8310000e+000  1.7334000e+001
