Time(s),Ip,I(CSU3),I(CSU2),I(CS1),I(CSL2),        
  0.000000E+00  0.000000E+00  2.312600E+01  2.246800E+01  1.972800E+01  2.279700E+01  1.989200E+01  8.342000E+00  2.003000E+00 -3.330000E-01  9.970000E-01 -9.220000E-01  1.287800E+01
  1.000000E+00  0.000000E+00  2.098800E+01  2.022100E+01  1.857700E+01  2.000200E+01  1.561800E+01  6.300000E+00  6.570000E-01  1.720000E-01  5.410000E-01 -1.424000E+00  1.168800E+01
  1.550000E+00  5.000000E-01  1.994700E+01  1.934400E+01  1.792000E+01  1.863200E+01  1.397400E+01  5.329000E+00  7.840000E-01 -5.000000E-02  4.440000E-01 -9.900000E-01  1.096500E+01
  2.500000E+00  1.500000E+00  1.694800E+01  1.860200E+01  1.562700E+01  1.673100E+01  1.532000E+01  6.480000E+00  3.250000E-01  8.300000E-02 -2.400000E-02 -1.205000E+00  1.122400E+01
  3.500000E+00  1.500000E+00  1.694800E+01  1.860200E+01  1.562700E+01  1.673100E+01  1.532000E+01  6.480000E+00  3.250000E-01  8.300000E-02 -2.400000E-02 -1.205000E+00  1.122400E+01
  7.330000E+00  2.500000E+00  1.394900E+01  1.785900E+01  1.279000E+01  1.483100E+01  1.666600E+01  7.632000E+00 -4.490000E-01  4.100000E-02 -4.660000E-01 -1.734000E+00  1.148200E+01
  1.117000E+01  3.500000E+00  1.094900E+01  1.711700E+01  1.029100E+01  1.293000E+01  1.801100E+01  8.784000E+00 -9.390000E-01 -3.170000E-01 -5.920000E-01 -2.476000E+00  1.174100E+01
  1.500000E+01  4.500000E+00  7.950000E+00  1.637400E+01  7.192000E+00  1.102900E+01  1.935700E+01  9.936000E+00 -1.245000E+00 -9.530000E-01 -6.750000E-01 -3.175000E+00  1.200000E+01
  2.000000E+01  5.307755E+00  7.646284E+00  1.428353E+01  4.962598E+00  9.486997E+00  1.832954E+01  1.008301E+01 -1.758732E+00 -1.000657E+00 -1.097456E+00 -3.503756E+00  1.241034E+01
  2.099167E+01  5.500000E+00  7.574000E+00  1.378600E+01  4.432000E+00  9.120000E+00  1.808500E+01  1.011800E+01 -1.881000E+00 -1.012000E+00 -1.198000E+00 -3.582000E+00  1.250800E+01
  2.615000E+01  6.500000E+00  7.198000E+00  1.119800E+01  1.681000E+00  7.250000E+00  1.681300E+01  1.005100E+01 -2.350000E+00 -1.176000E+00 -1.672000E+00 -3.998000E+00  1.301600E+01
  3.130833E+01  7.500000E+00  6.822000E+00  8.610000E+00 -1.075000E+00  5.393000E+00  1.554100E+01  9.910000E+00 -2.761000E+00 -1.390000E+00 -2.114000E+00 -4.422000E+00  1.352400E+01
  3.646666E+01  8.500000E+00  6.445000E+00  6.022000E+00 -3.831000E+00  3.569000E+00  1.426900E+01  9.640000E+00 -3.075000E+00 -1.674000E+00 -2.523000E+00 -4.850000E+00  1.403200E+01
  4.162499E+01  9.500000E+00  6.069000E+00  3.434000E+00 -6.574000E+00  1.766000E+00  1.299700E+01  9.207000E+00 -3.287000E+00 -2.027000E+00 -2.889000E+00 -5.290000E+00  1.454000E+01
  4.678332E+01  1.050000E+01  5.693000E+00  8.460000E-01 -9.320000E+00 -3.000000E-03  1.172400E+01  8.606000E+00 -3.381000E+00 -2.466000E+00 -3.210000E+00 -5.737000E+00  1.504800E+01
  5.194165E+01  1.150000E+01  5.317000E+00 -1.742000E+00 -1.207000E+01 -1.748000E+00  1.045200E+01  8.003000E+00 -3.455000E+00 -2.931000E+00 -3.512000E+00 -6.187000E+00  1.555600E+01
  5.709998E+01  1.250000E+01  4.941000E+00 -4.330000E+00 -1.481300E+01 -3.480000E+00  9.180000E+00  7.249000E+00 -3.435000E+00 -3.467000E+00 -3.770000E+00 -6.649000E+00  1.606400E+01
  6.225832E+01  1.350000E+01  4.564000E+00 -6.918000E+00 -1.757300E+01 -5.024000E+00  7.700000E+00  6.420000E+00 -3.357000E+00 -4.042000E+00 -4.012000E+00 -7.097000E+00  1.657200E+01
  6.999998E+01  1.500000E+01  4.000000E+00 -1.080000E+01 -2.164000E+01 -7.708000E+00  6.000000E+00  5.021000E+00 -3.130000E+00 -5.027000E+00 -4.272000E+00 -7.831000E+00  1.733400E+01
