  
 0.0000000000E+00 0.0000000000E+00 21.73999977 21.73999977 21.73999977 21.73999977 21.73999977 21.73999977 10.64999962 0.5099999905 0.5000000000 0.3799999952 0.6299999952 9.369999886
 1.439999938 0.4000000060 18.39999962 18.39999962 18.39999962 18.39999962 18.39999962 18.39999962 9.600000381 0.7999999821E-01 0.3899999857 0.2099999934 0.2099999934 8.399999619
 4.149000168 1.500000000 16.61000061 16.76000023 14.52999973 14.52999973 16.45999908 17.93000031 9.720000267 -1.259999990 0.5400000215 -0.1999999955E-01 -1.360000014 9.270000458
 7.038000107 2.500000000 14.98999977 15.27000046 11.19999981 11.19999981 14.69999981 17.51000023 9.829999924 -1.830000043 0.5600000024 -0.7400000095 -1.590000033 10.06000042
 10.24199963 3.500000000 13.36999989 13.77999973 8.250000000 8.250000000 12.93999958 17.07999992 9.939999580 -2.150000095 0.4399999976 -1.409999967 -1.779999971 10.84000015
 13.71599960 4.500000000 11.73999977 12.28999996 5.550000191 5.550000191 11.18000031 16.65999985 10.06000042 -2.289999962 0.7000000030E-01 -1.779999971 -2.289999962 11.64000034
 17.56800079 5.500000000 10.11999989 10.80000019 3.079999924 3.079999924 9.420000076 16.22999954 10.17000008 -2.259999990 -0.5600000024 -1.820000052 -3.079999924 12.42000008
 21.75300026 6.500000000 8.500000000 9.310000420 0.7400000095 0.7400000095 7.659999847 15.81000042 10.27999973 -2.279999971 -1.149999976 -1.840000033 -3.940000057 13.21000004
 26.43300056 7.500000000 6.880000114 7.829999924 -1.679999948 -1.679999948 5.900000095 15.38000011 10.39000034 -1.909999967 -2.099999905 -1.889999986 -4.579999924 14.00000000
 31.72499847 8.500000000 6.360000134 5.579999924 -4.329999924 -4.329999924 4.159999847 14.18999958 9.739999771 -2.000000000 -2.490000010 -2.259999990 -4.980000019 14.44999981
 37.90799713 9.500000000 5.840000153 3.339999914 -6.940000057 -6.940000057 2.420000076 12.98999977 9.079999924 -2.089999914 -2.900000095 -2.599999905 -5.389999866 14.89999962
 44.33399582 10.50000000 5.329999924 1.100000024 -9.520000458 -9.520000458 0.6899999976 11.80000019 8.430000305 -2.180000067 -3.329999924 -2.900000095 -5.809999943 15.35000038
 50.58899689 11.50000000 4.809999943 -1.149999976 -12.02999973 -12.02999973 -1.049999952 10.60000038 7.780000210 -2.279999971 -3.750000000 -3.190000057 -6.230000019 15.80000019
 56.89799881 12.50000000 4.289999962 -3.390000105 -14.53999996 -14.53999996 -2.789999962 9.409999847 7.119999886 -2.369999886 -4.210000038 -3.440000057 -6.670000076 16.25000000
 65.29499817 13.50000000 3.779999971 -5.639999866 -16.97999954 -16.97999954 -4.530000210 8.210000038 6.469999790 -2.460000038 -4.670000076 -3.680000067 -7.110000134 16.70000076
 90.00000000 15.00000000 3.000000000 -9.000000000 -20.55999947 -20.55999947 -7.130000114 6.420000076 5.489999771 -2.619999886 -5.369999886 -3.990000010 -7.789999962 17.37999916
 120.0000000 15.00000000 -0.4000000060 -9.680000305 -20.09000015 -20.09000015 -9.500000000 3.220000029 4.909999847 -2.039999962 -6.519999981 -4.690000057 -7.539999962 17.20000076
 520.0000000 15.00000000 -0.7799999714 -20.14999962 -23.89999962 -23.89999962 -18.01000023 -0.4699999988 1.740000010 -1.970000029 -6.699999809 -4.829999924 -7.670000076 15.00000000
 542.2199707 14.00000000 -0.2700000107 -21.67000008 -23.88999939 -23.88999939 -17.46999931 -0.9200000167 1.039999962 -1.690000057 -6.119999886 -4.559999943 -6.849999905 12.97999954
 564.4400024 13.00000000 0.2399999946 -22.78000069 -23.76000023 -23.76000023 -17.10000038 -1.360000014 0.3300000131 -1.559999943 -5.409999847 -4.380000114 -5.989999771 10.96000004
 580.0000000 12.30000019 0.6000000238 -23.70000076 -23.52000046 -23.52000046 -16.80999947 -1.669999957 -0.1599999964 -1.440000057 -4.920000076 -4.280000210 -5.389999866 9.550000191
 606.0000000 10.00000000 -1.600000024 -23.10000038 -21.30999947 -21.30999947 -16.84000015 -3.069999933 -1.250000000 -1.490000010 -3.930000067 -3.569999933 -4.489999771 6.230000019
 637.2000122 7.000000000 -4.480000019 -20.11000061 -17.59000015 -17.59000015 -15.86999989 -4.880000114 -2.670000076 -1.690000057 -2.410000086 -2.769999981 -3.170000076 1.899999976
 658.0000000 5.000000000 -6.389999866 -17.73999977 -14.68000031 -14.68000031 -14.98999977 -6.099999905 -3.609999895 -1.570000052 -1.649999976 -1.889999986 -2.480000019 -0.9900000095
 678.7999878 3.000000000 -8.210000038 -14.47999954 -12.72000027 -12.72000027 -12.85999966 -7.250000000 -4.510000229 -0.8999999762 -1.230000019 -1.120000005 -1.320000052 -3.880000114
 699.5999756 1.000000000 -10.22999954 -9.739999771 -9.739999771 -9.739999771 -9.739999771 -8.520000458 -5.500000000 -0.4099999964 -0.4799999893 -0.4600000083 -0.7000000030E-01 -6.769999981
