Time(s),Ip,I(CSU3),I(CSU2),I(CS1),I(CSL2),
  3.5000e+000    1.6301   20.6076   18.4563   17.0399   18.9232   17.2771    4.5949    0.6590   -0.0878   -0.1287    0.0556    6.0745    0.0000    0.0000    0.0000    0.0045    0.0067    0.0050

  7.5000e+000    2.5000   18.5700   18.1882   13.4461   18.9666   15.1173    5.1834    0.8522   -0.8500   -0.1855   -1.0000    8.0000    0.0000    0.0000    0.0000    0.0000    0.0000    0.0000
  1.2000e+001    3.5000   17.0270   17.8172    9.2975   15.8399   15.3296    4.1982    0.6020   -1.1000   -0.5805   -2.2254   10.3234    0.0000    0.0000    0.0000    0.0000    0.0000    0.0000
  1.8000e+001    5.4000   14.9700   15.4193    3.0752   14.7189   15.1403    3.7528   -0.3912   -1.1000   -1.9752   -1.7103    9.4104    0.0000    0.0000    0.0000    0.0000    0.0000    0.0000
                                                                                                                                                                                                 
  5.0000e+001   15.0000    4.0000  -10.8000  -21.6400   -7.7080    5.5000    5.0210   -3.1300   -5.0270   -4.2720   -7.8310   17.3340    0.0000    0.0000    0.0000    0.0000    0.0000    0.0000
                                                                                                                                                                                                 
  6.1000e+002   15.0000    2.4574  -11.8850  -21.6460  -10.0770    2.5264    4.5547   -3.0821   -5.2758   -4.3947   -8.1489   17.5550    0.0000    0.0000    0.0000    0.0000    0.0000    0.0000
  6.1000e+003   15.0000    2.4574  -11.8850  -21.6460  -10.0770    2.5264    4.5547   -3.0821   -5.2758   -4.3947   -8.1489   17.5550    0.0000    0.0000    0.0000    0.0000    0.0000    0.0000
