Time(s),Ip,I(CSU3),I(CSU2),I(CS1),I(CSL2),
  2.5000000e+000   1.4679  1.6926e+001     1.9424e+001     1.7772e+001     1.8963e+001     1.5317e+001     5.2751e+000     9.8608e-001    -2.6817e-001    -7.7688e-002     1.6070e-001     6.5885e+000      0.        0.        0.     5.5236e-003  8.2596e-003  6.5574e-003
  3.5000000e+000   1.4679  1.6926e+001     1.9424e+001     1.7772e+001     1.8963e+001     1.5317e+001     5.2751e+000     9.8608e-001    -2.6817e-001    -7.7688e-002     1.6070e-001     6.5885e+000      0.        0.        0.     5.5236e-003  8.2596e-003  6.5574e-003
  7.5000000e+000   2.5000  1.6634110e+001  1.8188190e+001  1.3446130e+001  1.8966620e+001  1.5617330e+001  5.1834440e+000  8.5222120e-001 -8.5000000e-001 -1.8546400e-001 -1.0000000e+000  8.0000000e+000   0.0000    0.0000    0.0000    0.0000    0.0000    0.0000
  1.2000000e+001   3.5000  1.6224440e+001  1.7817240e+001  9.2975180e+000  1.5839850e+001  1.5829560e+001  4.1982500e+000  6.0195960e-001 -1.1000000e+000 -5.8054380e-001 -2.2253540e+000  1.0323370e+001   0.0000    0.0000    0.0000    0.0000    0.0000    0.0000
  1.6000000e+001   4.5000  1.5889620e+001  1.6733230e+001  5.9782340e+000  1.5038120e+001  1.5534860e+001  3.9196720e+000  2.8930240e-001 -1.4278620e+000 -8.9088290e-001 -2.2830360e+000  1.0156700e+001   0.0000    0.0000    0.0000    0.0000    0.0000    0.0000
  2.1000000e+001   5.4000  1.5538500e+001  1.5419330e+001  3.0752060e+000  1.4718890e+001  1.5140270e+001  3.7528220e+000 -3.9117300e-001 -1.1000000e+000 -1.9751950e+000 -1.7103460e+000  9.4103560e+000   0.0000    0.0000    0.0000    0.0000    0.0000    0.0000
  4.162499e+001    9.5000    6.0690    3.4340   -6.5740    1.7660    8.5456    9.2070   -3.2870   -2.0270   -2.8890   -5.2900   14.5400    0.0000    0.0000    0.0000    0.0000    0.0000    0.0000
  5.194165e+001   11.5000    5.3170   -1.7420  -12.0700   -1.7480    7.4383    8.0030   -3.4550   -2.9310   -3.5120   -6.1870   15.5560    0.0000    0.0000    0.0000    0.0000    0.0000    0.0000
  6.225832e+001   13.5000    4.5640   -6.9180  -17.5730   -5.0240    6.3309    6.4200   -3.3570   -4.0420   -4.0120   -7.0970   16.5720    0.0000    0.0000    0.0000    0.0000    0.0000    0.0000
  6.999998e+001   15.0000    4.0000  -10.8000  -21.6400   -7.7080    5.5000    5.0210   -3.1300   -5.0270   -4.2720   -7.8310   17.3340    0.0000    0.0000    0.0000    0.0000    0.0000    0.0000
  7.300000e+001   15.0000    3.9000  -11.2200  -22.5500   -8.6700    5.5900    4.5700   -3.0700   -5.3000   -4.4200   -7.8800   17.3300    0.0000    0.0000    0.0000    0.0000    0.0000    0.0000
  7.600000e+001   15.0000    4.9400   -9.2000  -20.8600   -6.9900    5.6000    3.9700   -2.9000   -5.1800   -4.3900   -7.9900   17.8000    0.0000    0.0000    0.0000    0.0000    0.0000    0.0000
  8.350000e+001   15.0000    0.6500   -7.0300  -20.4600   -7.8500    5.6300    4.6500   -2.7500   -5.6400   -4.4900   -8.1000   18.1300    0.0000    0.0000    0.0000    0.0000    0.0000    0.0000
  5.000000e+002   15.0000    0.0065  -13.6110  -21.6550  -13.8410    3.8384    3.8139   -3.0043   -5.6707   -4.5902   -8.6548   17.9060    0.0000    0.0000    0.0000    0.0000    0.0000    0.0000
  6.000000e+002   10.0000   -0.9299  -11.0595  -15.1156  -14.0401    3.2900    5.5602   -2.4035   -4.1002   -2.7782   -8.4059   16.1237    0.0000    0.0000    0.0000    0.0000    0.0000    0.0000
  6.650000e+002    4.2500  -12.3500   -8.0101  -13.7260  -22.0630   -1.1980    1.5519   -1.8534   -2.7918   -0.0764   -6.3069    6.9214    0.0000    0.0000    0.0000    0.0000    0.0000    0.0000
  6.750000e+002    3.5000  -13.8430   -7.2212  -13.3920  -21.7830   -1.8596    1.2128   -1.4285   -2.9469    0.2590   -5.4798    5.0708    0.0000    0.0000    0.0000    0.0000    0.0000    0.0000
  6.950000e+002    2.1000  -12.9010   -8.6204  -11.5390  -21.2600   -2.7821    0.7579   -1.3004   -2.7205    0.7114   -4.0995    2.1168    0.0000    0.0000    0.0000    0.0000    0.0000    0.0000
  7.000000e+002    1.8000  -11.8270   -9.9459  -11.2210  -20.9820   -3.0385    0.7381   -1.2487   -2.6080    0.7784   -3.6377    1.2431    0.0000    0.0000    0.0000    0.0000    0.0000    0.0000
  7.200000e+002    0.0000    0.0000    0.0000    0.0000    0.0000    0.0000    0.0000    0.0000    0.0000    0.0000    0.0000    0.0000    0.0000    0.0000    0.0000    0.0000    0.0000    0.0000
  9.200000e+006    0.0000    0.0000    0.0000    0.0000    0.0000    0.0000    0.0000    0.0000    0.0000    0.0000    0.0000    0.0000    0.0000    0.0000    0.0000    0.0000    0.0000    0.0000
