Time(s),Ip,I(CSU3),I(CSU2),I(CS1),I(CSL2),...Ipf6,Ipf12,Ipf13,Ipf14,Ipf15

  3.5000e+000    1.6491   14.6919   12.2328   11.7315   12.0390   12.5008    3.1978    0.1778   -0.1753   -0.0719   -0.3590    4.5008    0.0000    0.0026    0.0000    0.0035

  7.5000e+000    2.5000   18.5700   18.1882   13.4461   18.9666   15.1173    5.1834    0.8522   -0.8500   -0.1855   -1.0000    8.0000    0.0000    0.0000    0.0000    0.0000
  1.2000e+001    3.5000   17.0270   17.8172    9.2975   15.8399   15.3296    4.1982    0.6020   -1.1000   -0.5805   -2.2254   10.3234    0.0000    0.0000    0.0000    0.0000

  1.2000e+003    3.5000   17.0270   17.8172    9.2975   15.8399   15.3296    4.1982    0.6020   -1.1000   -0.5805   -2.2254   10.3234    0.0000    0.0000    0.0000    0.0000



