Time[s]	Ip[MA] CS3U[MA] CS2U[MA] CS1U[MA] CS1L[MA] CS2L[MA] CS3L[MA] PF1[MA] PF2[MA] PF3[MA] PF4[MA] PF5[MA] PF6[MA]
0,0,19.7,20.696435,20.438795,20.438795,20.696435,19.7,9.899999,1.16062,0.067299,0.995213,-1.14814,12.73387
0.03902,0,19.605735,20.59244,20.36698,20.36698,20.59244,19.605735,9.873387,1.119683,0.067715,0.967837,-1.14399,12.65165
0.07805,0,19.51577,20.494195,20.29973,20.29973,20.494195,19.51577,9.849258,1.08019,0.068398,0.941485,-1.13938,12.57375
0.11707,0,19.42856,20.399745,20.235595,20.235595,20.399745,19.42856,9.826959,1.041081,0.068518,0.916122,-1.13531,12.49885
0.1561,0,19.3437,20.308675,20.17431,20.17431,20.308675,19.3437,9.80629,1.002285,0.068118,0.891726,-1.13175,12.42658
0.19512,0,19.260795,20.220385,20.115395,20.115395,20.220385,19.260795,9.787053,0.963724,0.06722,0.868263,-1.1287,12.35657
0.23415,0,19.17955,20.13447,20.05852,20.05852,20.13447,19.17955,9.769075,0.925332,0.065842,0.845699,-1.12617,12.28855
0.27317,0,19.09973,20.05059,20.003385,20.003385,20.05059,19.09973,9.75221,0.887052,0.063995,0.823994,-1.12417,12.22232
0.3122,0,19.021165,19.96848,19.949745,19.949745,19.96848,19.021165,9.736331,0.848835,0.061685,0.80311,-1.12271,12.15767
0.35122,0,18.9437,19.887915,19.8974,19.8974,19.887915,18.9437,9.721333,0.810637,0.05892,0.783006,-1.12181,12.09448
0.39024,0,18.86722,19.80871,19.846165,19.846165,19.80871,18.86722,9.707121,0.772424,0.055706,0.763641,-1.12146,12.0326
0.42927,0,18.79163,19.730725,19.79591,19.79591,19.730725,18.79163,9.693618,0.734165,0.052046,0.744977,-1.12169,11.97195
0.46829,0,18.71685,19.65384,19.74651,19.74651,19.65384,18.71685,9.680755,0.695834,0.047947,0.726975,-1.12249,11.91242
0.50732,0,18.64281,19.57794,19.69786,19.69786,19.57794,18.64281,9.668448,0.657179,0.044786,0.709408,-1.12388,11.85394
0.54634,0,18.56946,19.50295,19.64987,19.64987,19.50295,18.56946,9.65661,0.617877,0.044267,0.691989,-1.1259,11.79643
0.58537,0,18.496745,19.428795,19.602475,19.602475,19.428795,18.496745,9.645184,0.577828,0.046639,0.674618,-1.12855,11.73983
0.62439,0,18.42463,19.355405,19.555605,19.555605,19.355405,18.42463,9.634127,0.537011,0.051732,0.657259,-1.13182,11.68408
0.66341,0,18.353075,19.282725,19.509195,19.509195,19.282725,18.353075,9.6234,0.495412,0.059396,0.639883,-1.13572,11.62915
0.70244,0,18.28205,19.21071,19.463205,19.463205,19.21071,18.28205,9.612965,0.453022,0.069491,0.622462,-1.14024,11.57498
0.74146,0,18.21152,19.13931,19.41758,19.41758,19.13931,18.21152,9.602789,0.409838,0.08189,0.604975,-1.14537,11.52154
0.78049,0,18.14147,19.068485,19.37228,19.37228,19.068485,18.14147,9.592844,0.365861,0.096476,0.587402,-1.1511,11.4688
0.81951,5.21E-05,18.071865,18.9982,19.32727,19.32727,18.9982,18.071865,9.582926,0.3223,0.112937,0.569853,-1.15566,11.41633
0.85854,0.036073,18.002605,18.928325,19.28232,19.28232,18.928325,18.002605,9.566031,0.321918,0.209,0.6,-1.11833,11.35451
95.6,13.3,3.338,-5.644,-21.420,-21.420,-6.951,3.828,5.084,-4.577,-2.265,-5.252,-5.571,15.566
200,13.3,3.338,-5.644,-21.420,-21.420,-6.951,3.828,5.084,-4.577,-2.265,-5.252,-5.571,15.566


