  tt ncam
 50.00012 73
  4.119829E-01  4.188345E-01  4.329928E-01  4.548538E-01  4.854067E-01  5.258940E-01
  5.779689E-01  6.440547E-01  7.273561E-01  8.330147E-01  9.684640E-01  1.146459E+00
  1.529853E+00  1.989586E+00  1.454038E+00  1.465868E+00  1.410213E+00  1.059881E+00
  9.753653E-01  9.052013E-01  7.795170E-01  7.499018E-01  7.237619E-01  5.915032E-01
  5.822027E-01  5.732281E-01  5.236450E-01  5.273042E-01  5.341131E-01  5.061850E-01
  4.991807E-01  4.954521E-01  8.395094E-01  8.450033E-01  6.015615E-01  6.040291E-01
  6.098639E-01  4.550527E-01  4.331640E-01  4.189847E-01  4.120086E-01  6.438901E-01
  5.779235E-01  5.258349E-01  4.854863E-01  1.146093E+00  9.682875E-01  8.328643E-01
  7.272560E-01  1.674946E+00  1.824275E+00  1.801337E+00  1.795267E+00  1.659660E+00
  1.160278E+00  1.057380E+00  9.795222E-01  8.498940E-01  8.088880E-01  7.136985E-01
  6.918184E-01  5.368946E-01  5.304413E-01  5.272319E-01  4.995070E-01  5.041272E-01
  5.120339E-01  8.545920E-01  8.477813E-01  6.143840E-01  6.066481E-01  6.024430E-01
  9.613326E-01
