          50
   0.000000000000000E+000   4.941996819667698E-004        1.093555070075109
   7.307319888373387E-004   4.941996819667698E-004        1.093555070075109
   2.922927955349355E-003   4.933783863609024E-004        1.100558688757924
   6.576587899536048E-003   4.909983002626394E-004        1.114786026187842
   1.169171182139742E-002   4.869534483311725E-004        1.136528229769051
   1.826829972093347E-002   4.814739704873646E-004        1.164776149116863
   2.630635159814419E-002   4.748785401899177E-004        1.198106550964867
   3.580586745302959E-002   4.675023589593126E-004        1.234920719914315
   4.676684728558966E-002   4.596782630649230E-004        1.273598164815620
   5.918929109582444E-002   4.516963120472308E-004        1.312584769500694
   7.307319888373388E-002   4.438042244553871E-004        1.350442862994257
   8.841857064931799E-002   4.362001151032082E-004        1.385887375749967
   1.052254063925768E-001   4.290354902243270E-004        1.417802860101102
   1.234937061135103E-001   4.224264985640055E-004        1.445237402366792
   1.432234698121184E-001   4.164549575874153E-004        1.467405655439498
   1.644146974884013E-001   4.111823651483293E-004        1.483685127815252
   1.870673891423587E-001   4.066515759663877E-004        1.493594600045225
   2.111815447739909E-001   4.028920915711840E-004        1.496785693920268
   2.367571643832978E-001   3.999295007252263E-004        1.493038642488136
   2.637942479702793E-001   3.977822592228513E-004        1.482239401337998
   2.922927955349355E-001   3.964682494866107E-004        1.464370987907514
   3.222528070772664E-001   3.960629946449815E-004        1.439088590400853
   3.536742825972720E-001   3.965740966405662E-004        1.406721191988629
   3.865572220949522E-001   3.979915333363727E-004        1.368054164299612
   4.191496956270696E-001   4.002009426342453E-004        1.325766374707416
   4.513342425934936E-001   4.031025886921835E-004        1.280686203997746
   4.830121438541946E-001   4.066256772465268E-004        1.233424558296357
   5.141012299843057E-001   4.107069145858466E-004        1.184548284280839
   5.445339214469430E-001   4.152970968780740E-004        1.134507117831919
   5.742554771606745E-001   4.203553019620798E-004        1.083602053793222
   6.032224302775834E-001   4.258347254026613E-004        1.032001101038409
   6.314011920965966E-001   4.317260169651937E-004   9.797625452059089E-001
   6.587668069377089E-001   4.380553061353807E-004   9.265608199064974E-001
   6.853018425162929E-001   4.447352484280215E-004   8.725438524755268E-001
   7.109954019012210E-001   4.517826246537527E-004   8.175313560097959E-001
   7.358422445326120E-001   4.591936575352974E-004   7.613143121363118E-001
   7.598420050296112E-001   4.669615934961229E-004   7.036848050001181E-001
   7.829984996492131E-001   4.751103111298759E-004   6.444913297312244E-001
   8.053191112759112E-001   4.836617587285143E-004   5.836719364681433E-001
   8.268142447398881E-001   4.926230783785636E-004   5.212800149667297E-001
   8.474968450884650E-001   5.414168390962275E-004   4.745381429202447E-001
   8.673819721805265E-001   5.902105998138913E-004   4.277962708737599E-001
   8.864864256447095E-001   6.390043605315552E-004   3.810543988272749E-001
   9.048284148465520E-001   6.877981212492192E-004   3.343125267807902E-001
   9.224272690541115E-001   7.365918819668829E-004   2.875706547343053E-001
   9.393031834816857E-001   5.892735055735064E-004   2.300565237874442E-001
   9.554769973325606E-001   4.419551291801297E-004   1.725423928405831E-001
   9.709700003589650E-001   2.946367527867532E-004   1.150282618937221E-001
   9.858037648149852E-001   1.473183763933766E-004   5.751413094686104E-002
        1.000000000000000   0.000000000000000E+000   0.000000000000000E+000
   
