 ncam time [msec]
         100   1200.00000000000     

   12.2617539350971     

   12.5724598599649     

   13.1027166686473     

   13.7285305460417     

   14.3745349382341     

   15.0212311592551     

   15.6837734239511     

   16.3265055583203     

   17.2109330650106     

   18.1115566887008     

   18.5115753179315     

   17.8913096782479     

   16.4219894837812     

   14.8139063639704     

   13.3840977746571     

   12.1891879932008     

   11.2411239842172     

   10.4896870690590     

   9.86402821587558     

   9.32358306136206     

   8.84867600996345     

   8.43056306129514     

   8.06407121710343     

   7.76763743214590     

   7.54058266022590     

   7.37801370612423     

   7.26937242646642     

   7.21448266340342     

   7.28460839750213     

   7.51342993377154     

   7.87615867865322     

   8.32108446977746     

   8.80769866853838     

   9.33025578369747     

   10.0106549341091     

   10.9072440377048     

   12.0450487594913     

   13.3664949520464     

   14.6483490553776     

   15.6446039936738     

   16.3334220801065     

   16.9300993540471     

   17.2872410179780     

   17.2005590666231     

   16.5113592936359     

   15.5180392151351     

   14.4535565358860     

   13.4740744474615     

   12.7152611432513     

   12.2932566194114     

   15.1323233188141     

   13.2535811286532     

   12.0107051275108     

   11.2876629782771     

   10.8272008707810     

   10.4603751623222     

   10.1257537277524     

   9.80446102903494     

   9.49533811623849     

   9.21718077980028     

   8.99652936528172     

   8.85922852975919     

   8.78354431225807     

   8.74378031829301     

   8.73619504614708     

   8.80163807787657     

   8.96057484576388     

   9.20013339118038     

   9.49057140913345     

   9.83961846261489     

   10.3735149600353     

   11.2089274162114     

   12.4481929676253     

   14.1043763575117     

   16.0366736568619     

   17.7863602341844     

   18.8743928635032     

   19.4564571934140     

   20.1386749909138     

   20.8767113499500     

   21.1113421620373     

   20.4601441492446     

   19.2636454382904     

   17.8554992228372     

   16.5810917788501     

   15.6619545114460     

   15.2118546305855     

   15.2269893940993     

   15.5731976548668     

   16.0667172426344     

   16.5892207843300     

   17.1249374902793     

   17.6983989569384     

   18.3480159581892     

   19.5289484168557     

   21.1969282466624     

   22.4653775502822     

   22.1432468429865     

   20.1299169335813     

   17.5129517982004     
