          50
   1.00000000000000        1.33542193593452     
  0.999269268011163        1.33542193593452     
  0.997077072044651        1.33401006431349     
  0.993423412100464        1.33085198745373     
  0.988308288178603        1.32649549581986     
  0.981731700279067        1.32083881653777     
  0.973693648401856        1.31389230175132     
  0.964194132546970        1.30562099857638     
  0.953233152714410        1.29599756033684     
  0.940810708904176        1.28498427529147     
  0.926926801116266        1.27254217791393     
  0.911581429350682        1.25862223992276     
  0.894774593607423        1.24317350373545     
  0.876506293886490        1.22613590843152     
  0.856776530187882        1.20744456817961     
  0.835585302511599        1.18702452097426     
  0.812932610857641        1.16479715378061     
  0.788818455226009        1.14067355392659     
  0.763242835616702        1.11455360275526     
  0.736205752029721        1.08633234023354     
  0.707707204465065        1.05588907711363     
  0.677747192922734        1.02309705089247     
  0.646325717402728       0.987811542019907     
  0.613442777905048       0.949871359673379     
  0.580850304372930       0.911226927259398     
  0.548665757406506       0.872013101950670     
  0.516987856145805       0.832360651836537     
  0.485898770015694       0.792398406309426     
  0.455466078553057       0.752245915014514     
  0.425744522839326       0.712008518379631     
  0.396777569722417       0.671792855013000     
  0.368598807903403       0.631696011605117     
  0.341233193062291       0.591808128010697     
  0.314698157483707       0.552209756391895     
  0.289004598098779       0.512974539863541     
  0.264157755467388       0.474176270395463     
  0.240157994970389       0.435870989100682     
  0.217001500350787       0.398116161386678     
  0.194680888724089       0.360963434471720     
  0.173185755260112       0.324453880193600     
  0.152503154911535       0.288623432004641     
  0.132618027819474       0.253504046143452     
  0.113513574355291       0.219121710759544     
  9.517158515344804E-002  0.185493689897793     
  7.757273094588846E-002  0.152637929253084     
  6.069681651831427E-002  0.120558346281677     
  4.452300266743936E-002  8.926285784784656E-002
  2.902999964103503E-002  5.874372493301100E-002
  1.419623518501478E-002  2.900291767292842E-002
   0.00000000000000       8.581848991180696E-005
