   1 178
  2.5397000E+000  1.4728041E+000  6.0957287E+001  6.1015194E-001  2.7590499E+002 -4.1008672E+000  1.3673763E+000  1.5585108E+000  1.2296799E+000  5.6521124E-001  1.8139263E+001 -9.4036934E+000  5.1422681E+003  5.1422681E+003  1.0000000E+004  1.0000000E+004
  2.0000000E-001  2.9327972E+000  8.7846721E-001  0.0000000E+000  1.0000000E+004 -1.2754616E+002  1.2296799E+001  0.0000000E+000  0.0000000E+000  0.0000000E+000  0.0000000E+000  0.0000000E+000  1.0000000E+000  0.0000000E+000  0.0000000E+000  0.0000000E+000
  0.0000000E+000  0.0000000E+000  0.0000000E+000  0.0000000E+000  0.0000000E+000  0.0000000E+000  2.5050187E-001  4.2985680E+001  0.0000000E+000  0.0000000E+000  0.0000000E+000  0.0000000E+000  0.0000000E+000  0.0000000E+000  0.0000000E+000  0.0000000E+000
  0.0000000E+000  0.0000000E+000  2.9334711E+000  0.0000000E+000  5.1352043E+000  0.0000000E+000 -3.8709108E+000  0.0000000E+000 -7.4803331E+000  0.0000000E+000 -7.6933943E+000  0.0000000E+000 -6.6643440E+000  0.0000000E+000 -1.0009637E+000  0.0000000E+000
 -2.9839120E+000  0.0000000E+000  4.1171910E+000  0.0000000E+000 -8.2392907E+000  0.0000000E+000  5.5551052E+000  0.0000000E+000  5.4405532E+000  0.0000000E+000  0.0000000E+000  0.0000000E+000  0.0000000E+000  0.0000000E+000  0.0000000E+000  0.0000000E+000
  0.0000000E+000  0.0000000E+000  0.0000000E+000  0.0000000E+000  0.0000000E+000  0.0000000E+000  0.0000000E+000  0.0000000E+000  0.0000000E+000  0.0000000E+000  0.0000000E+000  0.0000000E+000  0.0000000E+000  0.0000000E+000  0.0000000E+000  0.0000000E+000
  0.0000000E+000  0.0000000E+000  0.0000000E+000  0.0000000E+000  0.0000000E+000  0.0000000E+000  0.0000000E+000  0.0000000E+000  0.0000000E+000  0.0000000E+000  0.0000000E+000  0.0000000E+000  0.0000000E+000  0.0000000E+000  2.4590506E+002  0.0000000E+000
  0.0000000E+000 -1.0722915E+003  1.6089659E+000  0.0000000E+000  0.0000000E+000  0.0000000E+000  0.0000000E+000  0.0000000E+000  0.0000000E+000  0.0000000E+000  0.0000000E+000  0.0000000E+000  0.0000000E+000  0.0000000E+000  0.0000000E+000  0.0000000E+000
  0.0000000E+000  0.0000000E+000  0.0000000E+000  0.0000000E+000  0.0000000E+000  0.0000000E+000  0.0000000E+000  0.0000000E+000  0.0000000E+000  0.0000000E+000  1.3226790E-002  6.6850407E-001  6.6145032E-006  1.7634526E-052  3.5075923E+000  8.1011274E+001
  9.0691781E+001  1.8139263E+001  3.7075923E+000  9.7221151E+000  0.0000000E+000  0.0000000E+000  0.0000000E+000  1.5441112E+001  0.0000000E+000  0.0000000E+000  0.0000000E+000  0.0000000E+000  0.0000000E+000  0.0000000E+000  0.0000000E+000  0.0000000E+000
  0.0000000E+000  0.0000000E+000  0.0000000E+000  0.0000000E+000  0.0000000E+000  0.0000000E+000  0.0000000E+000  0.0000000E+000  0.0000000E+000  0.0000000E+000  0.0000000E+000  1.5620267E+002  1.0279840E+002  0.0000000E+000  0.0000000E+000  0.0000000E+000
  0.0000000E+000  0.0000000E+000  3.9000000E+004
   1 178
  2.5397000E+000  1.0873049E+000  6.0957373E+001  6.1014601E-001  2.7590475E+002 -4.1008425E+000  1.0021362E+000  1.5585094E+000  9.9965836E-001  4.5948522E-001  8.4954625E+000 -9.4036613E+000  5.1345098E+003  5.1345098E+003  9.9832879E+003  9.9832879E+003
  2.0000000E-001  2.9328170E+000  8.8278241E-001  0.0000000E+000  2.3694647E+001 -1.2754620E+002  9.9963666E+000  0.0000000E+000  0.0000000E+000  0.0000000E+000  0.0000000E+000  0.0000000E+000  1.0000000E+000  2.0000000E-002  0.0000000E+000  0.0000000E+000
  8.0000000E-001  0.0000000E+000  2.0000000E+001  1.0000000E+000  0.0000000E+000  0.0000000E+000  1.1054697E+000  7.2933531E+000  0.0000000E+000  0.0000000E+000  0.0000000E+000  0.0000000E+000  1.7286122E+001  0.0000000E+000  0.0000000E+000  2.0655318E+002
  2.0655318E+002  0.0000000E+000  2.9334711E+000  0.0000000E+000  5.1352043E+000  0.0000000E+000 -3.8709108E+000  0.0000000E+000 -7.4803331E+000  0.0000000E+000 -7.6933943E+000  0.0000000E+000 -6.6643440E+000  0.0000000E+000 -1.0009637E+000  0.0000000E+000
 -2.9839120E+000  0.0000000E+000  4.1171910E+000  0.0000000E+000 -8.2392907E+000  0.0000000E+000  5.5551052E+000  0.0000000E+000  5.4405532E+000  0.0000000E+000  0.0000000E+000  0.0000000E+000  0.0000000E+000  0.0000000E+000  0.0000000E+000  0.0000000E+000
  0.0000000E+000  0.0000000E+000  0.0000000E+000  0.0000000E+000  0.0000000E+000  0.0000000E+000  0.0000000E+000  0.0000000E+000  0.0000000E+000  0.0000000E+000  0.0000000E+000  0.0000000E+000  0.0000000E+000  0.0000000E+000  0.0000000E+000  0.0000000E+000
  0.0000000E+000  0.0000000E+000  0.0000000E+000  0.0000000E+000  0.0000000E+000  0.0000000E+000  0.0000000E+000  0.0000000E+000  0.0000000E+000  0.0000000E+000  0.0000000E+000  0.0000000E+000  0.0000000E+000  0.0000000E+000  2.4590465E+002  0.0000000E+000
  0.0000000E+000  6.0938943E-001  1.6089649E+000  0.0000000E+000  0.0000000E+000  0.0000000E+000  0.0000000E+000  0.0000000E+000  0.0000000E+000  0.0000000E+000  0.0000000E+000  0.0000000E+000  0.0000000E+000  0.0000000E+000  1.7286122E+001  0.0000000E+000
  0.0000000E+000  0.0000000E+000  0.0000000E+000  0.0000000E+000  2.0655318E+002  0.0000000E+000  2.0655318E+002  0.0000000E+000  0.0000000E+000  0.0000000E+000  1.5438211E-002  3.6325466E-001  4.4886464E-006  3.0511968E-022  1.6427690E+000  8.1011249E+001
  4.2475189E+001  8.4954625E+000  1.8427690E+000  8.3580329E+000  0.0000000E+000  0.0000000E+000  0.0000000E+000  1.5441083E+001  0.0000000E+000  0.0000000E+000  0.0000000E+000  0.0000000E+000  0.0000000E+000  0.0000000E+000  0.0000000E+000  0.0000000E+000
  0.0000000E+000  0.0000000E+000  0.0000000E+000  0.0000000E+000  0.0000000E+000  0.0000000E+000  0.0000000E+000  0.0000000E+000  0.0000000E+000  0.0000000E+000  0.0000000E+000  1.5620314E+002  1.0279780E+002  0.0000000E+000  0.0000000E+000  0.0000000E+000
  0.0000000E+000  0.0000000E+000  3.9001000E+004
   1 178
  2.5386415E+000  1.0881924E+000  6.0957000E+001  6.1192746E-001  2.7590483E+002 -4.1007804E+000  8.3974002E-001  1.5585033E+000  9.9965753E-001  4.5967079E-001  8.4953560E+000 -9.4015434E+000  5.1345050E+003  5.1345050E+003  9.9832879E+003  9.9832879E+003
  2.0000000E-001  2.9329102E+000  8.8466202E-001  0.0000000E+000  2.3718626E+001 -1.2754512E+002  9.9963583E+000  0.0000000E+000  0.0000000E+000  0.0000000E+000  0.0000000E+000  0.0000000E+000  1.0000000E+000  2.0000000E-002  0.0000000E+000  0.0000000E+000
  8.0000000E-001  0.0000000E+000  2.0000000E+001  1.0000000E+000  0.0000000E+000  0.0000000E+000  1.1054697E+000  7.2933531E+000  0.0000000E+000  0.0000000E+000  0.0000000E+000  0.0000000E+000 -1.7286122E+001  0.0000000E+000  2.0683978E+002 -4.7563418E-004
 -4.7563418E-004  2.0683978E+002  2.9334712E+000  0.0000000E+000  5.1352044E+000  0.0000000E+000 -3.8709105E+000  0.0000000E+000 -7.4803327E+000  0.0000000E+000 -7.6933941E+000  0.0000000E+000 -6.6643440E+000  0.0000000E+000 -1.0009636E+000  0.0000000E+000
 -2.9839120E+000  0.0000000E+000  4.1171910E+000  0.0000000E+000 -8.2392907E+000  0.0000000E+000  5.5551052E+000  0.0000000E+000  5.4405532E+000  0.0000000E+000  0.0000000E+000  0.0000000E+000  0.0000000E+000  0.0000000E+000  0.0000000E+000  0.0000000E+000
  0.0000000E+000  0.0000000E+000  0.0000000E+000  0.0000000E+000  0.0000000E+000  0.0000000E+000  0.0000000E+000  0.0000000E+000  0.0000000E+000  0.0000000E+000  0.0000000E+000  0.0000000E+000  0.0000000E+000  0.0000000E+000  0.0000000E+000  0.0000000E+000
  0.0000000E+000  0.0000000E+000  0.0000000E+000  0.0000000E+000  0.0000000E+000  0.0000000E+000  0.0000000E+000  0.0000000E+000  0.0000000E+000  0.0000000E+000  0.0000000E+000  0.0000000E+000  0.0000000E+000  0.0000000E+000  2.4590477E+002  0.0000000E+000
  0.0000000E+000  3.2664912E+002  1.6089591E+000  0.0000000E+000  0.0000000E+000  0.0000000E+000  0.0000000E+000  0.0000000E+000  0.0000000E+000  0.0000000E+000  0.0000000E+000  0.0000000E+000  0.0000000E+000  0.0000000E+000  0.0000000E+000  1.7286122E+001
  0.0000000E+000  0.0000000E+000  2.0683978E+002  0.0000000E+000  2.0655270E+002  2.0655318E+002  2.0655270E+002  2.0655318E+002  2.0683978E+002  0.0000000E+000  1.5437950E-002  3.6325268E-001  6.5551177E-006  2.0838494E-020  1.6427484E+000  8.1010592E+001
  4.2474656E+001  8.4953560E+000  1.8427484E+000  8.3579614E+000  0.0000000E+000  0.0000000E+000  0.0000000E+000  1.5437457E+001  0.0000000E+000  0.0000000E+000  0.0000000E+000  0.0000000E+000  0.0000000E+000  0.0000000E+000  0.0000000E+000  0.0000000E+000
  0.0000000E+000  0.0000000E+000  0.0000000E+000  0.0000000E+000  0.0000000E+000  0.0000000E+000  0.0000000E+000  0.0000000E+000  0.0000000E+000  0.0000000E+000  0.0000000E+000  1.5620257E+002  1.0279857E+002  0.0000000E+000  0.0000000E+000  1.7285546E+001
  0.0000000E+000  0.0000000E+000  3.9002000E+004
   1 178
  2.4813076E+000  1.0729391E+000  5.9511515E+001  6.2477137E-001  2.6888738E+002 -1.0253478E+001  9.1549637E-001  1.5634828E+000  9.9632572E-001  4.4675829E-001  7.8862584E+000 -8.6481086E+000  5.0947216E+003  5.0947216E+003  9.9832879E+003  9.9832879E+003
  2.0000000E-001  2.8126318E+000  8.8710516E-001  3.6895723E-004  2.0920833E+001 -1.2922857E+002  9.9630438E+000  0.0000000E+000  0.0000000E+000  0.0000000E+000  0.0000000E+000  0.0000000E+000  2.2860541E+000  2.0000000E-002  0.0000000E+000  0.0000000E+000
  8.0000000E-001  0.0000000E+000  2.0000000E+001  1.0000000E+000  0.0000000E+000  0.0000000E+000  1.1054697E+000  7.2933531E+000  0.0000000E+000  0.0000000E+000  0.0000000E+000  0.0000000E+000  0.0000000E+000  0.0000000E+000  7.0882814E-004  7.1985165E-004
  7.1985165E-004  7.0882814E-004  2.9334827E+000  0.0000000E+000  5.1352187E+000  0.0000000E+000 -3.8709724E+000  0.0000000E+000 -7.4804872E+000  0.0000000E+000 -7.6934657E+000  0.0000000E+000 -6.6643608E+000  0.0000000E+000 -1.0009389E+000  0.0000000E+000
 -2.9838834E+000  0.0000000E+000  4.1171978E+000  0.0000000E+000 -8.2392917E+000  0.0000000E+000  5.5551011E+000  0.0000000E+000  5.4405452E+000  0.0000000E+000  0.0000000E+000  0.0000000E+000  0.0000000E+000  0.0000000E+000  0.0000000E+000  0.0000000E+000
  0.0000000E+000  0.0000000E+000  0.0000000E+000  0.0000000E+000  0.0000000E+000  0.0000000E+000  0.0000000E+000  0.0000000E+000  0.0000000E+000  0.0000000E+000  0.0000000E+000  0.0000000E+000  0.0000000E+000  0.0000000E+000  0.0000000E+000  0.0000000E+000
  0.0000000E+000  0.0000000E+000  0.0000000E+000  0.0000000E+000  0.0000000E+000  0.0000000E+000  0.0000000E+000  0.0000000E+000  0.0000000E+000  0.0000000E+000  0.0000000E+000  0.0000000E+000  0.0000000E+000  0.0000000E+000  2.4547721E+002  0.0000000E+000
  0.0000000E+000  2.9195854E-001  1.6104450E+000  0.0000000E+000  0.0000000E+000  0.0000000E+000  0.0000000E+000  0.0000000E+000  0.0000000E+000  0.0000000E+000  0.0000000E+000  0.0000000E+000  0.0000000E+000  0.0000000E+000  0.0000000E+000  0.0000000E+000
  0.0000000E+000  0.0000000E+000  2.0684049E+002  2.0683978E+002  2.0655342E+002  2.0655270E+002  2.0655342E+002  2.0655270E+002  2.0684049E+002  2.0683978E+002  1.4520517E-002  3.3988094E-001  7.8889533E-006  4.1252538E-020  1.5249671E+000  7.8102323E+001
  3.9429320E+001  7.8862584E+000  1.7249671E+000  8.0441774E+000  0.0000000E+000  0.0000000E+000  0.0000000E+000  1.4882791E+001  0.0000000E+000  0.0000000E+000  0.0000000E+000  0.0000000E+000  0.0000000E+000  0.0000000E+000  0.0000000E+000  0.0000000E+000
  0.0000000E+000  0.0000000E+000  0.0000000E+000  0.0000000E+000  0.0000000E+000  0.0000000E+000  0.0000000E+000  0.0000000E+000  0.0000000E+000  0.0000000E+000  0.0000000E+000  1.5620434E+002  1.0275512E+002  0.0000000E+000  0.0000000E+000  1.7286563E+001
  0.0000000E+000  0.0000000E+000  3.9003000E+004
   1 178
  2.4388949E+000  1.0503395E+000  5.7363052E+001  6.1708624E-001  2.6773592E+002 -1.4986738E+001  1.6304206E+000  1.5848655E+000  9.9544735E-001  4.2192921E-001  7.3962244E+000 -8.3991365E+000  5.0844671E+003  5.0844671E+003  9.9832879E+003  9.9832879E+003
  2.0000000E-001  2.7184761E+000  8.9074528E-001  1.0374652E-003  1.9792017E+001 -1.3153518E+002  9.9542610E+000  0.0000000E+000  0.0000000E+000  0.0000000E+000  0.0000000E+000  0.0000000E+000  2.9276656E+000  2.0000000E-002  0.0000000E+000  0.0000000E+000
  8.0000000E-001  0.0000000E+000  2.0000000E+001  1.0000000E+000  0.0000000E+000  0.0000000E+000  1.1054697E+000  7.2933531E+000  0.0000000E+000  0.0000000E+000  0.0000000E+000  0.0000000E+000  0.0000000E+000  0.0000000E+000 -1.8988163E+000 -1.8583871E+000
 -1.8583871E+000 -1.8988163E+000  2.9335146E+000  0.0000000E+000  5.1352757E+000  0.0000000E+000 -3.8710475E+000  0.0000000E+000 -7.4808118E+000  0.0000000E+000 -7.6936509E+000  0.0000000E+000 -6.6644088E+000  0.0000000E+000 -1.0008817E+000  0.0000000E+000
 -2.9838217E+000  0.0000000E+000  4.1172136E+000  0.0000000E+000 -8.2392952E+000  0.0000000E+000  5.5550889E+000  0.0000000E+000  5.4405227E+000  0.0000000E+000  0.0000000E+000  0.0000000E+000  0.0000000E+000  0.0000000E+000  0.0000000E+000  0.0000000E+000
  0.0000000E+000  0.0000000E+000  0.0000000E+000  0.0000000E+000  0.0000000E+000  0.0000000E+000  0.0000000E+000  0.0000000E+000  0.0000000E+000  0.0000000E+000  0.0000000E+000  0.0000000E+000  0.0000000E+000  0.0000000E+000  0.0000000E+000  0.0000000E+000
  0.0000000E+000  0.0000000E+000  0.0000000E+000  0.0000000E+000  0.0000000E+000  0.0000000E+000  0.0000000E+000  0.0000000E+000  0.0000000E+000  0.0000000E+000  0.0000000E+000  0.0000000E+000  0.0000000E+000  0.0000000E+000  2.4577975E+002  0.0000000E+000
  0.0000000E+000  6.2303060E+001  1.6355436E+000  0.0000000E+000  0.0000000E+000  0.0000000E+000  0.0000000E+000  0.0000000E+000  0.0000000E+000  0.0000000E+000  0.0000000E+000  0.0000000E+000  0.0000000E+000  0.0000000E+000  0.0000000E+000  0.0000000E+000
  0.0000000E+000  0.0000000E+000  2.0494096E+002  2.0683978E+002  2.0469431E+002  2.0655270E+002  2.0469431E+002  2.0655270E+002  2.0494096E+002  2.0683978E+002  1.3730197E-002  3.1922490E-001  9.0793338E-006  6.1607809E-020  1.4302091E+000  7.5878856E+001
  3.6979273E+001  7.3962244E+000  1.6302091E+000  7.8146530E+000  0.0000000E+000  0.0000000E+000  0.0000000E+000  1.4670522E+001  0.0000000E+000  0.0000000E+000  0.0000000E+000  0.0000000E+000  0.0000000E+000  0.0000000E+000  0.0000000E+000  0.0000000E+000
  0.0000000E+000  0.0000000E+000  0.0000000E+000  0.0000000E+000  0.0000000E+000  0.0000000E+000  0.0000000E+000  0.0000000E+000  0.0000000E+000  0.0000000E+000  0.0000000E+000  1.5632093E+002  1.0258335E+002  0.0000000E+000  0.0000000E+000  1.9887689E+001
  0.0000000E+000  0.0000000E+000  3.9004000E+004
   1 178
  2.3959221E+000  1.0091787E+000  5.4446064E+001  5.9516850E-001  2.6641191E+002 -2.1295361E+001  3.4697493E+000  1.6174408E+000  9.9438016E-001  3.8651167E-001  6.7717656E+000 -8.1374626E+000  5.0720138E+003  5.0720138E+003  9.9832879E+003  9.9832879E+003
  2.0000000E-001  2.5835450E+000  8.9655469E-001  2.4856547E-003  1.8310158E+001 -1.3494374E+002  9.9435900E+000  0.0000000E+000  0.0000000E+000  0.0000000E+000  0.0000000E+000  0.0000000E+000  4.6736893E+000  2.0000000E-002  0.0000000E+000  0.0000000E+000
  8.0000000E-001  0.0000000E+000  2.0000000E+001  1.0000000E+000  0.0000000E+000  0.0000000E+000  1.1054697E+000  7.2933531E+000  0.0000000E+000  0.0000000E+000  0.0000000E+000  0.0000000E+000  0.0000000E+000  0.0000000E+000 -2.2359424E-001 -1.7609473E-001
 -1.7609473E-001 -2.2359424E-001  2.9335780E+000  0.0000000E+000  5.1354109E+000  0.0000000E+000 -3.8710602E+000  0.0000000E+000 -7.4812993E+000  0.0000000E+000 -7.6939985E+000  0.0000000E+000 -6.6645097E+000  0.0000000E+000 -1.0007784E+000  0.0000000E+000
 -2.9837170E+000  0.0000000E+000  4.1172405E+000  0.0000000E+000 -8.2393037E+000  0.0000000E+000  5.5550621E+000  0.0000000E+000  5.4404749E+000  0.0000000E+000  0.0000000E+000  0.0000000E+000  0.0000000E+000  0.0000000E+000  0.0000000E+000  0.0000000E+000
  0.0000000E+000  0.0000000E+000  0.0000000E+000  0.0000000E+000  0.0000000E+000  0.0000000E+000  0.0000000E+000  0.0000000E+000  0.0000000E+000  0.0000000E+000  0.0000000E+000  0.0000000E+000  0.0000000E+000  0.0000000E+000  0.0000000E+000  0.0000000E+000
  0.0000000E+000  0.0000000E+000  0.0000000E+000  0.0000000E+000  0.0000000E+000  0.0000000E+000  0.0000000E+000  0.0000000E+000  0.0000000E+000  0.0000000E+000  0.0000000E+000  0.0000000E+000  0.0000000E+000  0.0000000E+000  2.4622723E+002  0.0000000E+000
  0.0000000E+000  5.6483126E+001  1.6746535E+000  0.0000000E+000  0.0000000E+000  0.0000000E+000  0.0000000E+000  0.0000000E+000  0.0000000E+000  0.0000000E+000  0.0000000E+000  0.0000000E+000  0.0000000E+000  0.0000000E+000  0.0000000E+000  0.0000000E+000
  0.0000000E+000  0.0000000E+000  2.0661618E+002  2.0683978E+002  2.0637661E+002  2.0655270E+002  2.0637661E+002  2.0655270E+002  2.0661618E+002  2.0683978E+002  1.2716298E-002  2.9279136E-001  9.8151819E-006  8.1872771E-020  1.3094574E+000  7.2989752E+001
  3.3857135E+001  6.7717656E+000  1.5094574E+000  7.5170584E+000  0.0000000E+000  0.0000000E+000  0.0000000E+000  1.4494119E+001  0.0000000E+000  0.0000000E+000  0.0000000E+000  0.0000000E+000  0.0000000E+000  0.0000000E+000  0.0000000E+000  0.0000000E+000
  0.0000000E+000  0.0000000E+000  0.0000000E+000  0.0000000E+000  0.0000000E+000  0.0000000E+000  0.0000000E+000  0.0000000E+000  0.0000000E+000  0.0000000E+000  0.0000000E+000  1.5655423E+002  1.0229048E+002  0.0000000E+000  0.0000000E+000  2.1083186E+001
  0.0000000E+000  0.0000000E+000  3.9005000E+004
   1 178
  2.3295809E+000  9.0647363E-001  4.8264521E+001  5.2307283E-001  2.6386426E+002 -3.4639780E+001  1.0840401E+001  1.7286308E+000  9.9244372E-001  3.1176974E-001  5.5713274E+000 -7.7095474E+000  5.0494258E+003  5.0494258E+003  9.9832879E+003  9.9832879E+003
  2.0000000E-001  2.3088880E+000  9.1363432E-001  7.1390244E-003  1.2063724E+001 -1.4260856E+002  9.9242274E+000  0.0000000E+000  0.0000000E+000  0.0000000E+000  0.0000000E+000  0.0000000E+000  1.1865296E+001  2.0000000E-002  0.0000000E+000  0.0000000E+000
  8.0000000E-001  0.0000000E+000  2.0000000E+001  1.0000000E+000  0.0000000E+000  0.0000000E+000  1.1054697E+000  7.2933531E+000  0.0000000E+000  0.0000000E+000  0.0000000E+000  0.0000000E+000 -2.0892528E+002  2.0892528E+002  2.2874050E+000  2.3725770E+000
  2.3725770E+000  2.2874050E+000  2.9336951E+000  0.0000000E+000  5.1356920E+000  0.0000000E+000 -3.8708601E+000  0.0000000E+000 -7.4819459E+000  0.0000000E+000 -7.6946317E+000  0.0000000E+000 -6.6647233E+000  0.0000000E+000 -1.0006008E+000  0.0000000E+000
 -2.9835485E+000  0.0000000E+000  4.1172829E+000  0.0000000E+000 -8.2393232E+000  0.0000000E+000  5.5550003E+000  0.0000000E+000  5.4403677E+000  0.0000000E+000  0.0000000E+000  0.0000000E+000  0.0000000E+000  0.0000000E+000  0.0000000E+000  0.0000000E+000
  0.0000000E+000  0.0000000E+000  0.0000000E+000  0.0000000E+000  0.0000000E+000  0.0000000E+000  0.0000000E+000  0.0000000E+000  0.0000000E+000  0.0000000E+000  0.0000000E+000  0.0000000E+000  0.0000000E+000  0.0000000E+000  0.0000000E+000  0.0000000E+000
  0.0000000E+000  0.0000000E+000  0.0000000E+000  0.0000000E+000  0.0000000E+000  0.0000000E+000  0.0000000E+000  0.0000000E+000  0.0000000E+000  0.0000000E+000  0.0000000E+000  0.0000000E+000  0.0000000E+000  0.0000000E+000  2.4722824E+002  0.0000000E+000
  0.0000000E+000  7.5234906E+001  1.7742050E+000  0.0000000E+000  0.0000000E+000  0.0000000E+000  0.0000000E+000  0.0000000E+000  0.0000000E+000  0.0000000E+000  0.0000000E+000  0.0000000E+000  0.0000000E+000  0.0000000E+000 -2.0892528E+002  0.0000000E+000
  2.0892528E+002  0.0000000E+000  2.0912718E+002  2.0683978E+002  2.0892528E+002  2.0655270E+002  2.0892528E+002  2.0655270E+002  2.0912718E+002  2.0683978E+002  1.0747782E-002  2.4167708E-001  9.2839604E-006  1.0205245E-019  1.0773285E+000  6.7121664E+001
  2.7855244E+001  5.5713274E+000  1.2773285E+000  6.9144676E+000  0.0000000E+000  0.0000000E+000  0.0000000E+000  1.4319888E+001  0.0000000E+000  0.0000000E+000  0.0000000E+000  0.0000000E+000  0.0000000E+000  0.0000000E+000  0.0000000E+000  0.0000000E+000
  0.0000000E+000  0.0000000E+000  0.0000000E+000  0.0000000E+000  0.0000000E+000  0.0000000E+000  0.0000000E+000  0.0000000E+000  0.0000000E+000  0.0000000E+000  0.0000000E+000  1.8429227E+002  9.6807618E+001  0.0000000E+000  0.0000000E+000  2.2462393E+001
  0.0000000E+000  0.0000000E+000  3.9006000E+004
   1 178
  1.5758487E+000  2.7151908E-001  1.7736005E+001  5.0609256E-002  2.5319142E+002 -1.3740222E+002  1.4344213E+004  1.7066962E+000  9.8696164E-001  6.1893813E-002  7.7552510E-001 -4.8492374E+000  4.9859180E+003  4.9859180E+003  9.9832879E+003  9.9832879E+003
  2.0000000E-001  7.1068563E-001  1.0482066E+000  9.1096707E+000  1.7449696E-001 -1.6823502E+002  9.8694114E+000  0.0000000E+000  0.0000000E+000  0.0000000E+000  0.0000000E+000  0.0000000E+000  1.4344527E+004  2.0000000E-002  0.0000000E+000  0.0000000E+000
  8.0000000E-001  0.0000000E+000  2.0000000E+001  1.0000000E+000  0.0000000E+000  0.0000000E+000  1.1054697E+000  7.2933531E+000  0.0000000E+000  0.0000000E+000  0.0000000E+000  0.0000000E+000 -2.1487447E+002  2.1487447E+002  8.2001794E+000  8.3217672E+000
  8.3217672E+000  8.2001794E+000  2.9339405E+000  0.0000000E+000  5.1363542E+000  0.0000000E+000 -3.8695494E+000  0.0000000E+000 -7.4816619E+000  0.0000000E+000 -7.6956819E+000  0.0000000E+000 -6.6655603E+000  0.0000000E+000 -1.0002595E+000  0.0000000E+000
 -2.9832547E+000  0.0000000E+000  4.1173535E+000  0.0000000E+000 -8.2393861E+000  0.0000000E+000  5.5546373E+000  0.0000000E+000  5.4397262E+000  0.0000000E+000  0.0000000E+000  0.0000000E+000  0.0000000E+000  0.0000000E+000  0.0000000E+000  0.0000000E+000
  0.0000000E+000  0.0000000E+000  0.0000000E+000  0.0000000E+000  0.0000000E+000  0.0000000E+000  0.0000000E+000  0.0000000E+000  0.0000000E+000  0.0000000E+000  0.0000000E+000  0.0000000E+000  0.0000000E+000  0.0000000E+000  0.0000000E+000  0.0000000E+000
  0.0000000E+000  0.0000000E+000  0.0000000E+000  0.0000000E+000  0.0000000E+000  0.0000000E+000  0.0000000E+000  0.0000000E+000  0.0000000E+000  0.0000000E+000  0.0000000E+000  0.0000000E+000  0.0000000E+000  0.0000000E+000  2.4708879E+002  0.0000000E+000
  0.0000000E+000  1.5847570E+002  1.7066962E+000  0.0000000E+000  0.0000000E+000  0.0000000E+000  0.0000000E+000  0.0000000E+000  0.0000000E+000  0.0000000E+000  0.0000000E+000  0.0000000E+000  0.0000000E+000  0.0000000E+000 -2.1487447E+002  0.0000000E+000
  2.1487447E+002  0.0000000E+000  2.1503996E+002  2.0683978E+002  2.1487447E+002  2.0655270E+002  2.1487447E+002  2.0655270E+002  2.1503996E+002  2.0683978E+002  1.9598614E-003  3.3954776E-002  1.4547773E-006  1.2212825E-019  1.4996342E-001  2.4416065E+001
  3.8774316E+000  7.7552510E-001  3.4996342E-001  2.5562266E+000  0.0000000E+000  0.0000000E+000  0.0000000E+000  1.4438214E+001  0.0000000E+000  0.0000000E+000  0.0000000E+000  0.0000000E+000  0.0000000E+000  0.0000000E+000  0.0000000E+000  0.0000000E+000
  0.0000000E+000  0.0000000E+000  0.0000000E+000  0.0000000E+000  0.0000000E+000  0.0000000E+000  0.0000000E+000  0.0000000E+000  0.0000000E+000  0.0000000E+000  0.0000000E+000  0.0000000E+000  0.0000000E+000  0.0000000E+000  0.0000000E+000  2.4035502E+001
  0.0000000E+000  0.0000000E+000  3.9007000E+004
   1 178
  1.1258760E+000  2.5844540E-001  1.3726891E+001  4.8800063E-002  2.5315314E+002 -1.5004985E+002  7.6860783E+002  1.3948637E+000  9.8783884E-001  5.1938544E-002  3.9176248E-001 -2.3916737E+000  4.9968659E+003  4.9968659E+003  9.9832879E+003  9.9832879E+003
  2.0000000E-001  3.7797281E-001  1.1497027E+000  9.7923461E+000  7.1523896E-001 -1.6815847E+002  9.8781823E+000  0.0000000E+000  0.0000000E+000  0.0000000E+000  0.0000000E+000  0.0000000E+000  7.6886540E+002  2.0000000E-002  0.0000000E+000  0.0000000E+000
  8.0000000E-001  0.0000000E+000  2.0000000E+001  1.0000000E+000  0.0000000E+000  0.0000000E+000  1.1054697E+000  7.2933531E+000  0.0000000E+000  0.0000000E+000  0.0000000E+000  0.0000000E+000 -2.6620713E+002  2.6620713E+002  5.9416619E+001  5.9654431E+001
  5.9654431E+001  5.9416619E+001  2.9342910E+000  0.0000000E+000  5.1373803E+000  0.0000000E+000 -3.8671030E+000  0.0000000E+000 -7.4800876E+000  0.0000000E+000 -7.6965857E+000  0.0000000E+000 -6.6666302E+000  0.0000000E+000 -9.9980533E-001  0.0000000E+000
 -2.9828724E+000  0.0000000E+000  4.1174494E+000  0.0000000E+000 -8.2394599E+000  0.0000000E+000  5.5542102E+000  0.0000000E+000  5.4389541E+000  0.0000000E+000  0.0000000E+000  0.0000000E+000  0.0000000E+000  0.0000000E+000  0.0000000E+000  0.0000000E+000
  0.0000000E+000  0.0000000E+000  0.0000000E+000  0.0000000E+000  0.0000000E+000  0.0000000E+000  0.0000000E+000  0.0000000E+000  0.0000000E+000  0.0000000E+000  0.0000000E+000  0.0000000E+000  0.0000000E+000  0.0000000E+000  0.0000000E+000  0.0000000E+000
  0.0000000E+000  0.0000000E+000  0.0000000E+000  0.0000000E+000  0.0000000E+000  0.0000000E+000  0.0000000E+000  0.0000000E+000  0.0000000E+000  0.0000000E+000  0.0000000E+000  0.0000000E+000  0.0000000E+000  0.0000000E+000  2.4681121E+002  0.0000000E+000
  0.0000000E+000  7.3322326E+003  1.3948637E+000  0.0000000E+000  0.0000000E+000  0.0000000E+000  0.0000000E+000  0.0000000E+000  0.0000000E+000  0.0000000E+000  0.0000000E+000  0.0000000E+000  0.0000000E+000  0.0000000E+000 -2.6620713E+002  0.0000000E+000
  2.6620713E+002  0.0000000E+000  2.6625640E+002  2.0683978E+002  2.6620713E+002  2.0655270E+002  2.6620713E+002  2.0655270E+002  2.6625640E+002  2.0683978E+002  1.0764983E-003  1.7105690E-002  8.1034280E-007  1.2143746E-019  7.5755175E-002  1.6910735E+001
  1.9587144E+000  3.9176248E-001  2.7575517E-001  1.7846706E+000  0.0000000E+000  0.0000000E+000  0.0000000E+000  1.1169910E+001  0.0000000E+000  0.0000000E+000  0.0000000E+000  0.0000000E+000  0.0000000E+000  0.0000000E+000  0.0000000E+000  0.0000000E+000
  0.0000000E+000  0.0000000E+000  0.0000000E+000  0.0000000E+000  0.0000000E+000  0.0000000E+000  0.0000000E+000  0.0000000E+000  0.0000000E+000  0.0000000E+000  0.0000000E+000  0.0000000E+000  0.0000000E+000  0.0000000E+000  0.0000000E+000  0.0000000E+000
  0.0000000E+000  0.0000000E+000  3.9008000E+004
   1 178
  8.3381268E-001  2.1481012E-001  1.0378814E+001  4.6399813E-002  2.5421592E+002 -1.5755701E+002  4.7902487E+002  1.1010978E+000  9.8810103E-001  4.0103125E-002  1.8400880E-001 -7.6613103E-001  5.0006249E+003  5.0006249E+003  9.9832879E+003  9.9832879E+003
  2.0000000E-001  2.3456442E-001  1.2724214E+000  1.0366845E+001  4.3797494E-001 -1.6816304E+002  9.8808037E+000  0.0000000E+000  0.0000000E+000  0.0000000E+000  0.0000000E+000  0.0000000E+000  4.7925187E+002  2.0000000E-002  0.0000000E+000  0.0000000E+000
  8.0000000E-001  0.0000000E+000  2.0000000E+001  1.0000000E+000  0.0000000E+000  0.0000000E+000  1.1054697E+000  7.2933531E+000  0.0000000E+000  0.0000000E+000  0.0000000E+000  0.0000000E+000 -2.7583354E+002  2.7583354E+002  6.9031598E+001  6.9280838E+001
  6.9280838E+001  6.9031598E+001  2.9347385E+000  0.0000000E+000  5.1387352E+000  0.0000000E+000 -3.8636901E+000  0.0000000E+000 -7.4772445E+000  0.0000000E+000 -7.6970349E+000  0.0000000E+000 -6.6677704E+000  0.0000000E+000 -9.9924496E-001  0.0000000E+000
 -2.9824110E+000  0.0000000E+000  4.1175686E+000  0.0000000E+000 -8.2395268E+000  0.0000000E+000  5.5537573E+000  0.0000000E+000  5.4380961E+000  0.0000000E+000  0.0000000E+000  0.0000000E+000  0.0000000E+000  0.0000000E+000  0.0000000E+000  0.0000000E+000
  0.0000000E+000  0.0000000E+000  0.0000000E+000  0.0000000E+000  0.0000000E+000  0.0000000E+000  0.0000000E+000  0.0000000E+000  0.0000000E+000  0.0000000E+000  0.0000000E+000  0.0000000E+000  0.0000000E+000  0.0000000E+000  0.0000000E+000  0.0000000E+000
  0.0000000E+000  0.0000000E+000  0.0000000E+000  0.0000000E+000  0.0000000E+000  0.0000000E+000  0.0000000E+000  0.0000000E+000  0.0000000E+000  0.0000000E+000  0.0000000E+000  0.0000000E+000  0.0000000E+000  0.0000000E+000  2.4682778E+002  0.0000000E+000
  0.0000000E+000  6.3053425E+002  1.1010978E+000  0.0000000E+000  0.0000000E+000  0.0000000E+000  0.0000000E+000  0.0000000E+000  0.0000000E+000  0.0000000E+000  0.0000000E+000  0.0000000E+000  0.0000000E+000  0.0000000E+000 -2.7583354E+002  0.0000000E+000
  2.7583354E+002  0.0000000E+000  2.7587138E+002  2.0683978E+002  2.7583354E+002  2.0655270E+002  2.7583354E+002  2.0655270E+002  2.7587138E+002  2.0683978E+002  5.5808203E-004  8.0199259E-003  1.5808558E-007  8.7160325E-020  3.5581811E-002  1.1419459E+001
  9.1999798E-001  1.8400880E-001  2.3558181E-001  1.2148862E+000  0.0000000E+000  0.0000000E+000  0.0000000E+000  9.2950376E+000  0.0000000E+000  0.0000000E+000  0.0000000E+000  0.0000000E+000  0.0000000E+000  0.0000000E+000  0.0000000E+000  0.0000000E+000
  0.0000000E+000  0.0000000E+000  0.0000000E+000  0.0000000E+000  0.0000000E+000  0.0000000E+000  0.0000000E+000  0.0000000E+000  0.0000000E+000  0.0000000E+000  0.0000000E+000  0.0000000E+000  0.0000000E+000  0.0000000E+000  0.0000000E+000  0.0000000E+000
  0.0000000E+000  0.0000000E+000  3.9009000E+004
