npf cnm kl_pf 
12 1 1
 CS3U
6 15 1
   168.70000000  546.40000000  74.00000000 209.30000000 
 CS2U
6 15 1
   168.70000000  327.80000000  74.00000000 209.30000000 
 CS1U
6 30 1
   168.70000000  109.20000000  74.00000000 209.30000000 
 CS1L
6 30 1
   168.70000000  -107.20000000  74.00000000 209.30000000 
 CS2L
6 15 1
   168.70000000  -325.80000000  74.00000000 209.30000000 
 CS3L
6 15 1
   168.70000000  -544.40000000  74.00000000 209.30000000 
  PF1
10 10 1
   394.31000000  757.37000000  95.90000000  98.41000000 
  PF2
10 5 1
   828.47000000  653.98000000  58.01000000  71.46000000 
  PF3
10 10 1
   1199.23000000  327.52000000  69.63000000  95.38000000 
  PF4
10 10 1
   1196.28000000  -223.36000000  63.82000000  95.38000000 
  PF5
10 10 1
   839.10000000  -672.65000000  81.25000000  95.38000000 
  PF6
40 20 1
   433.40000000  -746.60000000 155.90000000 110.75000000 

