          50
   1.00000000000000        1.31691963020222     
  0.999269268011163        1.31691963020222     
  0.997077072044651        1.31553231270878     
  0.993423412100464        1.31241351133352     
  0.988308288178603        1.30811410189937     
  0.981731700279067        1.30253071861141     
  0.973693648401856        1.29567503971751     
  0.964194132546970        1.28751103071448     
  0.953233152714410        1.27801273368674     
  0.940810708904176        1.26714238125751     
  0.926926801116266        1.25486164033143     
  0.911581429350682        1.24112217712901     
  0.894774593607423        1.22587374227436     
  0.876506293886490        1.20905656236327     
  0.856776530187882        1.19060689550007     
  0.835585302511599        1.17045087593096     
  0.812932610857641        1.14851059525742     
  0.788818455226009        1.12469796643085     
  0.763242835616702        1.09891481942780     
  0.736205752029721        1.07105703170797     
  0.707707204465065        1.04100537154516     
  0.677747192922734        1.00863493215786     
  0.646325717402728       0.973802858049543     
  0.613442777905048       0.936350499971051     
  0.580850304372930       0.898201896214336     
  0.548665757406506       0.859491548315132     
  0.516987856145805       0.820348223838995     
  0.485898770015694       0.780899340914655     
  0.455466078553057       0.741263197989960     
  0.425744522839326       0.701544083997424     
  0.396777569722417       0.661847544977762     
  0.368598807903403       0.622269720904261     
  0.341233193062291       0.582900038832227     
  0.314698157483707       0.543818447179110     
  0.289004598098779       0.505098224590682     
  0.264157755467388       0.466812738618806     
  0.240157994970389       0.429017997662478     
  0.217001500350787       0.391771621852861     
  0.194680888724089       0.355125307299987     
  0.173185755260112       0.319120734094199     
  0.152503154911535       0.283794605617735     
  0.132618027819474       0.249179923182437     
  0.113513574355291       0.215304033906477     
  9.517158515344804E-002  0.182185856268464     
  7.757273094588846E-002  0.149846030929025     
  6.069681651831427E-002  0.118291201717905     
  4.452300266743936E-002  8.753314891364691E-002
  2.902999964103503E-002  5.756932515829501E-002
  1.419623518501478E-002  2.840258325624833E-002
   0.00000000000000       7.190287729266776E-005
