 Time(s),Ip,I(CSU3),I(CSU2),I(CS1),I(CSL2)  
   0.0000000000000000        1.0000000000000000E-003   23.168279999999999        22.244209999999999        22.140610000000002        22.296279999999999        23.254700000000003        10.062329999999998        1.2528419999999998        2.4122949999999997E-002  0.52762739999999997      -0.18159980000000001        9.6418870000000005     
   5.0000000000000003E-002   1.0000000000000000E-003   23.128419999999998        22.210380000000001        22.051179999999999        22.291480000000000        23.097890000000000        9.8681929999999980        1.2255759999999998        2.4828969999999999E-002  0.52319850000000012      -0.17206330000000003        9.5401129999999998     
  0.10000000000000001        1.0000000000000000E-003   23.088909999999998        22.179290000000002        21.980239999999998        22.311209999999999        22.926410000000004        9.6760579999999976        1.1898669999999998        3.4354210000000003E-002  0.52465830000000013      -0.15672670000000000        9.4436780000000002     
  0.14999999999999999        1.0000000000000000E-003   23.041650000000001        22.142690000000002        21.914180000000005        22.335599999999999        22.747949999999999        9.4916259999999983        1.1550589999999998        5.2169419999999994E-002  0.53259279999999998      -0.13633760000000000        9.3520559999999993     
  0.20000000000000001        1.0000000000000000E-003   22.987459999999999        22.102030000000003        21.851630000000000        22.363920000000000        22.563680000000002        9.3136569999999974        1.1208819999999997        7.5730610000000004E-002  0.54396509999999998      -0.11331289999999999        9.2635690000000004     
  0.25000000000000000        1.0000000000000000E-003   22.930710000000001        22.061930000000000        21.789390000000001        22.394970000000001        22.379429999999999        9.1412859999999974        1.0883010000000000        9.7845240000000000E-002  0.54997759999999996       -9.4209799999999996E-002   9.1758190000000006     
  0.29999999999999999        1.0000000000000000E-003   22.871179999999999        22.022130000000004        21.727040000000002        22.428260000000002        22.195280000000000        8.9738869999999995        1.0572039999999998       0.11820769999999999       0.55033829999999995       -7.9171030000000017E-002   9.0885639999999999     
  0.34999999999999998        1.0000000000000000E-003   22.808650000000000        21.982510000000001        21.663250000000001        22.463340000000002        22.011289999999999        8.8109769999999976        1.0274529999999997       0.13671279999999997       0.54546609999999995       -6.8217440000000004E-002   9.0018349999999998     
  0.40000000000000002        1.0000000000000000E-003   22.744700000000002        21.946069999999999        21.587489999999999        22.498590000000004        21.829709999999999        8.6521009999999983       0.99922319999999976       0.15119519999999997       0.53709350000000000       -6.3278080000000000E-002   8.9164779999999997     
  0.45000000000000001        1.0000000000000000E-003   22.679510000000004        21.913329999999998        21.497720000000001        22.533719999999999        21.651029999999999        8.4969479999999979       0.97252819999999984       0.16123929999999997       0.52575410000000000       -6.4674549999999997E-002   8.8327059999999999     
  0.50000000000000000        1.0000000000000000E-003   22.613040000000002        21.884020000000003        21.394500000000001        22.568650000000002        21.475210000000001        8.3452889999999993       0.94732979999999978       0.16696329999999998       0.51162129999999995       -7.2199689999999997E-002   8.7505419999999994     
  0.55000000000000004        1.0000000000000000E-003   22.555930000000000        21.856670000000001        21.286500000000000        22.594550000000002        21.303640000000005        8.1963039999999978       0.92336179999999990       0.16935349999999996       0.49735260000000003       -8.1215140000000005E-002   8.6701630000000005     
  0.59999999999999998        1.0000000000000000E-003   22.514379999999999        21.830069999999999        21.178590000000000        22.606269999999999        21.137170000000001        8.0494079999999979       0.90042469999999986       0.16893269999999996       0.48442060000000003       -8.9177969999999995E-002   8.5914859999999997     
  0.65000000000000002        1.0000000000000000E-003   22.488080000000004        21.803850000000001        21.070509999999999        22.604089999999999        20.975790000000000        7.9044449999999991       0.87846689999999994       0.16565839999999998       0.47273390000000004       -9.6290150000000005E-002   8.5143480000000000     
  0.69999999999999996        1.0000000000000000E-003   22.475989999999999        21.775780000000001        20.967720000000003        22.579160000000002        20.821380000000001        7.7613119999999993       0.85725319999999994       0.16083869999999997       0.46205659999999998      -0.10270270000000001        8.4385899999999996     
  0.75000000000000000        1.0000000000000000E-003   22.476680000000002        21.742400000000000        20.879069999999999        22.517090000000000        20.677160000000001        7.6199449999999986       0.83639429999999992       0.15660289999999996       0.45202620000000004      -0.10854820000000001        8.3640659999999993     
  0.80000000000000004        1.0000000000000000E-003   22.490000000000002        21.703499999999998        20.804079999999999        22.418240000000004        20.543160000000000        7.4802639999999991       0.81579829999999987       0.15287609999999996       0.44255460000000008      -0.11390749999999999        8.2907259999999994     
  0.84999999999999998        1.0000000000000000E-003   22.513909999999999        21.660869999999999        20.738820000000000        22.290369999999999        20.417739999999998        7.3422899999999993       0.79539009999999988       0.14957439999999997       0.43356950000000000      -0.11884450000000002        8.2185620000000004     
  0.90000000000000002        1.0000000000000000E-003   22.540350000000000        21.622430000000001        20.668669999999999        22.163910000000001        20.294129999999999        7.2063709999999981       0.77510569999999990       0.14662849999999997       0.42500769999999999      -0.12341199999999999        8.1476430000000004     
  0.94999999999999996        1.0000000000000000E-003   22.568430000000003        21.589050000000000        20.592340000000000        22.041550000000001        20.171379999999999        7.0725079999999982       0.75489159999999988       0.14398040000000001       0.41681420000000002      -0.12765570000000004        8.0779040000000002     
   1.0000000000000000        1.0000000000000000E-003   22.598350000000000        21.558759999999999        20.511590000000002        21.922560000000004        20.049379999999999        6.9408169999999991       0.73469699999999993       0.14158159999999997       0.40894090000000000      -0.13161800000000004        8.0092610000000004     
   1.0500000000000000        1.0000000000000000E-003   22.632610000000003        21.505340000000000        20.447559999999999        21.802350000000001        19.928540000000002        6.8135059999999994       0.71437489999999992       0.13938069999999997       0.40134470000000005      -0.13533960000000003        7.9416229999999999     
   1.1000000000000001        1.0000000000000000E-003   22.672139999999999        21.421250000000001        20.405950000000001        21.679189999999998        19.808940000000000        6.6911789999999991       0.69384829999999997       0.13733919999999997       0.39398740000000004      -0.13885929999999999        7.8749130000000003     
   1.1499999999999999        5.0499999999999996E-002   22.716940000000001        21.306830000000001        20.385030000000000        21.552630000000001        19.690490000000000        6.5737289999999993       0.67306989999999989       0.13536419999999999       0.38676080000000002      -0.14224310000000001        7.8090359999999999     
   1.2000000000000000        9.9999999999999992E-002   22.762280000000001        21.177240000000001        20.355740000000001        21.444500000000001        19.582670000000000        6.4650629999999989       0.66524459999999985       0.13339919999999997       0.38007930000000006      -0.14272099999999999        7.7463439999999997     
   1.2500000000000000       0.15454550000000000        22.804099999999998        21.044689999999999        20.297400000000000        21.371720000000003        19.492470000000001        6.3676709999999987       0.68015099999999995       0.13120319999999999       0.37423550000000005      -0.13830160000000000        7.6882739999999998     
   1.3000000000000000       0.20909090000000000        22.841999999999999        20.908700000000000        20.210210000000000        21.332930000000001        19.419149999999998        6.2806749999999987       0.71680219999999983       0.12831609999999996       0.36887959999999997      -0.12939529999999999        7.6341839999999994     
   1.3500000000000001       0.26363639999999994        22.870550000000001        20.779450000000001        20.106770000000001        21.315619999999999        19.357920000000000        6.2011729999999989       0.76238529999999993       0.12418980000000000       0.36313550000000006      -0.11786070000000001        7.5828710000000008     
   1.3999999999999999       0.31818179999999996        22.878710000000005        20.677840000000000        20.010259999999999        21.294509999999999        19.299610000000001        6.1245579999999995       0.79135329999999993       0.11835879999999997       0.35549240000000004      -0.10709580000000002        7.5326650000000006     
   1.4500000000000000       0.37272729999999998        22.866470000000000        20.603660000000001        19.920980000000000        21.269530000000000        19.244260000000001        6.0513439999999994       0.80408489999999988       0.11123350000000000       0.34612870000000007       -9.6998470000000003E-002   7.4837439999999997     
   1.5000000000000000       0.42727270000000001        22.834430000000001        20.553580000000000        19.838030000000003        21.242049999999999        19.190360000000002        5.9823549999999992       0.80400319999999992       0.10319199999999999       0.33535939999999997       -8.7669419999999998E-002   7.4363729999999997     
   1.5500000000000000       0.48181819999999992        22.784310000000001        20.512409999999999        19.758890000000001        21.217520000000000        19.128509999999999        5.9197399999999991       0.80588679999999990        9.4739279999999981E-002  0.32416329999999999       -8.0346210000000001E-002   7.3912740000000001     
   1.6000000000000001       0.53636360000000005        22.716619999999999        20.478179999999998        19.683240000000005        21.196890000000000        19.057549999999999        5.8635669999999989       0.81162519999999994        8.5884479999999985E-002  0.31270989999999999       -7.5117960000000011E-002   7.3487049999999998     
   1.6499999999999999       0.59090909999999996        22.632090000000002        20.450579999999999        19.611149999999999        21.180170000000000        18.977950000000000        5.8135139999999987       0.82090289999999988        7.6614020000000005E-002  0.30106139999999998       -7.1838150000000003E-002   7.3087730000000004     
   1.7000000000000000       0.64545449999999993        22.541989999999998        20.417330000000003        19.540320000000001        21.163969999999999        18.895180000000000        5.7665869999999995       0.83090349999999991        6.6995759999999988E-002  0.28963949999999999       -6.9446240000000020E-002   7.2710980000000003     
   1.7500000000000000       0.69999999999999996        22.450950000000002        20.373750000000001        19.469619999999999        21.146970000000000        18.811470000000000        5.7216489999999993       0.84059359999999994        5.7067509999999995E-002  0.27859499999999998       -6.7524210000000001E-002   7.2355080000000003     
   1.8000000000000000       0.72666669999999989        22.359059999999999        20.320150000000002        19.399010000000001        21.129259999999999        18.726890000000001        5.6787379999999992       0.85003339999999994        4.6823269999999993E-002  0.26790290000000000       -6.6072690000000003E-002   7.2020039999999996     
   1.8500000000000001       0.75333329999999987        22.271070000000002        20.261839999999999        19.330950000000001        21.102879999999999        18.647020000000001        5.6371669999999989       0.85722259999999983        3.6502529999999998E-002  0.25729489999999999       -6.5099200000000010E-002   7.1694719999999998     
   1.8999999999999999       0.77999999999999992        22.191929999999999        20.204080000000001        19.267950000000003        21.059560000000001        18.577900000000003        5.5962359999999993       0.86012209999999989        2.6406109999999997E-002  0.24650940000000002       -6.4585210000000004E-002   7.1367599999999998     
   1.9500000000000000       0.80666669999999996        22.121510000000001        20.146570000000001        19.209869999999999        20.999680000000001        18.519480000000001        5.5560139999999993       0.85889759999999993        1.6580969999999997E-002  0.23556489999999999       -6.4499399999999998E-002   7.1039349999999999     
   2.0000000000000000       0.83333330000000005        22.059709999999999        20.089150000000000        19.156600000000001        20.923530000000000        18.471740000000000        5.5165459999999991       0.85365579999999985        7.0621339999999994E-003  0.22447390000000000       -6.4818689999999998E-002   7.0710480000000002     
   2.0499999999999998       0.85999999999999999        22.002400000000005        20.030619999999999        19.104520000000001        20.838650000000005        18.428190000000001        5.4764840000000001       0.84683209999999987       -2.2518359999999997E-003  0.21335109999999999       -6.5288220000000008E-002   7.0371639999999998     
   2.1000000000000001       0.88666670000000003        21.945290000000000        19.969980000000000        19.050010000000000        20.752910000000000        18.381979999999999        5.4344049999999999       0.84090199999999993       -1.1516539999999999E-002  0.20230640000000000       -6.5635420000000014E-002   7.0013639999999997     
   2.1499999999999999       0.91333330000000001        21.888500000000004        19.907460000000000        18.993240000000000        20.666290000000000        18.333230000000004        5.3903789999999994       0.83577529999999989       -2.0757379999999995E-002  0.19133410000000001       -6.5843840000000015E-002   6.9637729999999998     
   2.2000000000000002       0.93999999999999995        21.832110000000004        19.843229999999998        18.934349999999998        20.578790000000001        18.281990000000000        5.3444569999999993       0.83140189999999992       -2.9992059999999997E-002  0.18043139999999999       -6.5897689999999995E-002   6.9244750000000002     
   2.2500000000000000       0.96666669999999988        21.776160000000001        19.777400000000000        18.873429999999999        20.490440000000000        18.228320000000000        5.2966829999999989       0.82774979999999987       -3.9234259999999993E-002  0.16959710000000000       -6.5783259999999996E-002   6.8835329999999999     
   2.2999999999999998       0.99333329999999986        21.720659999999999        19.710080000000001        18.810549999999999        20.401240000000005        18.172260000000001        5.2470959999999991       0.82479699999999989       -4.8494929999999999E-002  0.15883000000000000       -6.5489459999999999E-002   6.8409909999999998     
   2.3500000000000001        1.0200000000000000        21.665620000000001        19.641300000000001        18.745770000000000        20.311219999999999        18.113830000000000        5.1957309999999994       0.82252749999999986       -5.7783329999999994E-002  0.14812839999999999       -6.5007980000000007E-002   6.7968869999999999     
   2.3999999999999999        1.0466670000000000        21.611039999999999        19.571120000000001        18.679110000000001        20.220380000000002        18.053070000000002        5.1426189999999989       0.82092889999999985       -6.7107249999999979E-002  0.13749070000000002       -6.4332920000000002E-002   6.7512530000000002     
   2.4500000000000002        1.0733329999999999        21.556930000000001        19.499569999999999        18.610600000000002        20.128760000000000        17.989989999999999        5.0877909999999993       0.81999159999999993       -7.6473119999999992E-002  0.12691480000000002       -6.3460199999999994E-002   6.7041120000000003     
   2.5000000000000000        1.0999999999999999        21.503270000000001        19.426659999999998        18.540260000000004        20.036339999999999        17.924610000000001        5.0312759999999992       0.81970749999999992       -8.5886199999999982E-002  0.11639900000000002       -6.2387150000000002E-002   6.6554880000000001     
   2.5499999999999998        1.1250000000000000        21.448950000000000        19.352760000000004        18.467749999999999        19.944559999999999        17.857610000000001        4.9738399999999992       0.81972769999999984       -9.5175169999999990E-002  0.10594310000000000       -6.1082830000000005E-002   6.6063120000000000     
   2.6000000000000001        1.1499999999999999        21.392769999999999        19.278310000000001        18.392700000000001        19.854869999999998        17.789650000000002        4.9162829999999991       0.81968499999999989      -0.10415609999999999        9.5542490000000008E-002  -5.9533220000000005E-002   6.5575060000000001     
   2.6499999999999999        1.1750000000000000        21.334740000000000        19.203299999999999        18.315140000000000        19.767180000000000        17.720659999999999        4.8585989999999990       0.81958429999999993      -0.11283329999999998        8.5191940000000008E-002  -5.7758429999999999E-002   6.5089969999999999     
   2.7000000000000002        1.2000000000000000        21.274870000000004        19.127749999999999        18.235119999999998        19.681400000000000        17.650620000000000        4.8007859999999996       0.81942899999999985      -0.12120789999999999        7.4889040000000004E-002  -5.5773150000000007E-002   6.4607389999999993     
   2.7500000000000000        1.2249999999999999        21.213170000000002        19.051680000000005        18.152699999999999        19.597480000000001        17.579499999999999        4.7428459999999992       0.81922209999999984      -0.12927889999999997        6.4633599999999999E-002  -5.3588330000000010E-002   6.4126969999999996     
   2.7999999999999998        1.2500000000000000        21.149660000000001        18.975090000000002        18.067910000000001        19.515380000000000        17.507280000000002        4.6847829999999995       0.81896749999999985      -0.13704389999999997        5.4427060000000006E-002  -5.1211720000000002E-002   6.3648470000000001     
   2.8500000000000001        1.2749999999999999        21.084350000000001        18.898009999999999        17.980799999999999        19.435070000000000        17.433969999999999        4.6265989999999988       0.81866929999999993      -0.14449929999999997        4.4272050000000000E-002  -4.8648430000000006E-002   6.3171700000000000     
   2.8999999999999999        1.3000000000000000        21.017250000000001        18.820430000000002        17.891420000000000        19.356510000000000        17.359570000000001        4.5682999999999989       0.81833159999999994      -0.15164130000000001        3.4171750000000001E-002  -4.5901630000000006E-002   6.2696549999999993     
   2.9500000000000002        1.3250000000000000        20.948380000000004        18.742380000000001        17.799800000000001        19.279699999999998        17.284070000000000        4.5098899999999995       0.81795829999999992      -0.15846630000000000        2.4129080000000001E-002  -4.2973249999999998E-002   6.2222910000000002     
   3.0000000000000000        1.3499999999999999        20.877760000000002        18.663860000000000        17.705970000000001        19.204599999999999        17.207480000000000        4.4513720000000001       0.81755299999999986      -0.16497069999999997        1.4146900000000000E-002  -3.9864300000000005E-002   6.1750720000000001     
   3.0499999999999998        1.3750000000000000        20.805599999999998        18.586469999999998        17.610769999999999        19.132760000000001        17.129780000000000        4.3929219999999995       0.81688639999999990      -0.17105260000000000        4.3745520000000003E-003  -3.6889289999999998E-002   6.1281059999999989     
   3.1000000000000001        1.3999999999999999        20.732099999999999        18.511890000000001        17.515120000000000        19.065790000000000        17.050899999999999        4.3347249999999997       0.81572649999999991      -0.17659509999999998       -5.0185869999999997E-003  -3.4369020000000000E-002   6.0815159999999997     
   3.1499999999999999        1.4250000000000000        20.657270000000000        18.440040000000000        17.419080000000001        19.003599999999999        16.970849999999999        4.2767759999999990       0.81409829999999994      -0.18158019999999997       -1.4011230000000000E-002  -3.2277260000000002E-002   6.0353060000000003     
   3.2000000000000002        1.4500000000000000        20.581090000000000        18.370880000000000        17.322620000000001        18.946140000000003        16.889620000000001        4.2190729999999999       0.81201739999999989      -0.18599579999999996       -2.2589230000000002E-002  -3.0595700000000003E-002   5.9894769999999999     
   3.2500000000000000        1.4749999999999999        20.503570000000003        18.304330000000000        17.225670000000001        18.893339999999998        16.807230000000001        4.1616069999999992       0.80948919999999991      -0.18983949999999997       -3.0749850000000002E-002  -2.9315279999999999E-002   5.9440249999999999     
   3.2999999999999998        1.5000000000000000        20.424710000000001        18.240320000000001        17.128129999999999        18.845109999999998        16.723669999999998        4.1043699999999994       0.80651209999999984      -0.19311499999999998       -3.8498130000000005E-002  -2.8434149999999998E-002   5.8989450000000003     
   3.3500000000000001        1.5249999999999999        20.344510000000000        18.178789999999999        17.029910000000001        18.801380000000002        16.638970000000000        4.0473489999999988       0.80308049999999986      -0.19583029999999998       -4.5843839999999997E-002  -2.7955500000000001E-002   5.8542249999999996     
   3.3999999999999999        1.5499999999999998        20.262960000000000        18.119660000000000        16.930910000000001        18.762070000000001        16.553110000000000        3.9905319999999995       0.79918579999999984      -0.19799549999999994       -5.2799560000000009E-002  -2.7885920000000002E-002   5.8098549999999998     
   3.4500000000000002        1.5750000000000000        20.180070000000001        18.062880000000000        16.831070000000000        18.727110000000003        16.466110000000000        3.9339059999999995       0.79481779999999991      -0.19962239999999998       -5.9379320000000006E-002  -2.8234140000000001E-002   5.7658220000000000     
   3.5000000000000000        1.5999999999999999        20.095829999999999        18.008379999999999        16.730300000000000        18.696440000000003        16.377960000000002        3.8774589999999995       0.78996539999999993      -0.20072319999999996       -6.5597909999999995E-002  -2.9010290000000005E-002   5.7221120000000001     
   7.5000000000000000        2.5000000000000000        18.570000000000000        18.188199999999998        13.446100000000001        18.966600000000000        15.117300000000000        5.1833999999999998       0.85219999999999985      -0.84999999999999987      -0.18550000000000000       -1.0000000000000000        8.0000000000000000     
   12.000000000000000        3.5000000000000000        17.027000000000001        17.817200000000000        9.2974999999999994        15.839900000000000        15.329599999999999        4.1981999999999999       0.60199999999999987       -1.1000000000000001      -0.58050000000000002       -2.2254000000000005        10.323399999999999     
   21.937999999999999        5.3999999999999995        14.970000000000001        15.419300000000000        3.0752000000000002        14.718900000000000        15.140300000000000        3.7527999999999997      -0.39119999999999994       -1.1000000000000001       -1.9752000000000003       -1.7102999999999999        9.4103999999999992     
   74.977999999999994        15.000000000000000        4.0000000000000000       -10.800000000000001       -21.640000000000001       -7.7080000000000002        5.5000000000000000        5.0209999999999990       -3.1299999999999994       -5.0269999999999992       -4.2720000000000002       -7.8310000000000004        17.334000000000000     
   167.80000000000001        15.000000000000000        4.9929000000000006       -6.0588000000000006       -14.917999999999999       -5.5056000000000003        6.6794000000000011        8.0715999999999983       -2.6562999999999994       -4.6586999999999987       -4.7477999999999998       -8.8990000000000009        21.000000000000000     
   580.00000000000000        15.000000000000000        1.1808000000000003       -12.585000000000001       -24.292000000000005       -12.045000000000000        2.6705000000000001        4.0147999999999993       -2.0266999999999995       -5.5743999999999989       -4.7934999999999999       -7.7114000000000003        15.760000000000002     
   660.00000000000000        15.000000000000000        1.0024000000000000       -12.885000000000000       -24.456000000000000       -12.300000000000001        2.5891999999999999        3.8883999999999994       -2.0154999999999994       -5.5538999999999987       -4.8345000000000011       -7.6771000000000003        15.622000000000000     
   6600.0000000000000        15.000000000000000        2.4573999999999998       -11.885000000000000       -21.646000000000001       -10.077000000000000        2.5264000000000006        4.5546999999999995       -2.0821000000000001       -5.2757999999999994       -4.3947000000000003       -8.1488999999999994        17.555000000000000     
 
