tcont2   Ip_div   ref_ramp   Ip_rd   trd_ref   !control_data2.dat
2.0   3.3   3.0   4.4   70.0   
c_a_tpl1   c_a_tpl1_eob   c_a_tpl2   c_a_tpl_min   y0   c1_y0   c2_y0   
5.0   1.5   5.0   0.75   0.8   1.8   2.4   
ktime   !volt.dat
24
time   CSU3   CSU2   CS1   CSL2   CSL3   PF1   PF2   PF3   PF4   PF5   PF6   
2.0  0.0  0.0  0.0  0.0  0.0  0.0  0.0  0.0  0.0  0.0  0.0  
4.0  2.162137  3.013496  7.309193  3.790614  -1.917486  -8.384467  -27.33751  -8.313391  -9.065666  -1.557465  -2.766954  
167.4545  0.145874  1.300373  7.581227  3.790614  -3.400528  -8.44437  -27.34375  16.31315  13.19174  8.3502  -1.537898  
330.9091  -0.6188508  0.6728682  6.734401  3.790455  -3.777363  -8.437462  -27.34375  8.50224  -4.732668  -0.9203968  -3.293826  
494.3636  -0.8956648  0.2918802  1.096891  3.147554  -3.751269  -8.43627  -27.34375  -7.207277  -18.54032  -14.52269  -4.570895  
657.8182  1.371214  0.6676285  -0.3625343  1.023392  -3.773281  -8.435472  -27.34375  -16.94404  -18.54032  -14.52952  -4.57118  
821.2727  3.202325  0.7478347  2.392678  -3.790614  -3.790614  -8.443508  -27.34375  -16.94179  -18.54032  -14.52952  -4.57118  
984.7273  3.756049  1.320995  0.1388829  -3.790614  -3.790614  -8.437828  -27.34375  -16.94005  -18.54032  -14.52952  -4.57118  
1148.182  3.786027  -2.105698  6.578016  -3.590285  -3.790614  -6.438231  -27.32904  -16.93819  -18.54032  -14.52952  -4.57091  
1311.636  3.782886  -3.532169  -1.397638  1.293904  0.2486257  2.616004  17.51854  -8.675957  -12.15076  -4.164489  -0.2067283  
1475.091  1.966867  0.03084954  1.841029  1.432232  0.8812627  2.612817  -10.29455  -15.30247  -16.86089  -4.200593  1.131164  
1638.545  -0.05407589  0.7676678  3.558507  1.995641  -0.1555519  6.20966  -2.578137  -15.08642  -17.34198  -6.783305  2.374644  
1802.0  -0.4951865  -0.6986683  3.080479  1.925415  -0.2545083  7.158397  -2.452214  -15.70135  -16.46612  -7.014435  3.588054  
2002.0  1.099156  -0.0950487  4.405423  -0.3401239  0.9740936  7.150874  -11.72039  -16.40894  -17.36314  -7.810371  3.66439  
2502.0  0.6785711  -1.232778  1.245013  -1.665507  -0.7365274  1.800178  -8.79661  -16.49115  -17.08287  -8.022891  -0.8524185  
3002.0  -0.5573967  -2.33748  -2.336534  -1.625942  -1.324919  -0.8832278  -9.108086  -13.84676  -16.25823  -7.064425  -1.578485  
3502.0  -1.202175  -1.782508  -3.47271  -0.02196887  -1.587288  -2.860713  -11.78816  -9.576476  -13.11108  -9.171865  -2.053031  
7500.0  -0.7327  -1.2128  0.7888  -2.3618  -0.2479  -3.1777  -4.1723  -5.6438  -7.1295  -7.8234  3.8977  
12000.0  -0.6707  -1.4933  -0.7096  -1.345  -0.5773  -1.5189  -4.184  -6.1057  -5.7216  -2.0876  -1.1396  
21938.0  -1.4864  -2.3884  -2.977  -2.014  -1.2635  -0.1764  -4.049  -5.2966  -5.8411  -4.6797  0.2403  
74978.0  0.0  0.0  0.0  0.0  0.0  0.0  0.0  0.0  0.0  0.0  0.0  
900000000.0  0.0  0.0  0.0  0.0  0.0  0.0  0.0  0.0  0.0  0.0  0.0  
910000000.0  0.0  0.0  0.0  0.0  0.0  0.0  0.0  0.0  0.0  0.0  0.0  
920000000.0  0.0  0.0  0.0  0.0  0.0  0.0  0.0  0.0  0.0  0.0  0.0  
ktime   !elong_ref.dat
7
time[S]   elong_ref   
0.0  1.1  
3.5  1.1  
7.5  1.31  
12.0  1.67  
18.0  1.72  
25.0  1.77  
100.0  1.77  
ktime   !g1.dat
2
time   
0.0  0.0  
6000.0  0.0  
ktime   !g1_term.dat
2
time   
0.0  0.0  
70.0  -19.0  
ktime   !g2.dat
2
time   
0  0.0  
6000  0.0  
ktime   !g2_term.dat
2
time   
0.0  0.0  
70.0  0.0  
ktime   !g3.dat
7
time   
0  773.5  
3.49  773.5  
3.5  773.5  
7.5  803.0  
12.0  820.0  
75.499  820.0  
6100.1  820.0  
ktime   !g3_term.dat
4
time   
0  820.0  
30.0  820.0  
50.0  790.0  
66.0  790.0  
ktime   !g4.dat
6
time   
0.0  148.9  
3.5  148.9  
12.0  25.0  
21.895  24.0  
74.978  22.7609  
6100.1  22.7609  
ktime   !g4_term.dat
4
time   
0  22.7609  
30.0  70.0  
45.0  138.0  
66.0  241.0  
ktime   !g5.dat
5
time   
0.0  265.5  
3.5  265.5  
12.0  100.0  
74.978  59.5995  
6100.1  59.5995  
ktime   !g5_term.dat
4
time   
0  59.5995  
30.0  161.0  
45.0  232.0  
66.0  373.0  
ktime   !g6.dat
8
time   
0.0  410.5  
3.5  410.5  
10.0  410.5  
12.0  416.0  
21.895  421.4  
200.0  421.4  
500.0  428.0  
6100.1  428.0  
ktime   !g6_term.dat
3
time   
0  419.4  
30.0  420.0  
66.0  428.0  
VS1_max(V)   VS3_max(V)   CS3U_max(V)   CS2U_max(V)   CS1_max(V)   CS2L_max(V)   CS3L_max(V)   PF1_max(V)   PF2_max(V)   PF3_max(V)   PF4_max(V)   PF5_max(V)   PF6_max(V)   Tu(s)   !control_data.dat
6000.0   575.0   2100.0   2100.0   4200.0   2100.0   2100.0   2100.0   3150.0   3150.0   3150.0   3150.0   2100.0   0.04   
c_cur_max   CS3U_max(kA)   CS2U_max(kA)   CS1_max(kA)   CS2L_max(kA)   CS3L_max(kA)   PF1_max(kA)   PF2_max(kA)   PF3_max(kA)   PF4_max(kA)   PF5_max(kA)   PF6_max(kA)   
0.98   45.0   45.0   45.0   45.0   45.0   48.0   55.0   55.0   55.0   52.0   52.0   
CS3U   CS2U   CS1   CS2L   CS3L   PF1   PF2   PF3   PF4   PF5   PF6   VS3   Virt1   Virt2   Virt3   Virt4   Virt5   !n_turn
554.0   554.0   554.0   554.0   554.0   248.6   115.2   185.9   169.9   216.8   459.4   1   1   1   1   1   1   
