          50
   0.0000000000000000     
   6.8506000000000001E-003
   2.7402400000000000E-002
   5.4804850000000002E-002
   8.2207299999999997E-002
  0.10960975000000001     
  0.13701200000000002     
  0.16441450000000002     
  0.19181700000000002     
  0.21921950000000001     
  0.24662200000000001     
  0.27402400000000005     
  0.30142650000000004     
  0.32882900000000004     
  0.35623150000000003     
  0.38363400000000003     
  0.41103650000000003     
  0.43843900000000002     
  0.46584100000000001     
  0.49324350000000000     
  0.52064599999999994     
  0.54804849999999994     
  0.57545099999999993     
  0.60285349999999993     
  0.62957099999999999     
  0.65495250000000005     
  0.67906500000000003     
  0.70197149999999997     
  0.72373299999999996     
  0.74440649999999997     
  0.76404600000000000     
  0.78270350000000000     
  0.80042849999999999     
  0.81726750000000004     
  0.83326400000000000     
  0.84846050000000006     
  0.86289749999999998     
  0.87661300000000009     
  0.88964250000000000     
  0.90202000000000004     
  0.91377900000000001     
  0.92495050000000001     
  0.93556300000000003     
  0.94564450000000000     
  0.95522249999999997     
  0.96432150000000005     
  0.97296549999999993     
  0.98117750000000004     
  0.98897849999999998     
  0.99638950000000004     
   0.0000000000000000     
   9.1874688209928014E-004
   9.1810008994977726E-004
   9.1603035003595559E-004
   9.1258078183444643E-004
   9.0775138534524957E-004
   9.0154221092250437E-004
   8.9395315282253377E-004
   8.8498426139945146E-004
   8.7463553665325766E-004
   8.6290697858395246E-004
   8.4979883896227652E-004
   8.3531063942389103E-004
   8.1944260656239404E-004
   8.0219474037778544E-004
   7.8356704087006513E-004
   7.6355950803923343E-004
   7.4217214188529012E-004
   7.1940537041851802E-004
   6.9525836279549452E-004
   6.6973152184935953E-004
   6.4282484758011293E-004
   6.1453833998775472E-004
   5.8487199907228512E-004
   5.5461872360285471E-004
   5.2466329078463528E-004
   4.9510903498402596E-004
   4.6604337735613296E-004
   4.3753748712548648E-004
   4.0965075709482835E-004
   3.8243137096026871E-004
   3.5591648918158371E-004
   3.3013430944114908E-004
   3.0510611795310272E-004
   2.8084755624276336E-004
   2.5736665910227946E-004
   2.3466622897231341E-004
   2.1274550166306262E-004
   1.9160099591803063E-004
   1.7122563082297101E-004
   1.5160764467993590E-004
   1.3273444242065168E-004
   1.1459320991870330E-004
   9.7167996076493165E-005
   8.0440042121873856E-005
   6.4392519483164604E-005
   4.9006545884696595E-005
   3.4262334709689420E-005
   2.0141279402165787E-005
   6.6226055211384415E-006
