          50
  0.0000000E+00
  6.8506000E-03
  2.7402400E-02
  5.4804850E-02
  8.2207300E-02
  1.0960975E-01
  1.3701200E-01
  1.6441450E-01
  1.9181700E-01
  2.1921950E-01
  2.4662200E-01
  2.7402400E-01
  3.0142650E-01
  3.2882900E-01
  3.5623150E-01
  3.8363400E-01
  4.1103650E-01
  4.3843900E-01
  4.6584100E-01
  4.9324350E-01
  5.2064600E-01
  5.4804850E-01
  5.7545100E-01
  6.0285350E-01
  6.2957100E-01
  6.5495250E-01
  6.7906500E-01
  7.0197150E-01
  7.2373300E-01
  7.4440650E-01
  7.6404600E-01
  7.8270350E-01
  8.0042850E-01
  8.1726750E-01
  8.3326400E-01
  8.4846050E-01
  8.6289750E-01
  8.7661300E-01
  8.8964250E-01
  9.0202000E-01
  9.1377900E-01
  9.2495050E-01
  9.3556300E-01
  9.4564450E-01
  9.5522250E-01
  9.6432150E-01
  9.7296550E-01
  9.8117750E-01
  9.8897850E-01
  9.9638950E-01
  0.0000000E+00
 -0.0000000E+00
  9.7133857E-04
  1.6601990E-03
  2.1945963E-03
  2.6572522E-03
  3.0628121E-03
  3.4195408E-03
  3.7371735E-03
  4.0128122E-03
  4.2408745E-03
  4.4175446E-03
  4.5512842E-03
  4.6414613E-03
  4.6894299E-03
  4.6950748E-03
  4.6625930E-03
  4.5954749E-03
  4.5034316E-03
  4.4000957E-03
  4.3041270E-03
  4.2392040E-03
  4.2192286E-03
  4.2464688E-03
  4.3131470E-03
  4.3966701E-03
  4.4833938E-03
  4.5735946E-03
  4.6658964E-03
  4.7629429E-03
  4.8675109E-03
  4.9820209E-03
  5.1094478E-03
  5.2625364E-03
  5.4344540E-03
  5.6253337E-03
  5.8388893E-03
  6.0824631E-03
  6.3613242E-03
  6.6869546E-03
  7.0690450E-03
  7.5258987E-03
  1.0127266E-02
  1.0737197E-02
  1.1509387E-02
  6.1929401E-02
  6.0216522E-02
  5.8492012E-02
  5.4940080E-02
  3.8687599E-02
  7.2922973E-01
  7.2922973E-01
  6.5424201E-01
  6.0650596E-01
  5.6987013E-01
  5.3959114E-01
  5.1353338E-01
  4.9057624E-01
  4.6999596E-01
  4.5133412E-01
  4.3421939E-01
  4.1839653E-01
  4.0368948E-01
  3.8994921E-01
  3.7704978E-01
  3.6489963E-01
  3.5341541E-01
  3.4253605E-01
  3.3222344E-01
  3.2245720E-01
  3.1325249E-01
  3.0463397E-01
  2.9664941E-01
  2.8929487E-01
  2.8293568E-01
  2.7738585E-01
  2.7254577E-01
  2.6832534E-01
  2.6465462E-01
  2.6147626E-01
  2.5873194E-01
  2.5638197E-01
  2.5437756E-01
  2.5268403E-01
  2.5126517E-01
  2.5008411E-01
  2.4910538E-01
  2.4830310E-01
  2.4764676E-01
  2.4711317E-01
  2.4668857E-01
  2.4635804E-01
  2.4635445E-01
  2.4666042E-01
  2.4701469E-01
  2.5312353E-01
  2.6909356E-01
  2.9625025E-01
  3.4934560E-01
  5.0460172E-01
