          50
   0.0000000000000000     
   6.8506000000000001E-003
   2.7402400000000000E-002
   5.4804850000000002E-002
   8.2207299999999997E-002
  0.10960975000000001     
  0.13701200000000002     
  0.16441450000000002     
  0.19181700000000002     
  0.21921950000000001     
  0.24662200000000001     
  0.27402400000000005     
  0.30142650000000004     
  0.32882900000000004     
  0.35623150000000003     
  0.38363400000000003     
  0.41103650000000003     
  0.43843900000000002     
  0.46584100000000001     
  0.49324350000000000     
  0.52064599999999994     
  0.54804849999999994     
  0.57545099999999993     
  0.60285349999999993     
  0.62957099999999999     
  0.65495250000000005     
  0.67906500000000003     
  0.70197149999999997     
  0.72373299999999996     
  0.74440649999999997     
  0.76404600000000000     
  0.78270350000000000     
  0.80042849999999999     
  0.81726750000000004     
  0.83326400000000000     
  0.84846050000000006     
  0.86289749999999998     
  0.87661300000000009     
  0.88964250000000000     
  0.90202000000000004     
  0.91377900000000001     
  0.92495050000000001     
  0.93556300000000003     
  0.94564450000000000     
  0.95522249999999997     
  0.96432150000000005     
  0.97296549999999993     
  0.98117750000000004     
  0.98897849999999998     
  0.99638950000000004     
   7036.3513661447469     
   7032.2499166377193     
   7004.8875291825834     
   6939.2412396317877     
   6835.5501585159182     
   6692.4234288969838     
   6507.9743004924348     
   6280.0247183288902     
   6005.9092908317652     
   5682.0740988426824     
   5374.9724308232808     
   5082.3609724715297     
   4802.7915844425725     
   4535.3888380201724     
   4279.6767577501632     
   4035.2468877784036     
   3801.6813799789861     
   3578.5604910293450     
   3365.3242714806847     
   3161.2370428087356     
   2965.3672109366353     
   2776.4868475738185     
   2593.2351133661327     
   2414.3267639167320     
   2247.6306014043421     
   2091.8988354581538     
   1946.2923145930142     
   1810.1245423103512     
   1682.7897912074473     
   1563.7274486955923     
   1452.3872215844913     
   1348.2701496344250     
   1250.8895659006409     
   1159.8068523055128     
   1074.6049511787699     
   994.88826259882853     
   920.29864112860923     
   850.50012474878815     
   785.18359457963163     
   724.05142319092113     
   666.81574543664954     
   613.22548167463356     
   562.94373627701123     
   515.66495011327095     
   471.21101071966507     
   427.43952499714987     
   381.36225873368988     
   331.09009177733719     
   272.34980264474075     
   190.00000000000000     
   6825.5224962687853     
   6825.4235809003394     
   6822.0406889900096     
   6802.5919242771070     
   6755.1090544978106     
   6669.9807375711589     
   6540.8171228421124     
   6364.9886377133389     
   6144.2773591274026     
   5886.0637572673313     
   5604.9003053230772     
   5311.7049692753762     
   5015.3241114655002     
   4722.1521298749722     
   4436.2496221758065     
   4160.3808766340871     
   3896.2243741200627     
   3644.5746955709005     
   3405.6313285458436     
   3179.0388062800916     
   2964.0446546470739     
   2759.7493239862779     
   2564.9895198561148     
   2378.6349491002456     
   2208.1428959341897     
   2051.0293529726332     
   1905.4919443926019     
   1770.1845495924126     
   1644.0798027202652     
   1526.3499991724327     
   1416.3103132699639     
   1313.3599098718130     
   1216.9919687324543     
   1126.7491230901387     
   1042.1878257746462     
   962.86753933012676     
   888.35583381067067     
   818.27114648414602     
   752.21211909478700     
   689.81284276916756     
   630.73449470802905     
   574.64265221249650     
   521.29788704385487     
   470.53876519503928     
   421.96563060334142     
   376.15761818362961     
   332.98413644608758     
   291.67277813097456     
   249.61950959787822     
   190.00000000000000     
