          50
   0.0000000000000000     
   6.8506000000000001E-003
   2.7402400000000000E-002
   5.4804850000000002E-002
   8.2207299999999997E-002
  0.10960975000000001     
  0.13701200000000002     
  0.16441450000000002     
  0.19181700000000002     
  0.21921950000000001     
  0.24662200000000001     
  0.27402400000000005     
  0.30142650000000004     
  0.32882900000000004     
  0.35623150000000003     
  0.38363400000000003     
  0.41103650000000003     
  0.43843900000000002     
  0.46584100000000001     
  0.49324350000000000     
  0.52064599999999994     
  0.54804849999999994     
  0.57545099999999993     
  0.60285349999999993     
  0.62957099999999999     
  0.65495250000000005     
  0.67906500000000003     
  0.70197149999999997     
  0.72373299999999996     
  0.74440649999999997     
  0.76404600000000000     
  0.78270350000000000     
  0.80042849999999999     
  0.81726750000000004     
  0.83326400000000000     
  0.84846050000000006     
  0.86289749999999998     
  0.87661300000000009     
  0.88964250000000000     
  0.90202000000000004     
  0.91377900000000001     
  0.92495050000000001     
  0.93556300000000003     
  0.94564450000000000     
  0.95522249999999997     
  0.96432150000000005     
  0.97296549999999993     
  0.98117750000000004     
  0.98897849999999998     
  0.99638950000000004     
   0.0000000000000000     
   2.9615345488496128     
   2.9594496467574274     
   2.9527779438310349     
   2.9416584335432399     
   2.9260911158940424     
   2.9060761531974872     
   2.8816132045941294     
   2.8527024323979320     
   2.8193438366088950     
   2.7815374172270189     
   2.7392839858226741     
   2.6925820004123779     
   2.6414321914092422     
   2.5858345588132674     
   2.5257891026244526     
   2.4612958228427990     
   2.3923547194683050     
   2.3189671721706770     
   2.2411305027677639     
   2.1588460097720117     
   2.0721136931834194     
   1.9809335530019876     
   1.8853055892277166     
   1.7877856713218612     
   1.6912258342814415     
   1.5959591712599002     
   1.5022674799712679     
   1.4103801708455193     
   1.3204886936069478     
   1.2327483659861509     
   1.1472789728636243     
   1.0641714080559141     
  0.98349428660793792     
  0.90529802819298211     
  0.82960853256102551     
  0.75643483323915239     
  0.68577446689981680     
  0.61761621188709992     
  0.55193724322865390     
  0.48869964768035878     
  0.42786282567059780     
  0.36938547150480922     
  0.31321616761897431     
  0.25929444605081636     
  0.20756606074256759     
  0.15797014562453718     
  0.11044291952876494     
   6.4924405154173193E-002
   2.1347637130957133E-002
   0.0000000000000000     
   0.0000000000000000     
   0.0000000000000000     
   0.0000000000000000     
   0.0000000000000000     
   0.0000000000000000     
   0.0000000000000000     
   0.0000000000000000     
   0.0000000000000000     
   0.0000000000000000     
   0.0000000000000000     
   0.0000000000000000     
   0.0000000000000000     
   0.0000000000000000     
   0.0000000000000000     
   0.0000000000000000     
   0.0000000000000000     
   0.0000000000000000     
   0.0000000000000000     
   0.0000000000000000     
   0.0000000000000000     
   0.0000000000000000     
   0.0000000000000000     
   0.0000000000000000     
   0.0000000000000000     
   0.0000000000000000     
   0.0000000000000000     
   0.0000000000000000     
   0.0000000000000000     
   0.0000000000000000     
   0.0000000000000000     
   0.0000000000000000     
   0.0000000000000000     
   0.0000000000000000     
   0.0000000000000000     
   0.0000000000000000     
   0.0000000000000000     
   0.0000000000000000     
   0.0000000000000000     
   0.0000000000000000     
   0.0000000000000000     
   0.0000000000000000     
   0.0000000000000000     
   0.0000000000000000     
   0.0000000000000000     
   0.0000000000000000     
   0.0000000000000000     
   0.0000000000000000     
   0.0000000000000000     
   0.0000000000000000     
