   1   8
 1.6010400E-001 2.5357000E-001 0.0000000E+000 5.2803980E+002 4.4403446E+000 5.5115589E+000
 1.8505039E-001 2.9322730E-001 0.0000000E+000
   1   8
 1.6045060E-001 2.5356500E-001 3.4780132E-003 5.5597412E+002 4.4403446E+000 5.5115589E+000
 1.8505039E-001 2.9322730E-001 5.0000000E+000
   1   8
 1.6077050E-001 2.5356000E-001 3.4780129E-003 5.8381097E+002 4.4403446E+000 5.5115589E+000
 1.8505039E-001 2.9322730E-001 1.0000000E+001
   1   8
 1.6106991E-001 2.5355500E-001 3.4780129E-003 6.1155650E+002 4.4403446E+000 5.5115589E+000
 1.8505039E-001 2.9322730E-001 1.5000000E+001
   1   8
 1.6135269E-001 2.5355000E-001 3.4780129E-003 6.3921569E+002 4.4403446E+000 5.5115589E+000
 1.8505039E-001 2.9322730E-001 2.0000000E+001
   1   8
 1.6162142E-001 2.5354500E-001 3.4780129E-003 6.6679276E+002 4.4403446E+000 5.5115589E+000
 1.8505039E-001 2.9322730E-001 2.5000000E+001
   1   8
 1.6187800E-001 2.5354000E-001 3.4780129E-003 6.9429136E+002 4.4403446E+000 5.5115589E+000
 1.8505039E-001 2.9322730E-001 3.0000000E+001
   1   8
 1.6212383E-001 2.5353500E-001 3.4780129E-003 7.2171471E+002 4.4403446E+000 5.5115589E+000
 1.8505039E-001 2.9322730E-001 3.5000000E+001
   1   8
 1.6236004E-001 2.5353000E-001 3.4780129E-003 7.4906570E+002 4.4403446E+000 5.5115589E+000
 1.8505039E-001 2.9322730E-001 4.0000000E+001
   1   8
 1.6258752E-001 2.5352500E-001 3.4780129E-003 7.7634695E+002 4.4403446E+000 5.5115589E+000
 1.8505039E-001 2.9322730E-001 4.5000000E+001
   1   8
 1.6280702E-001 2.5352000E-001 3.4780129E-003 8.0356084E+002 4.4403446E+000 5.5115589E+000
 1.8505039E-001 2.9322730E-001 5.0000000E+001
   1   8
 1.6301918E-001 2.5351500E-001 3.4780129E-003 8.3070959E+002 4.4403446E+000 5.5115589E+000
 1.8505039E-001 2.9322730E-001 5.5000000E+001
   1   8
 1.6322452E-001 2.5351000E-001 3.4780129E-003 8.5779523E+002 4.4403446E+000 5.5115589E+000
 1.8505039E-001 2.9322730E-001 6.0000000E+001
   1   8
 1.6342351E-001 2.5350500E-001 3.4780129E-003 8.8481968E+002 4.4403446E+000 5.5115589E+000
 1.8505039E-001 2.9322730E-001 6.5000000E+001
   1   8
 1.6361657E-001 2.5350000E-001 3.4780129E-003 9.1178471E+002 4.4403446E+000 5.5115589E+000
 1.8505039E-001 2.9322730E-001 7.0000000E+001
   1   8
 1.6380405E-001 2.5349500E-001 3.4780129E-003 9.3869199E+002 4.4403446E+000 5.5115589E+000
 1.8505039E-001 2.9322730E-001 7.5000000E+001
   1   8
 1.6398627E-001 2.5349000E-001 3.4780129E-003 9.6554311E+002 4.4403446E+000 5.5115589E+000
 1.8505039E-001 2.9322730E-001 8.0000000E+001
   1   8
 1.6416352E-001 2.5348500E-001 3.4780129E-003 9.9233956E+002 4.4403446E+000 5.5115589E+000
 1.8505039E-001 2.9322730E-001 8.5000000E+001
   1   8
 1.6433606E-001 2.5348000E-001 3.4780129E-003 1.0190827E+003 4.4403446E+000 5.5115589E+000
 1.8505039E-001 2.9322730E-001 9.0000000E+001
   1   8
 1.6450413E-001 2.5347500E-001 3.4780129E-003 1.0457740E+003 4.4403446E+000 5.5115589E+000
 1.8505039E-001 2.9322730E-001 9.5000000E+001
   1   8
 1.6466794E-001 2.5347000E-001 3.4780129E-003 1.0724146E+003 4.4403446E+000 5.5115589E+000
 1.8505039E-001 2.9322730E-001 1.0000000E+002
   1   8
 1.6482769E-001 2.5346500E-001 3.4780129E-003 1.0990058E+003 4.4403446E+000 5.5115589E+000
 1.8505039E-001 2.9322730E-001 1.0500000E+002
   1   8
 1.6498356E-001 2.5346000E-001 3.4780129E-003 1.1255487E+003 4.4403446E+000 5.5115589E+000
 1.8505039E-001 2.9322730E-001 1.1000000E+002
   1   8
 1.6513572E-001 2.5345500E-001 3.4780129E-003 1.1520445E+003 4.4403446E+000 5.5115589E+000
 1.8505039E-001 2.9322730E-001 1.1500000E+002
   1   8
 1.6528432E-001 2.5345000E-001 3.4780129E-003 1.1784942E+003 4.4403446E+000 5.5115589E+000
 1.8505039E-001 2.9322730E-001 1.2000000E+002
   1   8
 1.6542951E-001 2.5344500E-001 3.4780129E-003 1.2048989E+003 4.4403446E+000 5.5115589E+000
 1.8505039E-001 2.9322730E-001 1.2500000E+002
   1   8
 1.6557143E-001 2.5344000E-001 3.4780129E-003 1.2312595E+003 4.4403446E+000 5.5115589E+000
 1.8505039E-001 2.9322730E-001 1.3000000E+002
   1   8
 1.6571019E-001 2.5343500E-001 3.4780129E-003 1.2575769E+003 4.4403446E+000 5.5115589E+000
 1.8505039E-001 2.9322730E-001 1.3500000E+002
   1   8
 1.6584592E-001 2.5343000E-001 3.4780129E-003 1.2838521E+003 4.4403446E+000 5.5115589E+000
 1.8505039E-001 2.9322730E-001 1.4000000E+002
   1   8
 1.6605669E-001 2.5342500E-001 5.4468473E-003 1.3100626E+003 4.4403446E+000 5.5115589E+000
 1.8505039E-001 2.9322730E-001 1.4500000E+002
   1   8
 1.6643530E-001 2.5342000E-001 9.7637927E-003 1.3361580E+003 4.4403446E+000 5.5115589E+000
 1.8505039E-001 2.9322730E-001 1.5000000E+002
   1   8
 1.6698034E-001 2.5341500E-001 1.4061784E-002 1.3620884E+003 4.4403446E+000 5.5115589E+000
 1.8505039E-001 2.9322730E-001 1.5500000E+002
   1   8
 1.6768990E-001 2.5341000E-001 1.8332597E-002 1.3878045E+003 4.4403446E+000 5.5115589E+000
 1.8505039E-001 2.9322730E-001 1.6000000E+002
   1   8
 1.6856165E-001 2.5340500E-001 2.2568103E-002 1.4132575E+003 4.4403446E+000 5.5115589E+000
 1.8505039E-001 2.9322730E-001 1.6500000E+002
   1   8
 1.6959281E-001 2.5340000E-001 2.6760288E-002 1.4383996E+003 4.4403446E+000 5.5115589E+000
 1.8505039E-001 2.9322730E-001 1.7000000E+002
   1   8
 1.7078024E-001 2.5339500E-001 3.0901275E-002 1.4631840E+003 4.4403446E+000 5.5115589E+000
 1.8505039E-001 2.9322730E-001 1.7500000E+002
   1   8
 1.7212043E-001 2.5339000E-001 3.4983343E-002 1.4875649E+003 4.4403446E+000 5.5115589E+000
 1.8505039E-001 2.9322730E-001 1.8000000E+002
   1   8
 1.7360953E-001 2.5338500E-001 3.8998945E-002 1.5114976E+003 4.4403446E+000 5.5115589E+000
 1.8505039E-001 2.9322730E-001 1.8500000E+002
   1   8
 1.7524339E-001 2.5338000E-001 4.2940721E-002 1.5349385E+003 4.4403446E+000 5.5115589E+000
 1.8505039E-001 2.9322730E-001 1.9000000E+002
   1   8
 1.7701756E-001 2.5337500E-001 4.6801520E-002 1.5578458E+003 4.4403446E+000 5.5115589E+000
 1.8505039E-001 2.9322730E-001 1.9500000E+002
   1   8
 1.7892730E-001 2.5337000E-001 5.0574409E-002 1.5801786E+003 4.4403446E+000 5.5115589E+000
 1.8505039E-001 2.9322730E-001 2.0000000E+002
   1   8
 1.8096765E-001 2.5674330E-001 5.4252688E-002 1.6029113E+003 4.4403446E+000 5.5115589E+000
 1.8505039E-001 2.9322730E-001 2.0500000E+002
   1   8
 1.8313996E-001 2.6011659E-001 5.7996830E-002 1.6260043E+003 4.4403446E+000 5.5115589E+000
 1.8505039E-001 2.9322730E-001 2.1000000E+002
   1   8
 1.8544537E-001 2.6348989E-001 6.1800314E-002 1.6494176E+003 4.4403446E+000 5.5115589E+000
 1.8505039E-001 2.9322730E-001 2.1500000E+002
   1   8
 1.8788473E-001 2.6686318E-001 6.5656562E-002 1.6731111E+003 4.4403446E+000 5.5115589E+000
 1.8505039E-001 2.9322730E-001 2.2000000E+002
   1   8
 1.9045863E-001 2.7023648E-001 6.9558957E-002 1.6970445E+003 4.4403446E+000 5.5115589E+000
 1.8505039E-001 2.9322730E-001 2.2500000E+002
   1   8
 1.9316736E-001 2.7360977E-001 7.3500851E-002 1.7211772E+003 4.4403446E+000 5.5115589E+000
 1.8505039E-001 2.9322730E-001 2.3000000E+002
   1   8
 1.9601099E-001 2.7698307E-001 7.7475582E-002 1.7454688E+003 4.4403446E+000 5.5115589E+000
 1.8505039E-001 2.9322730E-001 2.3500000E+002
   1   8
 1.9898928E-001 2.8035636E-001 8.1476484E-002 1.7698790E+003 4.4403446E+000 5.5115589E+000
 1.8505039E-001 2.9322730E-001 2.4000000E+002
   1   8
 2.0210175E-001 2.8372966E-001 8.5496903E-002 1.7943673E+003 4.4403446E+000 5.5115589E+000
 1.8505039E-001 2.9322730E-001 2.4500000E+002
   1   8
 2.0534764E-001 2.8710295E-001 8.9530210E-002 1.8188939E+003 4.4403446E+000 5.5115589E+000
 1.8505039E-001 2.9322730E-001 2.5000000E+002
   1   8
 2.0872594E-001 2.9047625E-001 9.3569813E-002 1.8434190E+003 4.4403446E+000 5.5115589E+000
 1.8505039E-001 2.9322730E-001 2.5500000E+002
   1   8
 2.1223538E-001 2.9384954E-001 9.7609168E-002 1.8679033E+003 4.4403446E+000 5.5115589E+000
 1.8505039E-001 2.9322730E-001 2.6000000E+002
   1   8
 2.1587446E-001 2.9722284E-001 1.0164180E-001 1.8923078E+003 4.4403446E+000 5.5115589E+000
 1.8505039E-001 2.9322730E-001 2.6500000E+002
   1   8
 2.1964139E-001 3.0059613E-001 1.0566129E-001 1.9165942E+003 4.4403446E+000 5.5115589E+000
 1.8505039E-001 2.9322730E-001 2.7000000E+002
   1   8
 2.2353418E-001 3.0396943E-001 1.0966134E-001 1.9407248E+003 4.4403446E+000 5.5115589E+000
 1.8505039E-001 2.9322730E-001 2.7500000E+002
   1   8
 2.2755059E-001 3.0734272E-001 1.1363571E-001 1.9646624E+003 4.4403446E+000 5.5115589E+000
 1.8505039E-001 2.9322730E-001 2.8000000E+002
   1   8
 2.3168817E-001 3.1071602E-001 1.1757831E-001 1.9883708E+003 4.4403446E+000 5.5115589E+000
 1.8505039E-001 2.9322730E-001 2.8500000E+002
   1   8
 2.3594422E-001 3.1408931E-001 1.2148315E-001 2.0118143E+003 4.4403446E+000 5.5115589E+000
 1.8505039E-001 2.9322730E-001 2.9000000E+002
   1   8
 2.4031585E-001 3.1746261E-001 1.2534437E-001 2.0349583E+003 4.4403446E+000 5.5115589E+000
 1.8505039E-001 2.9322730E-001 2.9500000E+002
   1   8
 2.4479996E-001 3.2083590E-001 1.2915626E-001 2.0577691E+003 4.4403446E+000 5.5115589E+000
 1.8505039E-001 2.9322730E-001 3.0000000E+002
   1   8
 2.4939326E-001 3.2420920E-001 1.3291326E-001 2.0802139E+003 4.4403446E+000 5.5115589E+000
 1.8505039E-001 2.9322730E-001 3.0500000E+002
   1   8
 2.5409226E-001 3.2758249E-001 1.3660998E-001 2.1022610E+003 4.4403446E+000 5.5115589E+000
 1.8505039E-001 2.9322730E-001 3.1000000E+002
   1   8
 2.5889331E-001 3.3095579E-001 1.4024120E-001 2.1238797E+003 4.4403446E+000 5.5115589E+000
 1.8505039E-001 2.9322730E-001 3.1500000E+002
   1   8
 2.6379256E-001 3.3432908E-001 1.4380187E-001 2.1450407E+003 4.4403446E+000 5.5115589E+000
 1.8505039E-001 2.9322730E-001 3.2000000E+002
   1   8
 2.6878604E-001 3.3770238E-001 1.4728714E-001 2.1657156E+003 4.4403446E+000 5.5115589E+000
 1.8505039E-001 2.9322730E-001 3.2500000E+002
   1   8
 2.7386960E-001 3.4107567E-001 1.5069236E-001 2.1858774E+003 4.4403446E+000 5.5115589E+000
 1.8505039E-001 2.9322730E-001 3.3000000E+002
   1   8
 2.7903895E-001 3.4444897E-001 1.5401307E-001 2.2055004E+003 4.4403446E+000 5.5115589E+000
 1.8505039E-001 2.9322730E-001 3.3500000E+002
   1   8
 2.8428968E-001 3.4782226E-001 1.5724504E-001 2.2245602E+003 4.4403446E+000 5.5115589E+000
 1.8505039E-001 2.9322730E-001 3.4000000E+002
   1   8
 2.8961726E-001 3.5119556E-001 1.6038424E-001 2.2430337E+003 4.4403446E+000 5.5115589E+000
 1.8505039E-001 2.9322730E-001 3.4500000E+002
   1   8
 2.9501705E-001 3.5456885E-001 1.6342688E-001 2.2608992E+003 4.4403446E+000 5.5115589E+000
 1.8505039E-001 2.9322730E-001 3.5000000E+002
   1   8
 3.0048429E-001 3.5794215E-001 1.6636938E-001 2.2781366E+003 4.4403446E+000 5.5115589E+000
 1.8505039E-001 2.9322730E-001 3.5500000E+002
   1   8
 3.0601417E-001 3.6131544E-001 1.6920843E-001 2.2947269E+003 4.4403446E+000 5.5115589E+000
 1.8505039E-001 2.9322730E-001 3.6000000E+002
   1   8
 3.1160176E-001 3.6468874E-001 1.7194091E-001 2.3106530E+003 4.4403446E+000 5.5115589E+000
 1.8505039E-001 2.9322730E-001 3.6500000E+002
   1   8
 3.1724209E-001 3.6806203E-001 1.7456399E-001 2.3258990E+003 4.4403446E+000 5.5115589E+000
 1.8505039E-001 2.9322730E-001 3.7000000E+002
   1   8
 3.2293012E-001 3.7143533E-001 1.7707504E-001 2.3404506E+003 4.4403446E+000 5.5115589E+000
 1.8505039E-001 2.9322730E-001 3.7500000E+002
   1   8
 3.2866077E-001 3.7480862E-001 1.7947173E-001 2.3542949E+003 4.4403446E+000 5.5115589E+000
 1.8505039E-001 2.9322730E-001 3.8000000E+002
   1   8
 3.3442893E-001 3.7818192E-001 1.8175193E-001 2.3674208E+003 4.4403446E+000 5.5115589E+000
 1.8505039E-001 2.9322730E-001 3.8500000E+002
   1   8
 3.4022943E-001 3.8155521E-001 1.8391381E-001 2.3798186E+003 4.4403446E+000 5.5115589E+000
 1.8505039E-001 2.9322730E-001 3.9000000E+002
   1   8
 3.4605714E-001 3.8492851E-001 1.8595575E-001 2.3914800E+003 4.4403446E+000 5.5115589E+000
 1.8505039E-001 2.9322730E-001 3.9500000E+002
   1   8
 3.5190688E-001 3.8830180E-001 1.8787642E-001 2.4023984E+003 4.4403446E+000 5.5115589E+000
 1.8505039E-001 2.9322730E-001 4.0000000E+002
   1   8
 3.5777351E-001 3.9167510E-001 1.8967473E-001 2.4125689E+003 4.4403446E+000 5.5115589E+000
 1.8505039E-001 2.9322730E-001 4.0500000E+002
   1   8
 3.6365188E-001 3.9504839E-001 1.9134983E-001 2.4219879E+003 4.4403446E+000 5.5115589E+000
 1.8505039E-001 2.9322730E-001 4.1000000E+002
   1   8
 3.6953688E-001 3.9842169E-001 1.9290116E-001 2.4306533E+003 4.4403446E+000 5.5115589E+000
 1.8505039E-001 2.9322730E-001 4.1500000E+002
   1   8
 3.7542344E-001 4.0179498E-001 1.9432839E-001 2.4385648E+003 4.4403446E+000 5.5115589E+000
 1.8505039E-001 2.9322730E-001 4.2000000E+002
   1   8
 3.8130652E-001 4.0516828E-001 1.9563143E-001 2.4457233E+003 4.4403446E+000 5.5115589E+000
 1.8505039E-001 2.9322730E-001 4.2500000E+002
   1   8
 3.8718117E-001 4.0854157E-001 1.9681046E-001 2.4521314E+003 4.4403446E+000 5.5115589E+000
 1.8505039E-001 2.9322730E-001 4.3000000E+002
   1   8
 3.9304248E-001 4.1191487E-001 1.9786589E-001 2.4577931E+003 4.4403446E+000 5.5115589E+000
 1.8505039E-001 2.9322730E-001 4.3500000E+002
   1   8
 3.9888561E-001 4.1528816E-001 1.9879840E-001 2.4627139E+003 4.4403446E+000 5.5115589E+000
 1.8505039E-001 2.9322730E-001 4.4000000E+002
   1   8
 4.0470583E-001 4.1866146E-001 1.9960886E-001 2.4669006E+003 4.4403446E+000 5.5115589E+000
 1.8505039E-001 2.9322730E-001 4.4500000E+002
   1   8
 4.1049847E-001 4.2203475E-001 2.0029842E-001 2.4703615E+003 4.4403446E+000 5.5115589E+000
 1.8505039E-001 2.9322730E-001 4.5000000E+002
   1   8
 4.1625899E-001 4.2540805E-001 2.0086844E-001 2.4731062E+003 4.4403446E+000 5.5115589E+000
 1.8505039E-001 2.9322730E-001 4.5500000E+002
   1   8
 4.2198296E-001 4.2878134E-001 2.0132050E-001 2.4751457E+003 4.4403446E+000 5.5115589E+000
 1.8505039E-001 2.9322730E-001 4.6000000E+002
   1   8
 4.2766604E-001 4.3215464E-001 2.0165641E-001 2.4764923E+003 4.4403446E+000 5.5115589E+000
 1.8505039E-001 2.9322730E-001 4.6500000E+002
   1   8
 4.3330403E-001 4.3552793E-001 2.0187820E-001 2.4771595E+003 4.4403446E+000 5.5115589E+000
 1.8505039E-001 2.9322730E-001 4.7000000E+002
   1   8
 4.3889288E-001 4.3890123E-001 2.0198809E-001 2.4771620E+003 4.4403446E+000 5.5115589E+000
 1.8505039E-001 2.9322730E-001 4.7500000E+002
   1   8
 4.4442866E-001 4.4227452E-001 2.0198850E-001 2.4765157E+003 4.4403446E+000 5.5115589E+000
 1.8505039E-001 2.9322730E-001 4.8000000E+002
   1   8
 4.4990758E-001 4.4564782E-001 2.0188206E-001 2.4752378E+003 4.4403446E+000 5.5115589E+000
 1.8505039E-001 2.9322730E-001 4.8500000E+002
   1   8
 4.5532601E-001 4.4902111E-001 2.0167158E-001 2.4733463E+003 4.4403446E+000 5.5115589E+000
 1.8505039E-001 2.9322730E-001 4.9000000E+002
   1   8
 4.6068049E-001 4.5239441E-001 2.0136005E-001 2.4708605E+003 4.4403446E+000 5.5115589E+000
 1.8505039E-001 2.9322730E-001 4.9500000E+002
   1   8
 4.6596770E-001 4.5576770E-001 2.0095063E-001 2.4678005E+003 4.4403446E+000 5.5115589E+000
 1.8505039E-001 2.9322730E-001 5.0000000E+002
   1   8
 4.7118450E-001 4.5914100E-001 2.0044664E-001 2.4641874E+003 4.4403446E+000 5.5115589E+000
 1.8505039E-001 2.9322730E-001 5.0500000E+002
   1   8
 4.7632794E-001 4.6251429E-001 1.9985156E-001 2.4600434E+003 4.4403446E+000 5.5115589E+000
 1.8505039E-001 2.9322730E-001 5.1000000E+002
   1   8
 4.8139520E-001 4.6588759E-001 1.9916901E-001 2.4553911E+003 4.4403446E+000 5.5115589E+000
 1.8505039E-001 2.9322730E-001 5.1500000E+002
   1   8
 4.8638370E-001 4.6926088E-001 1.9840277E-001 2.4502542E+003 4.4403446E+000 5.5115589E+000
 1.8505039E-001 2.9322730E-001 5.2000000E+002
   1   8
 4.9129099E-001 4.7263418E-001 1.9755671E-001 2.4446572E+003 4.4403446E+000 5.5115589E+000
 1.8505039E-001 2.9322730E-001 5.2500000E+002
   1   8
 4.9611485E-001 4.7600747E-001 1.9663486E-001 2.4386250E+003 4.4403446E+000 5.5115589E+000
 1.8505039E-001 2.9322730E-001 5.3000000E+002
   1   8
 5.0085322E-001 4.7938077E-001 1.9564134E-001 2.4321832E+003 4.4403446E+000 5.5115589E+000
 1.8505039E-001 2.9322730E-001 5.3500000E+002
   1   8
 5.0550424E-001 4.8275406E-001 1.9458037E-001 2.4253582E+003 4.4403446E+000 5.5115589E+000
 1.8505039E-001 2.9322730E-001 5.4000000E+002
   1   8
 5.1006626E-001 4.8612736E-001 1.9345626E-001 2.4181765E+003 4.4403446E+000 5.5115589E+000
 1.8505039E-001 2.9322730E-001 5.4500000E+002
   1   8
 5.1453781E-001 4.8950065E-001 1.9227342E-001 2.4106654E+003 4.4403446E+000 5.5115589E+000
 1.8505039E-001 2.9322730E-001 5.5000000E+002
   1   8
 5.1891762E-001 4.9287395E-001 1.9103631E-001 2.4028523E+003 4.4403446E+000 5.5115589E+000
 1.8505039E-001 2.9322730E-001 5.5500000E+002
   1   8
 5.2320461E-001 4.9624724E-001 1.8974947E-001 2.3947651E+003 4.4403446E+000 5.5115589E+000
 1.8505039E-001 2.9322730E-001 5.6000000E+002
   1   8
 5.2739791E-001 4.9962054E-001 1.8841748E-001 2.3864318E+003 4.4403446E+000 5.5115589E+000
 1.8505039E-001 2.9322730E-001 5.6500000E+002
   1   8
 5.3149684E-001 5.0299383E-001 1.8704498E-001 2.3778809E+003 4.4403446E+000 5.5115589E+000
 1.8505039E-001 2.9322730E-001 5.7000000E+002
   1   8
 5.3550092E-001 5.0636713E-001 1.8563662E-001 2.3691408E+003 4.4403446E+000 5.5115589E+000
 1.8505039E-001 2.9322730E-001 5.7500000E+002
   1   8
 5.3940986E-001 5.0974042E-001 1.8419709E-001 2.3602400E+003 4.4403446E+000 5.5115589E+000
 1.8505039E-001 2.9322730E-001 5.8000000E+002
   1   8
 5.4322356E-001 5.1311372E-001 1.8273110E-001 2.3512070E+003 4.4403446E+000 5.5115589E+000
 1.8505039E-001 2.9322730E-001 5.8500000E+002
   1   8
 5.4694214E-001 5.1648701E-001 1.8124335E-001 2.3420705E+003 4.4403446E+000 5.5115589E+000
 1.8505039E-001 2.9322730E-001 5.9000000E+002
   1   8
 5.5056587E-001 5.1986031E-001 1.7973853E-001 2.3328588E+003 4.4403446E+000 5.5115589E+000
 1.8505039E-001 2.9322730E-001 5.9500000E+002
   1   8
 5.5409523E-001 5.2323360E-001 1.7822134E-001 2.3236003E+003 4.4403446E+000 5.5115589E+000
 1.8505039E-001 2.9322730E-001 6.0000000E+002
   1   8
 5.5753089E-001 5.2660690E-001 1.7669644E-001 2.3143231E+003 4.4403446E+000 5.5115589E+000
 1.8505039E-001 2.9322730E-001 6.0500000E+002
   1   8
 5.6087369E-001 5.2998019E-001 1.7516846E-001 2.3050551E+003 4.4403446E+000 5.5115589E+000
 1.8505039E-001 2.9322730E-001 6.1000000E+002
   1   8
 5.6412466E-001 5.3335349E-001 1.7364198E-001 2.2958237E+003 4.4403446E+000 5.5115589E+000
 1.8505039E-001 2.9322730E-001 6.1500000E+002
   1   8
 5.6728498E-001 5.3672678E-001 1.7212155E-001 2.2866563E+003 4.4403446E+000 5.5115589E+000
 1.8505039E-001 2.9322730E-001 6.2000000E+002
   1   8
 5.7035603E-001 5.4010008E-001 1.7061165E-001 2.2775795E+003 4.4403446E+000 5.5115589E+000
 1.8505039E-001 2.9322730E-001 6.2500000E+002
   1   8
 5.7333933E-001 5.4347337E-001 1.6911667E-001 2.2686197E+003 4.4403446E+000 5.5115589E+000
 1.8505039E-001 2.9322730E-001 6.3000000E+002
   1   8
 5.7623659E-001 5.4684667E-001 1.6764097E-001 2.2598027E+003 4.4403446E+000 5.5115589E+000
 1.8505039E-001 2.9322730E-001 6.3500000E+002
   1   8
 5.7904965E-001 5.5021996E-001 1.6618879E-001 2.2511538E+003 4.4403446E+000 5.5115589E+000
 1.8505039E-001 2.9322730E-001 6.4000000E+002
   1   8
 5.8178050E-001 5.5359326E-001 1.6476429E-001 2.2426976E+003 4.4403446E+000 5.5115589E+000
 1.8505039E-001 2.9322730E-001 6.4500000E+002
   1   8
 5.8443131E-001 5.5696655E-001 1.6337153E-001 2.2344582E+003 4.4403446E+000 5.5115589E+000
 1.8505039E-001 2.9322730E-001 6.5000000E+002
   1   8
 5.8700434E-001 5.6033985E-001 1.6201447E-001 2.2264589E+003 4.4403446E+000 5.5115589E+000
 1.8505039E-001 2.9322730E-001 6.5500000E+002
   1   8
 5.8950202E-001 5.6371314E-001 1.6069696E-001 2.2187222E+003 4.4403446E+000 5.5115589E+000
 1.8505039E-001 2.9322730E-001 6.6000000E+002
   1   8
 5.9192690E-001 5.6708644E-001 1.5942270E-001 2.2112701E+003 4.4403446E+000 5.5115589E+000
 1.8505039E-001 2.9322730E-001 6.6500000E+002
   1   8
 5.9428164E-001 5.7045973E-001 1.5819532E-001 2.2041235E+003 4.4403446E+000 5.5115589E+000
 1.8505039E-001 2.9322730E-001 6.7000000E+002
   1   8
 5.9656901E-001 5.7383303E-001 1.5701825E-001 2.1973027E+003 4.4403446E+000 5.5115589E+000
 1.8505039E-001 2.9322730E-001 6.7500000E+002
   1   8
 5.9879192E-001 5.7720632E-001 1.5589485E-001 2.1908270E+003 4.4403446E+000 5.5115589E+000
 1.8505039E-001 2.9322730E-001 6.8000000E+002
   1   8
 6.0095334E-001 5.8057962E-001 1.5482829E-001 2.1847149E+003 4.4403446E+000 5.5115589E+000
 1.8505039E-001 2.9322730E-001 6.8500000E+002
   1   8
 6.0305636E-001 5.8395291E-001 1.5382160E-001 2.1789839E+003 4.4403446E+000 5.5115589E+000
 1.8505039E-001 2.9322730E-001 6.9000000E+002
   1   8
 6.0510414E-001 5.8732621E-001 1.5287768E-001 2.1736505E+003 4.4403446E+000 5.5115589E+000
 1.8505039E-001 2.9322730E-001 6.9500000E+002
   1   8
 6.0709994E-001 5.9069950E-001 1.5199926E-001 2.1687303E+003 4.4403446E+000 5.5115589E+000
 1.8505039E-001 2.9322730E-001 7.0000000E+002
   1   8
 6.0904708E-001 5.9407280E-001 1.5118890E-001 2.1642381E+003 4.4403446E+000 5.5115589E+000
 1.8505039E-001 2.9322730E-001 7.0500000E+002
   1   8
 6.1094893E-001 5.9744609E-001 1.5044901E-001 2.1601872E+003 4.4403446E+000 5.5115589E+000
 1.8505039E-001 2.9322730E-001 7.1000000E+002
   1   8
 6.1280894E-001 6.0081939E-001 1.4978182E-001 2.1565903E+003 4.4403446E+000 5.5115589E+000
 1.8505039E-001 2.9322730E-001 7.1500000E+002
   1   8
 6.1463060E-001 6.0419268E-001 1.4918941E-001 2.1534590E+003 4.4403446E+000 5.5115589E+000
 1.8505039E-001 2.9322730E-001 7.2000000E+002
   1   8
 6.1641744E-001 6.0756598E-001 1.4867366E-001 2.1508035E+003 4.4403446E+000 5.5115589E+000
 1.8505039E-001 2.9322730E-001 7.2500000E+002
   1   8
 6.1817302E-001 6.1093927E-001 1.4823630E-001 2.1486334E+003 4.4403446E+000 5.5115589E+000
 1.8505039E-001 2.9322730E-001 7.3000000E+002
   1   8
 6.1990095E-001 6.1431257E-001 1.4787887E-001 2.1469569E+003 4.4403446E+000 5.5115589E+000
 1.8505039E-001 2.9322730E-001 7.3500000E+002
   1   8
 6.2160484E-001 6.1768586E-001 1.4760275E-001 2.1457812E+003 4.4403446E+000 5.5115589E+000
 1.8505039E-001 2.9322730E-001 7.4000000E+002
   1   8
 6.2328830E-001 6.2105916E-001 1.4740911E-001 2.1451125E+003 4.4403446E+000 5.5115589E+000
 1.8505039E-001 2.9322730E-001 7.4500000E+002
   1   8
 6.2495497E-001 6.2443245E-001 1.4729896E-001 2.1449557E+003 4.4403446E+000 5.5115589E+000
 1.8505039E-001 2.9322730E-001 7.5000000E+002
   1   8
 6.2660848E-001 6.2780575E-001 1.4727315E-001 2.1453149E+003 4.4403446E+000 5.5115589E+000
 1.8505039E-001 2.9322730E-001 7.5500000E+002
   1   8
 6.2825245E-001 6.3117904E-001 1.4733230E-001 2.1461929E+003 4.4403446E+000 5.5115589E+000
 1.8505039E-001 2.9322730E-001 7.6000000E+002
   1   8
 6.2989046E-001 6.3455234E-001 1.4747691E-001 2.1475914E+003 4.4403446E+000 5.5115589E+000
 1.8505039E-001 2.9322730E-001 7.6500000E+002
   1   8
 6.3152610E-001 6.3792563E-001 1.4770726E-001 2.1495113E+003 4.4403446E+000 5.5115589E+000
 1.8505039E-001 2.9322730E-001 7.7000000E+002
   1   8
 6.3316292E-001 6.4129893E-001 1.4802346E-001 2.1519521E+003 4.4403446E+000 5.5115589E+000
 1.8505039E-001 2.9322730E-001 7.7500000E+002
   1   8
 6.3480441E-001 6.4467222E-001 1.4842547E-001 2.1549124E+003 4.4403446E+000 5.5115589E+000
 1.8505039E-001 2.9322730E-001 7.8000000E+002
   1   8
 6.3645404E-001 6.4804552E-001 1.4891305E-001 2.1583899E+003 4.4403446E+000 5.5115589E+000
 1.8505039E-001 2.9322730E-001 7.8500000E+002
   1   8
 6.3811521E-001 6.5141881E-001 1.4948579E-001 2.1623809E+003 4.4403446E+000 5.5115589E+000
 1.8505039E-001 2.9322730E-001 7.9000000E+002
   1   8
 6.3979129E-001 6.5479211E-001 1.5014313E-001 2.1668812E+003 4.4403446E+000 5.5115589E+000
 1.8505039E-001 2.9322730E-001 7.9500000E+002
   1   8
 6.4148555E-001 6.5816540E-001 1.5088434E-001 2.1718851E+003 4.4403446E+000 5.5115589E+000
 1.8505039E-001 2.9322730E-001 8.0000000E+002
   1   8
 6.4320122E-001 6.6153870E-001 1.5170850E-001 2.1773864E+003 4.4403446E+000 5.5115589E+000
 1.8505039E-001 2.9322730E-001 8.0500000E+002
   1   8
 6.4494143E-001 6.6491199E-001 1.5261458E-001 2.1833776E+003 4.4403446E+000 5.5115589E+000
 1.8505039E-001 2.9322730E-001 8.1000000E+002
   1   8
 6.4670926E-001 6.6828529E-001 1.5360134E-001 2.1898504E+003 4.4403446E+000 5.5115589E+000
 1.8505039E-001 2.9322730E-001 8.1500000E+002
   1   8
 6.4850766E-001 6.7165858E-001 1.5466743E-001 2.1967956E+003 4.4403446E+000 5.5115589E+000
 1.8505039E-001 2.9322730E-001 8.2000000E+002
   1   8
 6.5033954E-001 6.7503188E-001 1.5581134E-001 2.2042033E+003 4.4403446E+000 5.5115589E+000
 1.8505039E-001 2.9322730E-001 8.2500000E+002
   1   8
 6.5220767E-001 6.7840517E-001 1.5703141E-001 2.2120626E+003 4.4403446E+000 5.5115589E+000
 1.8505039E-001 2.9322730E-001 8.3000000E+002
   1   8
 6.5411474E-001 6.8177847E-001 1.5832585E-001 2.2203617E+003 4.4403446E+000 5.5115589E+000
 1.8505039E-001 2.9322730E-001 8.3500000E+002
   1   8
 6.5606332E-001 6.8515176E-001 1.5969274E-001 2.2290882E+003 4.4403446E+000 5.5115589E+000
 1.8505039E-001 2.9322730E-001 8.4000000E+002
   1   8
 6.5805590E-001 6.8852506E-001 1.6113002E-001 2.2382290E+003 4.4403446E+000 5.5115589E+000
 1.8505039E-001 2.9322730E-001 8.4500000E+002
   1   8
 6.6009482E-001 6.9189835E-001 1.6263553E-001 2.2477700E+003 4.4403446E+000 5.5115589E+000
 1.8505039E-001 2.9322730E-001 8.5000000E+002
   1   8
 6.6218233E-001 6.9527165E-001 1.6420697E-001 2.2576968E+003 4.4403446E+000 5.5115589E+000
 1.8505039E-001 2.9322730E-001 8.5500000E+002
   1   8
 6.6432055E-001 6.9864494E-001 1.6584194E-001 2.2679942E+003 4.4403446E+000 5.5115589E+000
 1.8505039E-001 2.9322730E-001 8.6000000E+002
