 Time_points  t_bar
           9           4
 Time  Density
  -1.0000000000000000E-002   9.5000000000000001E-002
   0.0000000000000000        9.5000000000000001E-002
   3500.0000000000000        9.5000000000000001E-002
   4500.0000000000000        8.0000000000000002E-002
   10000.000000000000        7.0000000000000007E-002
   20000.000000000000        2.0000000000000000E-002
   50000.000000000000        2.0000000000000000E-003
   80000.000000000000        2.0000000000000000E-003
   80000000.000000000        2.0000000000000000E-003
