 tt,betpj,betp_flat,emoe,del_emo,del_emo_0
  7.6128E+04  1.1993E-01  6.7800E-01  5.3000E+01  0.0000E+00  0.0000E+00
  7.6138E+04  1.1999E-01  6.7800E-01  5.3000E+01  0.0000E+00  0.0000E+00
  7.6148E+04  1.2096E-01  6.7800E-01  5.3000E+01  0.0000E+00  0.0000E+00
  7.6158E+04  1.2187E-01  6.7800E-01  5.3000E+01  0.0000E+00  0.0000E+00
  7.6168E+04  1.2275E-01  6.7800E-01  5.3000E+01  0.0000E+00  0.0000E+00
  7.6178E+04  1.2360E-01  6.7800E-01  5.3000E+01  0.0000E+00  0.0000E+00
  7.6188E+04  1.2443E-01  6.7800E-01  5.3000E+01  0.0000E+00  0.0000E+00
  7.6198E+04  1.2525E-01  6.7800E-01  5.3000E+01  0.0000E+00  0.0000E+00
  7.6208E+04  1.2606E-01  6.7800E-01  5.3000E+01  0.0000E+00  0.0000E+00
  7.6218E+04  1.2687E-01  6.7800E-01  5.3000E+01  0.0000E+00  0.0000E+00
  7.6228E+04  1.2767E-01  6.7800E-01  5.3000E+01  0.0000E+00  0.0000E+00
  7.6238E+04  1.2845E-01  6.7800E-01  5.3000E+01  0.0000E+00  0.0000E+00
  7.6248E+04  1.2924E-01  6.7800E-01  5.3000E+01  0.0000E+00  0.0000E+00
  7.6258E+04  1.3001E-01  6.7800E-01  5.3000E+01  0.0000E+00  0.0000E+00
  7.6268E+04  1.3078E-01  6.7800E-01  5.3000E+01  0.0000E+00  0.0000E+00
  7.6278E+04  1.3153E-01  6.7800E-01  5.3000E+01  0.0000E+00  0.0000E+00
  7.6288E+04  1.3227E-01  6.7800E-01  5.3000E+01  0.0000E+00  0.0000E+00
  7.6298E+04  1.3301E-01  6.7800E-01  5.3000E+01  0.0000E+00  0.0000E+00
  7.6308E+04  1.3374E-01  6.7800E-01  5.3000E+01  0.0000E+00  0.0000E+00
  7.6318E+04  1.3446E-01  6.7800E-01  5.3000E+01  0.0000E+00  0.0000E+00
  7.6328E+04  1.3518E-01  6.7800E-01  5.3000E+01  0.0000E+00  0.0000E+00
  7.6338E+04  1.3591E-01  6.7800E-01  5.3000E+01  0.0000E+00  0.0000E+00
  7.6348E+04  1.3662E-01  6.7800E-01  5.3000E+01  0.0000E+00  0.0000E+00
  7.6358E+04  1.3734E-01  6.7800E-01  5.3000E+01  0.0000E+00  0.0000E+00
  7.6368E+04  1.3805E-01  6.7800E-01  5.3000E+01  0.0000E+00  0.0000E+00
  7.6378E+04  1.3876E-01  6.7800E-01  5.3000E+01  0.0000E+00  0.0000E+00
  7.6388E+04  1.3946E-01  6.7800E-01  5.3000E+01  0.0000E+00  0.0000E+00
  7.6398E+04  1.4017E-01  6.7800E-01  5.3000E+01  0.0000E+00  0.0000E+00
  7.6408E+04  1.4089E-01  6.7800E-01  5.3000E+01  0.0000E+00  0.0000E+00
  7.6418E+04  1.4160E-01  6.7800E-01  5.3000E+01  0.0000E+00  0.0000E+00
  7.6428E+04  1.4228E-01  6.7800E-01  5.3000E+01  0.0000E+00  0.0000E+00
  7.6438E+04  1.4296E-01  6.7800E-01  5.3000E+01  0.0000E+00  0.0000E+00
  7.6448E+04  1.4364E-01  6.7800E-01  5.3000E+01  0.0000E+00  0.0000E+00
  7.6458E+04  1.4431E-01  6.7800E-01  5.3000E+01  0.0000E+00  0.0000E+00
  7.6468E+04  1.4497E-01  6.7800E-01  5.3000E+01  0.0000E+00  0.0000E+00
  7.6478E+04  1.4565E-01  6.7800E-01  5.3000E+01  0.0000E+00  0.0000E+00
  7.6488E+04  1.4635E-01  6.7800E-01  5.3000E+01  0.0000E+00  0.0000E+00
  7.6498E+04  1.4703E-01  6.7800E-01  5.3000E+01  0.0000E+00  0.0000E+00
  7.6508E+04  1.4772E-01  6.7800E-01  5.3000E+01  0.0000E+00  0.0000E+00
  7.6518E+04  1.4838E-01  6.7800E-01  5.3000E+01  0.0000E+00  0.0000E+00
  7.6528E+04  1.4906E-01  6.7800E-01  5.3000E+01  0.0000E+00  0.0000E+00
  7.6538E+04  1.4972E-01  6.7800E-01  5.3000E+01  0.0000E+00  0.0000E+00
  7.6548E+04  1.5035E-01  6.7800E-01  5.3000E+01  0.0000E+00  0.0000E+00
  7.6558E+04  1.5101E-01  6.7800E-01  5.3000E+01  0.0000E+00  0.0000E+00
  7.6568E+04  1.5168E-01  6.7800E-01  5.3000E+01  0.0000E+00  0.0000E+00
  7.6578E+04  1.5230E-01  6.7800E-01  5.3000E+01  0.0000E+00  0.0000E+00
  7.6588E+04  1.5291E-01  6.7800E-01  5.3000E+01  0.0000E+00  0.0000E+00
  7.6598E+04  1.5353E-01  6.7800E-01  5.3000E+01  0.0000E+00  0.0000E+00
  7.6608E+04  1.5417E-01  6.7800E-01  5.3000E+01  0.0000E+00  0.0000E+00
  7.6618E+04  1.5478E-01  6.7800E-01  5.3000E+01  0.0000E+00  0.0000E+00
  7.6628E+04  1.5540E-01  6.7800E-01  5.3000E+01  0.0000E+00  0.0000E+00
  7.6638E+04  1.5602E-01  6.7800E-01  5.3000E+01  0.0000E+00  0.0000E+00
  7.6648E+04  1.5661E-01  6.7800E-01  5.3000E+01  0.0000E+00  0.0000E+00
  7.6658E+04  1.5718E-01  6.7800E-01  5.3000E+01  0.0000E+00  0.0000E+00
  7.6668E+04  1.5776E-01  6.7800E-01  5.3000E+01  0.0000E+00  0.0000E+00
  7.6678E+04  1.5834E-01  6.7800E-01  5.3000E+01  0.0000E+00  0.0000E+00
  7.6688E+04  1.5889E-01  6.7800E-01  5.3000E+01  0.0000E+00  0.0000E+00
  7.6698E+04  1.5944E-01  6.7800E-01  5.3000E+01  0.0000E+00  0.0000E+00
  7.6708E+04  1.5999E-01  6.7800E-01  5.3000E+01  0.0000E+00  0.0000E+00
  7.6718E+04  1.6057E-01  6.7800E-01  5.3000E+01  0.0000E+00  0.0000E+00
  7.6728E+04  1.6114E-01  6.7800E-01  5.3000E+01  0.0000E+00  0.0000E+00
  7.6738E+04  1.6171E-01  6.7800E-01  5.3000E+01  0.0000E+00  0.0000E+00
  7.6748E+04  1.6228E-01  6.7800E-01  5.3000E+01  0.0000E+00  0.0000E+00
  7.6758E+04  1.6288E-01  6.7800E-01  5.3000E+01  0.0000E+00  0.0000E+00
  7.6768E+04  1.6346E-01  6.7800E-01  5.3000E+01  0.0000E+00  0.0000E+00
  7.6778E+04  1.6403E-01  6.7800E-01  5.3000E+01  0.0000E+00  0.0000E+00
  7.6788E+04  1.6458E-01  6.7800E-01  5.3000E+01  0.0000E+00  0.0000E+00
  7.6798E+04  1.6516E-01  6.7800E-01  5.3000E+01  0.0000E+00  0.0000E+00
  7.6808E+04  1.6575E-01  6.7800E-01  5.3000E+01  0.0000E+00  0.0000E+00
  7.6818E+04  1.6634E-01  6.7800E-01  5.3000E+01  0.0000E+00  0.0000E+00
  7.6828E+04  1.6691E-01  6.7800E-01  5.3000E+01  0.0000E+00  0.0000E+00
  7.6838E+04  1.6746E-01  6.7800E-01  5.3000E+01  0.0000E+00  0.0000E+00
  7.6848E+04  1.6802E-01  6.7800E-01  5.3000E+01  0.0000E+00  0.0000E+00
  7.6858E+04  1.6859E-01  6.7800E-01  5.3000E+01  0.0000E+00  0.0000E+00
  7.6868E+04  1.6912E-01  6.7800E-01  5.3000E+01  0.0000E+00  0.0000E+00
  7.6878E+04  1.6963E-01  6.7800E-01  5.3000E+01  0.0000E+00  0.0000E+00
  7.6888E+04  1.7013E-01  6.7800E-01  5.3000E+01  0.0000E+00  0.0000E+00
  7.6898E+04  1.7065E-01  6.7800E-01  5.3000E+01  0.0000E+00  0.0000E+00
  7.6908E+04  1.7120E-01  6.7800E-01  5.3000E+01  0.0000E+00  0.0000E+00
  7.6918E+04  1.7173E-01  6.7800E-01  5.3000E+01  0.0000E+00  0.0000E+00
  7.6928E+04  1.7220E-01  6.7800E-01  5.3000E+01  0.0000E+00  0.0000E+00
  7.6938E+04  1.7268E-01  6.7800E-01  5.3000E+01  0.0000E+00  0.0000E+00
  7.6948E+04  1.7317E-01  6.7800E-01  5.3000E+01  0.0000E+00  0.0000E+00
  7.6958E+04  1.7365E-01  6.7800E-01  5.3000E+01  0.0000E+00  0.0000E+00
  7.6968E+04  1.7413E-01  6.7800E-01  5.3000E+01  0.0000E+00  0.0000E+00
  7.6978E+04  1.7463E-01  6.7800E-01  5.3000E+01  0.0000E+00  0.0000E+00
  7.6988E+04  1.7512E-01  6.7800E-01  5.3000E+01  0.0000E+00  0.0000E+00
  7.6998E+04  1.7564E-01  6.7800E-01  5.3000E+01  0.0000E+00  0.0000E+00
  7.7008E+04  1.7616E-01  6.7800E-01  5.3000E+01  0.0000E+00  0.0000E+00
  7.7018E+04  1.7666E-01  6.7800E-01  5.3000E+01  0.0000E+00  0.0000E+00
  7.7028E+04  1.7713E-01  6.7800E-01  5.3000E+01  0.0000E+00  0.0000E+00
  7.7038E+04  1.7760E-01  6.7800E-01  5.3000E+01  0.0000E+00  0.0000E+00
  7.7048E+04  1.7808E-01  6.7800E-01  5.3000E+01  0.0000E+00  0.0000E+00
  7.7058E+04  1.7855E-01  6.7800E-01  5.3000E+01  0.0000E+00  0.0000E+00
  7.7068E+04  1.7901E-01  6.7800E-01  5.3000E+01  0.0000E+00  0.0000E+00
  7.7078E+04  1.7946E-01  6.7800E-01  5.3000E+01  0.0000E+00  0.0000E+00
  7.7088E+04  1.7989E-01  6.7800E-01  5.3000E+01  0.0000E+00  0.0000E+00
  7.7098E+04  1.8035E-01  6.7800E-01  5.3000E+01  0.0000E+00  0.0000E+00
  7.7108E+04  1.8085E-01  6.7800E-01  5.3000E+01  0.0000E+00  0.0000E+00
  7.7118E+04  1.8137E-01  6.7800E-01  5.3000E+01  0.0000E+00  0.0000E+00
  7.7128E+04  1.8189E-01  6.7800E-01  5.3000E+01  0.0000E+00  0.0000E+00
  7.7138E+04  1.8241E-01  6.7800E-01  5.3000E+01  0.0000E+00  0.0000E+00
  7.7148E+04  1.8289E-01  6.7800E-01  5.3000E+01  0.0000E+00  0.0000E+00
  7.7158E+04  1.8333E-01  6.7800E-01  5.3000E+01  0.0000E+00  0.0000E+00
  7.7168E+04  1.8380E-01  6.7800E-01  5.3000E+01  0.0000E+00  0.0000E+00
  7.7178E+04  1.8432E-01  6.7800E-01  5.3000E+01  0.0000E+00  0.0000E+00
  7.7188E+04  1.8480E-01  6.7800E-01  5.3000E+01  0.0000E+00  0.0000E+00
  7.7198E+04  1.8525E-01  6.7800E-01  5.3000E+01  0.0000E+00  0.0000E+00
  7.7208E+04  1.8571E-01  6.7800E-01  5.3000E+01  0.0000E+00  0.0000E+00
  7.7218E+04  1.8615E-01  6.7800E-01  5.3000E+01  0.0000E+00  0.0000E+00
  7.7228E+04  1.8656E-01  6.7800E-01  5.3000E+01  0.0000E+00  0.0000E+00
  7.7238E+04  1.8695E-01  6.7800E-01  5.3000E+01  0.0000E+00  0.0000E+00
  7.7248E+04  1.8738E-01  6.7800E-01  5.3000E+01  0.0000E+00  0.0000E+00
  7.7258E+04  1.8786E-01  6.7800E-01  5.3000E+01  0.0000E+00  0.0000E+00
  7.7268E+04  1.8831E-01  6.7800E-01  5.3000E+01  0.0000E+00  0.0000E+00
  7.7278E+04  1.8870E-01  6.7800E-01  5.3000E+01  0.0000E+00  0.0000E+00
  7.7288E+04  1.8907E-01  6.7800E-01  5.3000E+01  0.0000E+00  0.0000E+00
  7.7298E+04  1.8943E-01  6.7800E-01  5.3000E+01  0.0000E+00  0.0000E+00
  7.7308E+04  1.8983E-01  6.7800E-01  5.3000E+01  0.0000E+00  0.0000E+00
  7.7318E+04  1.9026E-01  6.7800E-01  5.3000E+01  0.0000E+00  0.0000E+00
  7.7328E+04  1.9067E-01  6.7800E-01  5.3000E+01  0.0000E+00  0.0000E+00
  7.7338E+04  1.9106E-01  6.7800E-01  5.3000E+01  0.0000E+00  0.0000E+00
  7.7348E+04  1.9149E-01  6.7800E-01  5.3000E+01  0.0000E+00  0.0000E+00
  7.7358E+04  1.9191E-01  6.7800E-01  5.3000E+01  0.0000E+00  0.0000E+00
  7.7368E+04  1.9232E-01  6.7800E-01  5.3000E+01  0.0000E+00  0.0000E+00
  7.7378E+04  1.9273E-01  6.7800E-01  5.3000E+01  0.0000E+00  0.0000E+00
  7.7388E+04  1.9312E-01  6.7800E-01  5.3000E+01  0.0000E+00  0.0000E+00
  7.7398E+04  1.9353E-01  6.7800E-01  5.3000E+01  0.0000E+00  0.0000E+00
  7.7408E+04  1.9397E-01  6.7800E-01  5.3000E+01  0.0000E+00  0.0000E+00
  7.7418E+04  1.9444E-01  6.7800E-01  5.3000E+01  0.0000E+00  0.0000E+00
  7.7428E+04  1.9486E-01  6.7800E-01  5.3000E+01  0.0000E+00  0.0000E+00
  7.7438E+04  1.9528E-01  6.7800E-01  5.3000E+01  0.0000E+00  0.0000E+00
  7.7448E+04  1.9576E-01  6.7800E-01  5.3000E+01  0.0000E+00  0.0000E+00
  7.7458E+04  1.9624E-01  6.7800E-01  5.3000E+01  0.0000E+00  0.0000E+00
  7.7468E+04  1.9665E-01  6.7800E-01  5.3000E+01  0.0000E+00  0.0000E+00
  7.7478E+04  1.9704E-01  6.7800E-01  5.3000E+01  0.0000E+00  0.0000E+00
  7.7488E+04  1.9750E-01  6.7800E-01  5.3000E+01  0.0000E+00  0.0000E+00
  7.7498E+04  1.9796E-01  6.7800E-01  5.3000E+01  0.0000E+00  0.0000E+00
  7.7508E+04  1.9835E-01  6.7800E-01  5.3000E+01  0.0000E+00  0.0000E+00
  7.7518E+04  1.9872E-01  6.7800E-01  5.3000E+01  0.0000E+00  0.0000E+00
  7.7528E+04  1.9915E-01  6.7800E-01  5.3000E+01  0.0000E+00  0.0000E+00
  7.7538E+04  1.9960E-01  6.7800E-01  5.3000E+01  0.0000E+00  0.0000E+00
  7.7548E+04  2.0002E-01  6.7800E-01  5.3000E+01  0.0000E+00  0.0000E+00
  7.7558E+04  2.0037E-01  6.7800E-01  5.3000E+01  0.0000E+00  0.0000E+00
  7.7568E+04  2.0070E-01  6.7800E-01  5.3000E+01  0.0000E+00  0.0000E+00
  7.7578E+04  2.0102E-01  6.7800E-01  5.3000E+01  0.0000E+00  0.0000E+00
  7.7588E+04  2.0132E-01  6.7800E-01  5.3000E+01  0.0000E+00  0.0000E+00
  7.7598E+04  2.0162E-01  6.7800E-01  5.3000E+01  0.0000E+00  0.0000E+00
  7.7608E+04  2.0196E-01  6.7800E-01  5.3000E+01  0.0000E+00  0.0000E+00
  7.7618E+04  2.0232E-01  6.7800E-01  5.3000E+01  0.0000E+00  0.0000E+00
  7.7628E+04  2.0268E-01  6.7800E-01  5.3000E+01  0.0000E+00  0.0000E+00
  7.7638E+04  2.0305E-01  6.7800E-01  5.3000E+01  0.0000E+00  0.0000E+00
  7.7648E+04  2.0343E-01  6.7800E-01  5.3000E+01  0.0000E+00  0.0000E+00
  7.7658E+04  2.0376E-01  6.7800E-01  5.3000E+01  0.0000E+00  0.0000E+00
  7.7668E+04  2.0404E-01  6.7800E-01  5.3000E+01  0.0000E+00  0.0000E+00
  7.7678E+04  2.0437E-01  6.7800E-01  5.3000E+01  0.0000E+00  0.0000E+00
  7.7688E+04  2.0474E-01  6.7800E-01  5.3000E+01  0.0000E+00  0.0000E+00
  7.7698E+04  2.0512E-01  6.7800E-01  5.3000E+01  0.0000E+00  0.0000E+00
  7.7708E+04  2.0547E-01  6.7800E-01  5.3000E+01  0.0000E+00  0.0000E+00
  7.7718E+04  2.0585E-01  6.7800E-01  5.3000E+01  0.0000E+00  0.0000E+00
  7.7728E+04  2.0627E-01  6.7800E-01  5.3000E+01  0.0000E+00  0.0000E+00
  7.7738E+04  2.0668E-01  6.7800E-01  5.3000E+01  0.0000E+00  0.0000E+00
  7.7748E+04  2.0710E-01  6.7800E-01  5.3000E+01  0.0000E+00  0.0000E+00
  7.7758E+04  2.0751E-01  6.7800E-01  5.3000E+01  0.0000E+00  0.0000E+00
  7.7768E+04  2.0791E-01  6.7800E-01  5.3000E+01  0.0000E+00  0.0000E+00
  7.7778E+04  2.0832E-01  6.7800E-01  5.3000E+01  0.0000E+00  0.0000E+00
  7.7788E+04  2.0872E-01  6.7800E-01  5.3000E+01  0.0000E+00  0.0000E+00
  7.7798E+04  2.0906E-01  6.7800E-01  5.3000E+01  0.0000E+00  0.0000E+00
  7.7808E+04  2.0940E-01  6.7800E-01  5.3000E+01  0.0000E+00  0.0000E+00
  7.7818E+04  2.0982E-01  6.7800E-01  5.3000E+01  0.0000E+00  0.0000E+00
  7.7828E+04  2.1028E-01  6.7800E-01  5.3000E+01  0.0000E+00  0.0000E+00
  7.7838E+04  2.1067E-01  6.7800E-01  5.3000E+01  0.0000E+00  0.0000E+00
  7.7848E+04  2.1100E-01  6.7800E-01  5.3000E+01  0.0000E+00  0.0000E+00
  7.7858E+04  2.1136E-01  6.7800E-01  5.3000E+01  0.0000E+00  0.0000E+00
  7.7868E+04  2.1176E-01  6.7800E-01  5.3000E+01  0.0000E+00  0.0000E+00
  7.7878E+04  2.1209E-01  6.7800E-01  5.3000E+01  0.0000E+00  0.0000E+00
  7.7888E+04  2.1240E-01  6.7800E-01  5.3000E+01  0.0000E+00  0.0000E+00
  7.7898E+04  2.1270E-01  6.7800E-01  5.3000E+01  0.0000E+00  0.0000E+00
  7.7908E+04  2.1301E-01  6.7800E-01  5.3000E+01  0.0000E+00  0.0000E+00
  7.7918E+04  2.1332E-01  6.7800E-01  5.3000E+01  0.0000E+00  0.0000E+00
  7.7928E+04  2.1366E-01  6.7800E-01  5.3000E+01  0.0000E+00  0.0000E+00
  7.7938E+04  2.1401E-01  6.7800E-01  5.3000E+01  0.0000E+00  0.0000E+00
  7.7948E+04  2.1432E-01  6.7800E-01  5.3000E+01  0.0000E+00  0.0000E+00
  7.7958E+04  2.1459E-01  6.7800E-01  5.3000E+01  0.0000E+00  0.0000E+00
  7.7968E+04  2.1484E-01  6.7800E-01  5.3000E+01  0.0000E+00  0.0000E+00
  7.7978E+04  2.1513E-01  6.7800E-01  5.3000E+01  0.0000E+00  0.0000E+00
  7.7988E+04  2.1544E-01  6.7800E-01  5.3000E+01  0.0000E+00  0.0000E+00
  7.7998E+04  2.1578E-01  6.7800E-01  5.3000E+01  0.0000E+00  0.0000E+00
  7.8008E+04  2.1616E-01  6.7800E-01  5.3000E+01  0.0000E+00  0.0000E+00
  7.8018E+04  2.1656E-01  6.7800E-01  5.3000E+01  0.0000E+00  0.0000E+00
  7.8028E+04  2.1698E-01  6.7800E-01  5.3000E+01  0.0000E+00  0.0000E+00
  7.8038E+04  2.1738E-01  6.7800E-01  5.3000E+01  0.0000E+00  0.0000E+00
  7.8048E+04  2.1777E-01  6.7800E-01  5.3000E+01  0.0000E+00  0.0000E+00
  7.8058E+04  2.1814E-01  6.7800E-01  5.3000E+01  0.0000E+00  0.0000E+00
  7.8068E+04  2.1852E-01  6.7800E-01  5.3000E+01  0.0000E+00  0.0000E+00
  7.8078E+04  2.1887E-01  6.7800E-01  5.3000E+01  0.0000E+00  0.0000E+00
  7.8088E+04  2.1924E-01  6.7800E-01  5.3000E+01  0.0000E+00  0.0000E+00
  7.8098E+04  2.1965E-01  6.7800E-01  5.3000E+01  0.0000E+00  0.0000E+00
  7.8108E+04  2.2005E-01  6.7800E-01  5.3000E+01  0.0000E+00  0.0000E+00
  7.8118E+04  2.2041E-01  6.7800E-01  5.3000E+01  0.0000E+00  0.0000E+00
  7.8128E+04  2.2071E-01  6.7800E-01  5.3000E+01  0.0000E+00  0.0000E+00
  7.8138E+04  2.2098E-01  6.7800E-01  5.3000E+01  0.0000E+00  0.0000E+00
  7.8148E+04  2.2130E-01  6.7800E-01  5.3000E+01  0.0000E+00  0.0000E+00
  7.8158E+04  2.2163E-01  6.7800E-01  5.3000E+01  0.0000E+00  0.0000E+00
  7.8168E+04  2.2190E-01  6.7800E-01  5.3000E+01  0.0000E+00  0.0000E+00
  7.8178E+04  2.2213E-01  6.7800E-01  5.3000E+01  0.0000E+00  0.0000E+00
  7.8188E+04  2.2237E-01  6.7800E-01  5.3000E+01  0.0000E+00  0.0000E+00
  7.8198E+04  2.2265E-01  6.7800E-01  5.3000E+01  0.0000E+00  0.0000E+00
  7.8208E+04  2.2299E-01  6.7800E-01  5.3000E+01  0.0000E+00  0.0000E+00
  7.8218E+04  2.2334E-01  6.7800E-01  5.3000E+01  0.0000E+00  0.0000E+00
  7.8228E+04  2.2360E-01  6.7800E-01  5.3000E+01  0.0000E+00  0.0000E+00
  7.8238E+04  2.2381E-01  6.7800E-01  5.3000E+01  0.0000E+00  0.0000E+00
  7.8248E+04  2.2407E-01  6.7800E-01  5.3000E+01  0.0000E+00  0.0000E+00
  7.8258E+04  2.2438E-01  6.7800E-01  5.3000E+01  0.0000E+00  0.0000E+00
  7.8268E+04  2.2471E-01  6.7800E-01  5.3000E+01  0.0000E+00  0.0000E+00
  7.8278E+04  2.2502E-01  6.7800E-01  5.3000E+01  0.0000E+00  0.0000E+00
  7.8288E+04  2.2533E-01  6.7800E-01  5.3000E+01  0.0000E+00  0.0000E+00
  7.8298E+04  2.2565E-01  6.7800E-01  5.3000E+01  0.0000E+00  0.0000E+00
  7.8308E+04  2.2601E-01  6.7800E-01  5.3000E+01  0.0000E+00  0.0000E+00
  7.8318E+04  2.2640E-01  6.7800E-01  5.3000E+01  0.0000E+00  0.0000E+00
  7.8328E+04  2.2672E-01  6.7800E-01  5.3000E+01  0.0000E+00  0.0000E+00
  7.8338E+04  2.2703E-01  6.7800E-01  5.3000E+01  0.0000E+00  0.0000E+00
  7.8348E+04  2.2740E-01  6.7800E-01  5.3000E+01  0.0000E+00  0.0000E+00
  7.8358E+04  2.2772E-01  6.7800E-01  5.3000E+01  0.0000E+00  0.0000E+00
  7.8368E+04  2.2802E-01  6.7800E-01  5.3000E+01  0.0000E+00  0.0000E+00
  7.8378E+04  2.2831E-01  6.7800E-01  5.3000E+01  0.0000E+00  0.0000E+00
  7.8388E+04  2.2856E-01  6.7800E-01  5.3000E+01  0.0000E+00  0.0000E+00
  7.8398E+04  2.2880E-01  6.7800E-01  5.3000E+01  0.0000E+00  0.0000E+00
  7.8408E+04  2.2904E-01  6.7800E-01  5.3000E+01  0.0000E+00  0.0000E+00
  7.8418E+04  2.2931E-01  6.7800E-01  5.3000E+01  0.0000E+00  0.0000E+00
  7.8428E+04  2.2956E-01  6.7800E-01  5.3000E+01  0.0000E+00  0.0000E+00
  7.8438E+04  2.2975E-01  6.7800E-01  5.3000E+01  0.0000E+00  0.0000E+00
  7.8448E+04  2.2994E-01  6.7800E-01  5.3000E+01  0.0000E+00  0.0000E+00
  7.8458E+04  2.3018E-01  6.7800E-01  5.3000E+01  0.0000E+00  0.0000E+00
  7.8468E+04  2.3047E-01  6.7800E-01  5.3000E+01  0.0000E+00  0.0000E+00
  7.8478E+04  2.3082E-01  6.7800E-01  5.3000E+01  0.0000E+00  0.0000E+00
  7.8488E+04  2.3111E-01  6.7800E-01  5.3000E+01  0.0000E+00  0.0000E+00
  7.8498E+04  2.3132E-01  6.7800E-01  5.3000E+01  0.0000E+00  0.0000E+00
  7.8508E+04  2.3151E-01  6.7800E-01  5.3000E+01  0.0000E+00  0.0000E+00
  7.8518E+04  2.3170E-01  6.7800E-01  5.3000E+01  0.0000E+00  0.0000E+00
  7.8528E+04  2.3193E-01  6.7800E-01  5.3000E+01  0.0000E+00  0.0000E+00
  7.8538E+04  2.3223E-01  6.7800E-01  5.3000E+01  0.0000E+00  0.0000E+00
  7.8548E+04  2.3259E-01  6.7800E-01  5.3000E+01  0.0000E+00  0.0000E+00
  7.8558E+04  2.3288E-01  6.7800E-01  5.3000E+01  0.0000E+00  0.0000E+00
  7.8568E+04  2.3312E-01  6.7800E-01  5.3000E+01  0.0000E+00  0.0000E+00
  7.8578E+04  2.3334E-01  6.7800E-01  5.3000E+01  0.0000E+00  0.0000E+00
  7.8588E+04  2.3355E-01  6.7800E-01  5.3000E+01  0.0000E+00  0.0000E+00
  7.8598E+04  2.3375E-01  6.7800E-01  5.3000E+01  0.0000E+00  0.0000E+00
  7.8608E+04  2.3397E-01  6.7800E-01  5.3000E+01  0.0000E+00  0.0000E+00
  7.8618E+04  2.3424E-01  6.7800E-01  5.3000E+01  0.0000E+00  0.0000E+00
  7.8628E+04  2.3459E-01  6.7800E-01  5.3000E+01  0.0000E+00  0.0000E+00
  7.8638E+04  2.3491E-01  6.7800E-01  5.3000E+01  0.0000E+00  0.0000E+00
  7.8648E+04  2.3522E-01  6.7800E-01  5.3000E+01  0.0000E+00  0.0000E+00
  7.8658E+04  2.3554E-01  6.7800E-01  5.3000E+01  0.0000E+00  0.0000E+00
  7.8668E+04  2.3585E-01  6.7800E-01  5.3000E+01  0.0000E+00  0.0000E+00
  7.8678E+04  2.3616E-01  6.7800E-01  5.3000E+01  0.0000E+00  0.0000E+00
  7.8688E+04  2.3644E-01  6.7800E-01  5.3000E+01  0.0000E+00  0.0000E+00
  7.8698E+04  2.3674E-01  6.7800E-01  5.3000E+01  0.0000E+00  0.0000E+00
  7.8708E+04  2.3700E-01  6.7800E-01  5.3000E+01  0.0000E+00  0.0000E+00
  7.8718E+04  2.3731E-01  6.7800E-01  5.3000E+01  0.0000E+00  0.0000E+00
  7.8728E+04  2.3761E-01  6.7800E-01  5.3000E+01  0.0000E+00  0.0000E+00
  7.8738E+04  2.3785E-01  6.7800E-01  5.3000E+01  0.0000E+00  0.0000E+00
  7.8748E+04  2.3807E-01  6.7800E-01  5.3000E+01  0.0000E+00  0.0000E+00
  7.8758E+04  2.3829E-01  6.7800E-01  5.3000E+01  0.0000E+00  0.0000E+00
  7.8768E+04  2.3857E-01  6.7800E-01  5.3000E+01  0.0000E+00  0.0000E+00
  7.8778E+04  2.3883E-01  6.7800E-01  5.3000E+01  0.0000E+00  0.0000E+00
  7.8788E+04  2.3908E-01  6.7800E-01  5.3000E+01  0.0000E+00  0.0000E+00
  7.8798E+04  2.3935E-01  6.7800E-01  5.3000E+01  0.0000E+00  0.0000E+00
  7.8808E+04  2.3960E-01  6.7800E-01  5.3000E+01  0.0000E+00  0.0000E+00
  7.8818E+04  2.3981E-01  6.7800E-01  5.3000E+01  0.0000E+00  0.0000E+00
  7.8828E+04  2.4005E-01  6.7800E-01  5.3000E+01  0.0000E+00  0.0000E+00
  7.8838E+04  2.4037E-01  6.7800E-01  5.3000E+01  0.0000E+00  0.0000E+00
  7.8848E+04  2.4071E-01  6.7800E-01  5.3000E+01  0.0000E+00  0.0000E+00
  7.8858E+04  2.4102E-01  6.7800E-01  5.3000E+01  0.0000E+00  0.0000E+00
  7.8868E+04  2.4128E-01  6.7800E-01  5.3000E+01  0.0000E+00  0.0000E+00
  7.8878E+04  2.4152E-01  6.7800E-01  5.3000E+01  0.0000E+00  0.0000E+00
  7.8888E+04  2.4180E-01  6.7800E-01  5.3000E+01  0.0000E+00  0.0000E+00
  7.8898E+04  2.4213E-01  6.7800E-01  5.3000E+01  0.0000E+00  0.0000E+00
  7.8908E+04  2.4240E-01  6.7800E-01  5.3000E+01  0.0000E+00  0.0000E+00
  7.8918E+04  2.4267E-01  6.7800E-01  5.3000E+01  0.0000E+00  0.0000E+00
  7.8928E+04  2.4297E-01  6.7800E-01  5.3000E+01  0.0000E+00  0.0000E+00
  7.8938E+04  2.4326E-01  6.7800E-01  5.3000E+01  0.0000E+00  0.0000E+00
  7.8948E+04  2.4355E-01  6.7800E-01  5.3000E+01  0.0000E+00  0.0000E+00
  7.8958E+04  2.4380E-01  6.7800E-01  5.3000E+01  0.0000E+00  0.0000E+00
  7.8968E+04  2.4404E-01  6.7800E-01  5.3000E+01  0.0000E+00  0.0000E+00
  7.8978E+04  2.4425E-01  6.7800E-01  5.3000E+01  0.0000E+00  0.0000E+00
  7.8988E+04  2.4444E-01  6.7800E-01  5.3000E+01  0.0000E+00  0.0000E+00
  7.8998E+04  2.4469E-01  6.7800E-01  5.3000E+01  0.0000E+00  0.0000E+00
  7.9008E+04  2.4497E-01  6.7800E-01  5.3000E+01  0.0000E+00  0.0000E+00
  7.9018E+04  2.4526E-01  6.7800E-01  5.3000E+01  0.0000E+00  0.0000E+00
  7.9028E+04  2.4554E-01  6.7800E-01  5.3000E+01  0.0000E+00  0.0000E+00
  7.9038E+04  2.4582E-01  6.7800E-01  5.3000E+01  0.0000E+00  0.0000E+00
  7.9048E+04  2.4607E-01  6.7800E-01  5.3000E+01  0.0000E+00  0.0000E+00
  7.9058E+04  2.4631E-01  6.7800E-01  5.3000E+01  0.0000E+00  0.0000E+00
  7.9068E+04  2.4652E-01  6.7800E-01  5.3000E+01  0.0000E+00  0.0000E+00
  7.9078E+04  2.4676E-01  6.7800E-01  5.3000E+01  0.0000E+00  0.0000E+00
  7.9088E+04  2.4698E-01  6.7800E-01  5.3000E+01  0.0000E+00  0.0000E+00
  7.9098E+04  2.4721E-01  6.7800E-01  5.3000E+01  0.0000E+00  0.0000E+00
  7.9108E+04  2.4747E-01  6.7800E-01  5.3000E+01  0.0000E+00  0.0000E+00
  7.9118E+04  2.4771E-01  6.7800E-01  5.3000E+01  0.0000E+00  0.0000E+00
  7.9128E+04  2.4794E-01  6.7800E-01  5.3000E+01  0.0000E+00  0.0000E+00
  7.9138E+04  2.4823E-01  6.7800E-01  5.3000E+01  0.0000E+00  0.0000E+00
  7.9148E+04  2.4846E-01  6.7800E-01  5.3000E+01  0.0000E+00  0.0000E+00
  7.9158E+04  2.4866E-01  6.7800E-01  5.3000E+01  0.0000E+00  0.0000E+00
  7.9168E+04  2.4888E-01  6.7800E-01  5.3000E+01  0.0000E+00  0.0000E+00
  7.9178E+04  2.4911E-01  6.7800E-01  5.3000E+01  0.0000E+00  0.0000E+00
  7.9188E+04  2.4932E-01  6.7800E-01  5.3000E+01  0.0000E+00  0.0000E+00
  7.9198E+04  2.4949E-01  6.7800E-01  5.3000E+01  0.0000E+00  0.0000E+00
  7.9208E+04  2.4967E-01  6.7800E-01  5.3000E+01  0.0000E+00  0.0000E+00
  7.9218E+04  2.4995E-01  6.7800E-01  5.3000E+01  0.0000E+00  0.0000E+00
  7.9228E+04  2.5022E-01  6.7800E-01  5.3000E+01  0.0000E+00  0.0000E+00
  7.9238E+04  2.5048E-01  6.7800E-01  5.3000E+01  0.0000E+00  0.0000E+00
  7.9248E+04  2.5075E-01  6.7800E-01  5.3000E+01  0.0000E+00  0.0000E+00
  7.9258E+04  2.5103E-01  6.7800E-01  5.3000E+01  0.0000E+00  0.0000E+00
  7.9268E+04  2.5129E-01  6.7800E-01  5.3000E+01  0.0000E+00  0.0000E+00
  7.9278E+04  2.5156E-01  6.7800E-01  5.3000E+01  0.0000E+00  0.0000E+00
  7.9288E+04  2.5183E-01  6.7800E-01  5.3000E+01  0.0000E+00  0.0000E+00
  7.9298E+04  2.5212E-01  6.7800E-01  5.3000E+01  0.0000E+00  0.0000E+00
  7.9308E+04  2.5242E-01  6.7800E-01  5.3000E+01  0.0000E+00  0.0000E+00
  7.9318E+04  2.5271E-01  6.7800E-01  5.3000E+01  0.0000E+00  0.0000E+00
  7.9328E+04  2.5302E-01  6.7800E-01  5.3000E+01  0.0000E+00  0.0000E+00
  7.9338E+04  2.5336E-01  6.7800E-01  5.3000E+01  0.0000E+00  0.0000E+00
  7.9348E+04  2.5366E-01  6.7800E-01  5.3000E+01  0.0000E+00  0.0000E+00
  7.9358E+04  2.5392E-01  6.7800E-01  5.3000E+01  0.0000E+00  0.0000E+00
  7.9368E+04  2.5420E-01  6.7800E-01  5.3000E+01  0.0000E+00  0.0000E+00
  7.9378E+04  2.5451E-01  6.7800E-01  5.3000E+01  0.0000E+00  0.0000E+00
  7.9388E+04  2.5474E-01  6.7800E-01  5.3000E+01  0.0000E+00  0.0000E+00
  7.9398E+04  2.5493E-01  6.7800E-01  5.3000E+01  0.0000E+00  0.0000E+00
  7.9408E+04  2.5515E-01  6.7800E-01  5.3000E+01  0.0000E+00  0.0000E+00
  7.9418E+04  2.5540E-01  6.7800E-01  5.3000E+01  0.0000E+00  0.0000E+00
  7.9428E+04  2.5567E-01  6.7800E-01  5.3000E+01  0.0000E+00  0.0000E+00
  7.9438E+04  2.5591E-01  6.7800E-01  5.3000E+01  0.0000E+00  0.0000E+00
  7.9448E+04  2.5614E-01  6.7800E-01  5.3000E+01  0.0000E+00  0.0000E+00
  7.9458E+04  2.5637E-01  6.7800E-01  5.3000E+01  0.0000E+00  0.0000E+00
  7.9468E+04  2.5655E-01  6.7800E-01  5.3000E+01  0.0000E+00  0.0000E+00
  7.9478E+04  2.5667E-01  6.7800E-01  5.3000E+01  0.0000E+00  0.0000E+00
  7.9488E+04  2.5674E-01  6.7800E-01  5.3000E+01  0.0000E+00  0.0000E+00
  7.9498E+04  2.5687E-01  6.7800E-01  5.3000E+01  0.0000E+00  0.0000E+00
  7.9508E+04  2.5703E-01  6.7800E-01  5.3000E+01  0.0000E+00  0.0000E+00
  7.9518E+04  2.5720E-01  6.7800E-01  5.3000E+01  0.0000E+00  0.0000E+00
  7.9528E+04  2.5732E-01  6.7800E-01  5.3000E+01  0.0000E+00  0.0000E+00
  7.9538E+04  2.5741E-01  6.7800E-01  5.3000E+01  0.0000E+00  0.0000E+00
  7.9548E+04  2.5752E-01  6.7800E-01  5.3000E+01  0.0000E+00  0.0000E+00
  7.9558E+04  2.5768E-01  6.7800E-01  5.3000E+01  0.0000E+00  0.0000E+00
  7.9568E+04  2.5789E-01  6.7800E-01  5.3000E+01  0.0000E+00  0.0000E+00
  7.9578E+04  2.5800E-01  6.7800E-01  5.3000E+01  0.0000E+00  0.0000E+00
  7.9588E+04  2.5811E-01  6.7800E-01  5.3000E+01  0.0000E+00  0.0000E+00
  7.9598E+04  2.5827E-01  6.7800E-01  5.3000E+01  0.0000E+00  0.0000E+00
  7.9608E+04  2.5850E-01  6.7800E-01  5.3000E+01  0.0000E+00  0.0000E+00
  7.9618E+04  2.5867E-01  6.7800E-01  5.3000E+01  0.0000E+00  0.0000E+00
  7.9628E+04  2.5879E-01  6.7800E-01  5.3000E+01  0.0000E+00  0.0000E+00
  7.9638E+04  2.5895E-01  6.7800E-01  5.3000E+01  0.0000E+00  0.0000E+00
  7.9648E+04  2.5921E-01  6.7800E-01  5.3000E+01  0.0000E+00  0.0000E+00
  7.9658E+04  2.5951E-01  6.7800E-01  5.3000E+01  0.0000E+00  0.0000E+00
  7.9668E+04  2.5972E-01  6.7800E-01  5.3000E+01  0.0000E+00  0.0000E+00
  7.9678E+04  2.5990E-01  6.7800E-01  5.3000E+01  0.0000E+00  0.0000E+00
  7.9688E+04  2.6012E-01  6.7800E-01  5.3000E+01  0.0000E+00  0.0000E+00
  7.9698E+04  2.6030E-01  6.7800E-01  5.3000E+01  0.0000E+00  0.0000E+00
  7.9708E+04  2.6047E-01  6.7800E-01  5.3000E+01  0.0000E+00  0.0000E+00
  7.9718E+04  2.6064E-01  6.7800E-01  5.3000E+01  0.0000E+00  0.0000E+00
  7.9728E+04  2.6081E-01  6.7800E-01  5.3000E+01  0.0000E+00  0.0000E+00
  7.9738E+04  2.6100E-01  6.7800E-01  5.3000E+01  0.0000E+00  0.0000E+00
  7.9748E+04  2.6114E-01  6.7800E-01  5.3000E+01  0.0000E+00  0.0000E+00
  7.9758E+04  2.6130E-01  6.7800E-01  5.3000E+01  0.0000E+00  0.0000E+00
  7.9768E+04  2.6153E-01  6.7800E-01  5.3000E+01  0.0000E+00  0.0000E+00
  7.9778E+04  2.6176E-01  6.7800E-01  5.3000E+01  0.0000E+00  0.0000E+00
  7.9788E+04  2.6200E-01  6.7800E-01  5.3000E+01  0.0000E+00  0.0000E+00
  7.9798E+04  2.6217E-01  6.7800E-01  5.3000E+01  0.0000E+00  0.0000E+00
  7.9808E+04  2.6226E-01  6.7800E-01  5.3000E+01  0.0000E+00  0.0000E+00
  7.9818E+04  2.6241E-01  6.7800E-01  5.3000E+01  0.0000E+00  0.0000E+00
  7.9828E+04  2.6264E-01  6.7800E-01  5.3000E+01  0.0000E+00  0.0000E+00
  7.9838E+04  2.6282E-01  6.7800E-01  5.3000E+01  0.0000E+00  0.0000E+00
  7.9848E+04  2.6291E-01  6.7800E-01  5.3000E+01  0.0000E+00  0.0000E+00
  7.9858E+04  2.6299E-01  6.7800E-01  5.3000E+01  0.0000E+00  0.0000E+00
  7.9868E+04  2.6310E-01  6.7800E-01  5.3000E+01  0.0000E+00  0.0000E+00
  7.9878E+04  2.6321E-01  6.7800E-01  5.3000E+01  0.0000E+00  0.0000E+00
  7.9888E+04  2.6332E-01  6.7800E-01  5.3000E+01  0.0000E+00  0.0000E+00
  7.9898E+04  2.6342E-01  6.7800E-01  5.3000E+01  0.0000E+00  0.0000E+00
  7.9908E+04  2.6353E-01  6.7800E-01  5.3000E+01  0.0000E+00  0.0000E+00
  7.9918E+04  2.6369E-01  6.7800E-01  5.3000E+01  0.0000E+00  0.0000E+00
  7.9928E+04  2.6392E-01  6.7800E-01  5.3000E+01  0.0000E+00  0.0000E+00
  7.9938E+04  2.6413E-01  6.7800E-01  5.3000E+01  0.0000E+00  0.0000E+00
  7.9948E+04  2.6427E-01  6.7800E-01  5.3000E+01  0.0000E+00  0.0000E+00
  7.9958E+04  2.6444E-01  6.7800E-01  5.3000E+01  0.0000E+00  0.0000E+00
  7.9968E+04  2.6463E-01  6.7800E-01  5.3000E+01  0.0000E+00  0.0000E+00
  7.9978E+04  2.6478E-01  6.7800E-01  5.3000E+01  0.0000E+00  0.0000E+00
  7.9988E+04  2.6499E-01  6.7800E-01  5.3000E+01  0.0000E+00  0.0000E+00
  7.9998E+04  2.6522E-01  6.7800E-01  5.3000E+01  0.0000E+00  0.0000E+00
  8.0008E+04  2.6542E-01  6.7800E-01  5.3000E+01  0.0000E+00  0.0000E+00
  8.0018E+04  2.6565E-01  6.7800E-01  5.3000E+01  0.0000E+00  0.0000E+00
  8.0028E+04  2.6585E-01  6.7800E-01  5.3000E+01  0.0000E+00  0.0000E+00
  8.0038E+04  2.6601E-01  6.7800E-01  5.3000E+01  0.0000E+00  0.0000E+00
  8.0048E+04  2.6624E-01  6.7800E-01  5.3000E+01  0.0000E+00  0.0000E+00
  8.0058E+04  2.6647E-01  6.7800E-01  5.3000E+01  0.0000E+00  0.0000E+00
  8.0068E+04  2.6665E-01  6.7800E-01  5.3000E+01  0.0000E+00  0.0000E+00
  8.0078E+04  2.6679E-01  6.7800E-01  5.3000E+01  0.0000E+00  0.0000E+00
  8.0088E+04  2.6692E-01  6.7800E-01  5.3000E+01  0.0000E+00  0.0000E+00
  8.0098E+04  2.6709E-01  6.7800E-01  5.3000E+01  0.0000E+00  0.0000E+00
  8.0108E+04  2.6730E-01  6.7800E-01  5.3000E+01  0.0000E+00  0.0000E+00
  8.0118E+04  2.6747E-01  6.7800E-01  5.3000E+01  0.0000E+00  0.0000E+00
  8.0128E+04  2.6758E-01  6.7800E-01  5.3000E+01  0.0000E+00  0.0000E+00
  8.0138E+04  2.6770E-01  6.7800E-01  5.3000E+01  0.0000E+00  0.0000E+00
  8.0148E+04  2.6782E-01  6.7800E-01  5.3000E+01  0.0000E+00  0.0000E+00
  8.0158E+04  2.6794E-01  6.7800E-01  5.3000E+01  0.0000E+00  0.0000E+00
  8.0168E+04  2.6814E-01  6.7800E-01  5.3000E+01  0.0000E+00  0.0000E+00
  8.0178E+04  2.6829E-01  6.7800E-01  5.3000E+01  0.0000E+00  0.0000E+00
  8.0188E+04  2.6843E-01  6.7800E-01  5.3000E+01  0.0000E+00  0.0000E+00
  8.0198E+04  2.6862E-01  6.7800E-01  5.3000E+01  0.0000E+00  0.0000E+00
  8.0208E+04  2.6884E-01  6.7800E-01  5.3000E+01  0.0000E+00  0.0000E+00
  8.0218E+04  2.6900E-01  6.7800E-01  5.3000E+01  0.0000E+00  0.0000E+00
  8.0228E+04  2.6915E-01  6.7800E-01  5.3000E+01  0.0000E+00  0.0000E+00
  8.0238E+04  2.6930E-01  6.7800E-01  5.3000E+01  0.0000E+00  0.0000E+00
  8.0248E+04  2.6953E-01  6.7800E-01  5.3000E+01  0.0000E+00  0.0000E+00
  8.0258E+04  2.6979E-01  6.7800E-01  5.3000E+01  0.0000E+00  0.0000E+00
  8.0268E+04  2.7008E-01  6.7800E-01  5.3000E+01  0.0000E+00  0.0000E+00
  8.0278E+04  2.7028E-01  6.7800E-01  5.3000E+01  0.0000E+00  0.0000E+00
  8.0288E+04  2.7048E-01  6.7800E-01  5.3000E+01  0.0000E+00  0.0000E+00
  8.0298E+04  2.7065E-01  6.7800E-01  5.3000E+01  0.0000E+00  0.0000E+00
  8.0308E+04  2.7078E-01  6.7800E-01  5.3000E+01  0.0000E+00  0.0000E+00
  8.0318E+04  2.7097E-01  6.7800E-01  5.3000E+01  0.0000E+00  0.0000E+00
  8.0328E+04  2.7120E-01  6.7800E-01  5.3000E+01  0.0000E+00  0.0000E+00
  8.0338E+04  2.7137E-01  6.7800E-01  5.3000E+01  0.0000E+00  0.0000E+00
  8.0348E+04  2.7149E-01  6.7800E-01  5.3000E+01  0.0000E+00  0.0000E+00
  8.0358E+04  2.7161E-01  6.7800E-01  5.3000E+01  0.0000E+00  0.0000E+00
  8.0368E+04  2.7178E-01  6.7800E-01  5.3000E+01  0.0000E+00  0.0000E+00
  8.0378E+04  2.7191E-01  6.7800E-01  5.3000E+01  0.0000E+00  0.0000E+00
  8.0388E+04  2.7206E-01  6.7800E-01  5.3000E+01  0.0000E+00  0.0000E+00
  8.0398E+04  2.7218E-01  6.7800E-01  5.3000E+01  0.0000E+00  0.0000E+00
  8.0408E+04  2.7231E-01  6.7800E-01  5.3000E+01  0.0000E+00  0.0000E+00
  8.0418E+04  2.7250E-01  6.7800E-01  5.3000E+01  0.0000E+00  0.0000E+00
  8.0428E+04  2.7272E-01  6.7800E-01  5.3000E+01  0.0000E+00  0.0000E+00
  8.0438E+04  2.7295E-01  6.7800E-01  5.3000E+01  0.0000E+00  0.0000E+00
  8.0448E+04  2.7310E-01  6.7800E-01  5.3000E+01  0.0000E+00  0.0000E+00
  8.0458E+04  2.7326E-01  6.7800E-01  5.3000E+01  0.0000E+00  0.0000E+00
  8.0468E+04  2.7343E-01  6.7800E-01  5.3000E+01  0.0000E+00  0.0000E+00
  8.0478E+04  2.7358E-01  6.7800E-01  5.3000E+01  0.0000E+00  0.0000E+00
  8.0488E+04  2.7374E-01  6.7800E-01  5.3000E+01  0.0000E+00  0.0000E+00
  8.0498E+04  2.7387E-01  6.7800E-01  5.3000E+01  0.0000E+00  0.0000E+00
  8.0508E+04  2.7403E-01  6.7800E-01  5.3000E+01  0.0000E+00  0.0000E+00
  8.0518E+04  2.7427E-01  6.7800E-01  5.3000E+01  0.0000E+00  0.0000E+00
  8.0528E+04  2.7454E-01  6.7800E-01  5.3000E+01  0.0000E+00  0.0000E+00
  8.0538E+04  2.7474E-01  6.7800E-01  5.3000E+01  0.0000E+00  0.0000E+00
  8.0548E+04  2.7493E-01  6.7800E-01  5.3000E+01  0.0000E+00  0.0000E+00
  8.0558E+04  2.7510E-01  6.7800E-01  5.3000E+01  0.0000E+00  0.0000E+00
  8.0568E+04  2.7519E-01  6.7800E-01  5.3000E+01  0.0000E+00  0.0000E+00
  8.0578E+04  2.7533E-01  6.7800E-01  5.3000E+01  0.0000E+00  0.0000E+00
  8.0588E+04  2.7549E-01  6.7800E-01  5.3000E+01  0.0000E+00  0.0000E+00
  8.0598E+04  2.7559E-01  6.7800E-01  5.3000E+01  0.0000E+00  0.0000E+00
  8.0608E+04  2.7567E-01  6.7800E-01  5.3000E+01  0.0000E+00  0.0000E+00
  8.0618E+04  2.7582E-01  6.7800E-01  5.3000E+01  0.0000E+00  0.0000E+00
  8.0628E+04  2.7603E-01  6.7800E-01  5.3000E+01  0.0000E+00  0.0000E+00
  8.0638E+04  2.7621E-01  6.7800E-01  5.3000E+01  0.0000E+00  0.0000E+00
  8.0648E+04  2.7629E-01  6.7800E-01  5.3000E+01  0.0000E+00  0.0000E+00
  8.0658E+04  2.7634E-01  6.7800E-01  5.3000E+01  0.0000E+00  0.0000E+00
  8.0668E+04  2.7649E-01  6.7800E-01  5.3000E+01  0.0000E+00  0.0000E+00
  8.0678E+04  2.7668E-01  6.7800E-01  5.3000E+01  0.0000E+00  0.0000E+00
  8.0688E+04  2.7681E-01  6.7800E-01  5.3000E+01  0.0000E+00  0.0000E+00
  8.0698E+04  2.7694E-01  6.7800E-01  5.3000E+01  0.0000E+00  0.0000E+00
  8.0708E+04  2.7706E-01  6.7800E-01  5.3000E+01  0.0000E+00  0.0000E+00
  8.0718E+04  2.7723E-01  6.7800E-01  5.3000E+01  0.0000E+00  0.0000E+00
  8.0728E+04  2.7736E-01  6.7800E-01  5.3000E+01  0.0000E+00  0.0000E+00
  8.0738E+04  2.7742E-01  6.7800E-01  5.3000E+01  0.0000E+00  0.0000E+00
  8.0748E+04  2.7747E-01  6.7800E-01  5.3000E+01  0.0000E+00  0.0000E+00
  8.0758E+04  2.7757E-01  6.7800E-01  5.3000E+01  0.0000E+00  0.0000E+00
  8.0768E+04  2.7774E-01  6.7800E-01  5.3000E+01  0.0000E+00  0.0000E+00
  8.0778E+04  2.7788E-01  6.7800E-01  5.3000E+01  0.0000E+00  0.0000E+00
  8.0788E+04  2.7802E-01  6.7800E-01  5.3000E+01  0.0000E+00  0.0000E+00
  8.0798E+04  2.7812E-01  6.7800E-01  5.3000E+01  0.0000E+00  0.0000E+00
  8.0808E+04  2.7821E-01  6.7800E-01  5.3000E+01  0.0000E+00  0.0000E+00
  8.0818E+04  2.7827E-01  6.7800E-01  5.3000E+01  0.0000E+00  0.0000E+00
  8.0828E+04  2.7836E-01  6.7800E-01  5.3000E+01  0.0000E+00  0.0000E+00
  8.0838E+04  2.7855E-01  6.7800E-01  5.3000E+01  0.0000E+00  0.0000E+00
  8.0848E+04  2.7872E-01  6.7800E-01  5.3000E+01  0.0000E+00  0.0000E+00
  8.0858E+04  2.7890E-01  6.7800E-01  5.3000E+01  0.0000E+00  0.0000E+00
  8.0868E+04  2.7901E-01  6.7800E-01  5.3000E+01  0.0000E+00  0.0000E+00
  8.0878E+04  2.7904E-01  6.7800E-01  5.3000E+01  0.0000E+00  0.0000E+00
  8.0888E+04  2.7909E-01  6.7800E-01  5.3000E+01  0.0000E+00  0.0000E+00
  8.0898E+04  2.7924E-01  6.7800E-01  5.3000E+01  0.0000E+00  0.0000E+00
  8.0908E+04  2.7942E-01  6.7800E-01  5.3000E+01  0.0000E+00  0.0000E+00
  8.0918E+04  2.7952E-01  6.7800E-01  5.3000E+01  0.0000E+00  0.0000E+00
  8.0928E+04  2.7963E-01  6.7800E-01  5.3000E+01  0.0000E+00  0.0000E+00
  8.0938E+04  2.7973E-01  6.7800E-01  5.3000E+01  0.0000E+00  0.0000E+00
  8.0948E+04  2.7982E-01  6.7800E-01  5.3000E+01  0.0000E+00  0.0000E+00
  8.0958E+04  2.7989E-01  6.7800E-01  5.3000E+01  0.0000E+00  0.0000E+00
  8.0968E+04  2.7994E-01  6.7800E-01  5.3000E+01  0.0000E+00  0.0000E+00
  8.0978E+04  2.7999E-01  6.7800E-01  5.3000E+01  0.0000E+00  0.0000E+00
  8.0988E+04  2.8002E-01  6.7800E-01  5.3000E+01  0.0000E+00  0.0000E+00
  8.0998E+04  2.8005E-01  6.7800E-01  5.3000E+01  0.0000E+00  0.0000E+00
  8.1008E+04  2.8015E-01  6.7800E-01  5.3000E+01  0.0000E+00  0.0000E+00
  8.1018E+04  2.8023E-01  6.7800E-01  5.3000E+01  0.0000E+00  0.0000E+00
  8.1028E+04  2.8028E-01  6.7800E-01  5.3000E+01  0.0000E+00  0.0000E+00
  8.1038E+04  2.8038E-01  6.7800E-01  5.3000E+01  0.0000E+00  0.0000E+00
  8.1048E+04  2.8050E-01  6.7800E-01  5.3000E+01  0.0000E+00  0.0000E+00
  8.1058E+04  2.8065E-01  6.7800E-01  5.3000E+01  0.0000E+00  0.0000E+00
  8.1068E+04  2.8082E-01  6.7800E-01  5.3000E+01  0.0000E+00  0.0000E+00
  8.1078E+04  2.8094E-01  6.7800E-01  5.3000E+01  0.0000E+00  0.0000E+00
  8.1088E+04  2.8100E-01  6.7800E-01  5.3000E+01  0.0000E+00  0.0000E+00
  8.1098E+04  2.8115E-01  6.7800E-01  5.3000E+01  0.0000E+00  0.0000E+00
  8.1108E+04  2.8134E-01  6.7800E-01  5.3000E+01  0.0000E+00  0.0000E+00
  8.1118E+04  2.8154E-01  6.7800E-01  5.3000E+01  0.0000E+00  0.0000E+00
  8.1128E+04  2.8170E-01  6.7800E-01  5.3000E+01  0.0000E+00  0.0000E+00
  8.1138E+04  2.8180E-01  6.7800E-01  5.3000E+01  0.0000E+00  0.0000E+00
  8.1148E+04  2.8194E-01  6.7800E-01  5.3000E+01  0.0000E+00  0.0000E+00
  8.1158E+04  2.8216E-01  6.7800E-01  5.3000E+01  0.0000E+00  0.0000E+00
  8.1168E+04  2.8232E-01  6.7800E-01  5.3000E+01  0.0000E+00  0.0000E+00
  8.1178E+04  2.8248E-01  6.7800E-01  5.3000E+01  0.0000E+00  0.0000E+00
  8.1188E+04  2.8269E-01  6.7800E-01  5.3000E+01  0.0000E+00  0.0000E+00
  8.1198E+04  2.8291E-01  6.7800E-01  5.3000E+01  0.0000E+00  0.0000E+00
  8.1208E+04  2.8309E-01  6.7800E-01  5.3000E+01  0.0000E+00  0.0000E+00
  8.1218E+04  2.8326E-01  6.7800E-01  5.3000E+01  0.0000E+00  0.0000E+00
  8.1228E+04  2.8346E-01  6.7800E-01  5.3000E+01  0.0000E+00  0.0000E+00
  8.1238E+04  2.8360E-01  6.7800E-01  5.3000E+01  0.0000E+00  0.0000E+00
  8.1248E+04  2.8377E-01  6.7800E-01  5.3000E+01  0.0000E+00  0.0000E+00
  8.1258E+04  2.8390E-01  6.7800E-01  5.3000E+01  0.0000E+00  0.0000E+00
  8.1268E+04  2.8404E-01  6.7800E-01  5.3000E+01  0.0000E+00  0.0000E+00
  8.1278E+04  2.8419E-01  6.7800E-01  5.3000E+01  0.0000E+00  0.0000E+00
  8.1288E+04  2.8437E-01  6.7800E-01  5.3000E+01  0.0000E+00  0.0000E+00
  8.1298E+04  2.8449E-01  6.7800E-01  5.3000E+01  0.0000E+00  0.0000E+00
  8.1308E+04  2.8457E-01  6.7800E-01  5.3000E+01  0.0000E+00  0.0000E+00
  8.1318E+04  2.8462E-01  6.7800E-01  5.3000E+01  0.0000E+00  0.0000E+00
  8.1328E+04  2.8470E-01  6.7800E-01  5.3000E+01  0.0000E+00  0.0000E+00
  8.1338E+04  2.8481E-01  6.7800E-01  5.3000E+01  0.0000E+00  0.0000E+00
  8.1348E+04  2.8495E-01  6.7800E-01  5.3000E+01  0.0000E+00  0.0000E+00
  8.1358E+04  2.8504E-01  6.7800E-01  5.3000E+01  0.0000E+00  0.0000E+00
  8.1368E+04  2.8509E-01  6.7800E-01  5.3000E+01  0.0000E+00  0.0000E+00
  8.1378E+04  2.8512E-01  6.7800E-01  5.3000E+01  0.0000E+00  0.0000E+00
  8.1388E+04  2.8517E-01  6.7800E-01  5.3000E+01  0.0000E+00  0.0000E+00
  8.1398E+04  2.8528E-01  6.7800E-01  5.3000E+01  0.0000E+00  0.0000E+00
  8.1408E+04  2.8543E-01  6.7800E-01  5.3000E+01  0.0000E+00  0.0000E+00
  8.1418E+04  2.8548E-01  6.7800E-01  5.3000E+01  0.0000E+00  0.0000E+00
  8.1428E+04  2.8552E-01  6.7800E-01  5.3000E+01  0.0000E+00  0.0000E+00
  8.1438E+04  2.8565E-01  6.7800E-01  5.3000E+01  0.0000E+00  0.0000E+00
  8.1448E+04  2.8582E-01  6.7800E-01  5.3000E+01  0.0000E+00  0.0000E+00
  8.1458E+04  2.8591E-01  6.7800E-01  5.3000E+01  0.0000E+00  0.0000E+00
  8.1468E+04  2.8594E-01  6.7800E-01  5.3000E+01  0.0000E+00  0.0000E+00
  8.1478E+04  2.8603E-01  6.7800E-01  5.3000E+01  0.0000E+00  0.0000E+00
  8.1488E+04  2.8614E-01  6.7800E-01  5.3000E+01  0.0000E+00  0.0000E+00
  8.1498E+04  2.8625E-01  6.7800E-01  5.3000E+01  0.0000E+00  0.0000E+00
  8.1508E+04  2.8636E-01  6.7800E-01  5.3000E+01  0.0000E+00  0.0000E+00
  8.1518E+04  2.8642E-01  6.7800E-01  5.3000E+01  0.0000E+00  0.0000E+00
  8.1528E+04  2.8652E-01  6.7800E-01  5.3000E+01  0.0000E+00  0.0000E+00
  8.1538E+04  2.8664E-01  6.7800E-01  5.3000E+01  0.0000E+00  0.0000E+00
  8.1548E+04  2.8676E-01  6.7800E-01  5.3000E+01  0.0000E+00  0.0000E+00
  8.1558E+04  2.8692E-01  6.7800E-01  5.3000E+01  0.0000E+00  0.0000E+00
  8.1568E+04  2.8710E-01  6.7800E-01  5.3000E+01  0.0000E+00  0.0000E+00
  8.1578E+04  2.8726E-01  6.7800E-01  5.3000E+01  0.0000E+00  0.0000E+00
  8.1588E+04  2.8743E-01  6.7800E-01  5.3000E+01  0.0000E+00  0.0000E+00
  8.1598E+04  2.8765E-01  6.7800E-01  5.3000E+01  0.0000E+00  0.0000E+00
  8.1608E+04  2.8782E-01  6.7800E-01  5.3000E+01  0.0000E+00  0.0000E+00
  8.1618E+04  2.8795E-01  6.7800E-01  5.3000E+01  0.0000E+00  0.0000E+00
  8.1628E+04  2.8808E-01  6.7800E-01  5.3000E+01  0.0000E+00  0.0000E+00
  8.1638E+04  2.8826E-01  6.7800E-01  5.3000E+01  0.0000E+00  0.0000E+00
  8.1648E+04  2.8843E-01  6.7800E-01  5.3000E+01  0.0000E+00  0.0000E+00
  8.1658E+04  2.8861E-01  6.7800E-01  5.3000E+01  0.0000E+00  0.0000E+00
  8.1668E+04  2.8873E-01  6.7800E-01  5.3000E+01  0.0000E+00  0.0000E+00
  8.1678E+04  2.8886E-01  6.7800E-01  5.3000E+01  0.0000E+00  0.0000E+00
  8.1688E+04  2.8899E-01  6.7800E-01  5.3000E+01  0.0000E+00  0.0000E+00
  8.1698E+04  2.8915E-01  6.7800E-01  5.3000E+01  0.0000E+00  0.0000E+00
  8.1708E+04  2.8934E-01  6.7800E-01  5.3000E+01  0.0000E+00  0.0000E+00
  8.1718E+04  2.8949E-01  6.7800E-01  5.3000E+01  0.0000E+00  0.0000E+00
  8.1728E+04  2.8959E-01  6.7800E-01  5.3000E+01  0.0000E+00  0.0000E+00
  8.1738E+04  2.8964E-01  6.7800E-01  5.3000E+01  0.0000E+00  0.0000E+00
  8.1748E+04  2.8975E-01  6.7800E-01  5.3000E+01  0.0000E+00  0.0000E+00
  8.1758E+04  2.8988E-01  6.7800E-01  5.3000E+01  0.0000E+00  0.0000E+00
  8.1768E+04  2.9002E-01  6.7800E-01  5.3000E+01  0.0000E+00  0.0000E+00
  8.1778E+04  2.9012E-01  6.7800E-01  5.3000E+01  0.0000E+00  0.0000E+00
  8.1788E+04  2.9022E-01  6.7800E-01  5.3000E+01  0.0000E+00  0.0000E+00
  8.1798E+04  2.9033E-01  6.7800E-01  5.3000E+01  0.0000E+00  0.0000E+00
  8.1808E+04  2.9043E-01  6.7800E-01  5.3000E+01  0.0000E+00  0.0000E+00
  8.1818E+04  2.9051E-01  6.7800E-01  5.3000E+01  0.0000E+00  0.0000E+00
  8.1828E+04  2.9063E-01  6.7800E-01  5.3000E+01  0.0000E+00  0.0000E+00
  8.1838E+04  2.9078E-01  6.7800E-01  5.3000E+01  0.0000E+00  0.0000E+00
  8.1848E+04  2.9087E-01  6.7800E-01  5.3000E+01  0.0000E+00  0.0000E+00
  8.1858E+04  2.9087E-01  6.7800E-01  5.3000E+01  0.0000E+00  0.0000E+00
  8.1868E+04  2.9091E-01  6.7800E-01  5.3000E+01  0.0000E+00  0.0000E+00
  8.1878E+04  2.9095E-01  6.7800E-01  5.3000E+01  0.0000E+00  0.0000E+00
  8.1888E+04  2.9100E-01  6.7800E-01  5.3000E+01  0.0000E+00  0.0000E+00
  8.1898E+04  2.9103E-01  6.7800E-01  5.3000E+01  0.0000E+00  0.0000E+00
  8.1908E+04  2.9112E-01  6.7800E-01  5.3000E+01  0.0000E+00  0.0000E+00
  8.1918E+04  2.9127E-01  6.7800E-01  5.3000E+01  0.0000E+00  0.0000E+00
  8.1928E+04  2.9137E-01  6.7800E-01  5.3000E+01  0.0000E+00  0.0000E+00
  8.1938E+04  2.9140E-01  6.7800E-01  5.3000E+01  0.0000E+00  0.0000E+00
  8.1948E+04  2.9138E-01  6.7800E-01  5.3000E+01  0.0000E+00  0.0000E+00
  8.1958E+04  2.9139E-01  6.7800E-01  5.3000E+01  0.0000E+00  0.0000E+00
  8.1968E+04  2.9141E-01  6.7800E-01  5.3000E+01  0.0000E+00  0.0000E+00
  8.1978E+04  2.9142E-01  6.7800E-01  5.3000E+01  0.0000E+00  0.0000E+00
  8.1988E+04  2.9149E-01  6.7800E-01  5.3000E+01  0.0000E+00  0.0000E+00
  8.1998E+04  2.9160E-01  6.7800E-01  5.3000E+01  0.0000E+00  0.0000E+00
  8.2008E+04  2.9170E-01  6.7800E-01  5.3000E+01  0.0000E+00  0.0000E+00
  8.2018E+04  2.9180E-01  6.7800E-01  5.3000E+01  0.0000E+00  0.0000E+00
  8.2028E+04  2.9187E-01  6.7800E-01  5.3000E+01  0.0000E+00  0.0000E+00
  8.2038E+04  2.9200E-01  6.7800E-01  5.3000E+01  0.0000E+00  0.0000E+00
  8.2048E+04  2.9213E-01  6.7800E-01  5.3000E+01  0.0000E+00  0.0000E+00
  8.2058E+04  2.9220E-01  6.7800E-01  5.3000E+01  0.0000E+00  0.0000E+00
  8.2068E+04  2.9218E-01  6.7800E-01  5.3000E+01  0.0000E+00  0.0000E+00
  8.2078E+04  2.9214E-01  6.7800E-01  5.3000E+01  0.0000E+00  0.0000E+00
  8.2088E+04  2.9216E-01  6.7800E-01  5.3000E+01  0.0000E+00  0.0000E+00
  8.2098E+04  2.9223E-01  6.7800E-01  5.3000E+01  0.0000E+00  0.0000E+00
  8.2108E+04  2.9234E-01  6.7800E-01  5.3000E+01  0.0000E+00  0.0000E+00
  8.2118E+04  2.9244E-01  6.7800E-01  5.3000E+01  0.0000E+00  0.0000E+00
  8.2128E+04  2.9254E-01  6.7800E-01  5.3000E+01  0.0000E+00  0.0000E+00
  8.2138E+04  2.9264E-01  6.7800E-01  5.3000E+01  0.0000E+00  0.0000E+00
  8.2148E+04  2.9267E-01  6.7800E-01  5.3000E+01  0.0000E+00  0.0000E+00
  8.2158E+04  2.9268E-01  6.7800E-01  5.3000E+01  0.0000E+00  0.0000E+00
  8.2168E+04  2.9271E-01  6.7800E-01  5.3000E+01  0.0000E+00  0.0000E+00
  8.2178E+04  2.9273E-01  6.7800E-01  5.3000E+01  0.0000E+00  0.0000E+00
  8.2188E+04  2.9283E-01  6.7800E-01  5.3000E+01  0.0000E+00  0.0000E+00
  8.2198E+04  2.9297E-01  6.7800E-01  5.3000E+01  0.0000E+00  0.0000E+00
  8.2208E+04  2.9310E-01  6.7800E-01  5.3000E+01  0.0000E+00  0.0000E+00
  8.2218E+04  2.9318E-01  6.7800E-01  5.3000E+01  0.0000E+00  0.0000E+00
  8.2228E+04  2.9318E-01  6.7800E-01  5.3000E+01  0.0000E+00  0.0000E+00
  8.2238E+04  2.9319E-01  6.7800E-01  5.3000E+01  0.0000E+00  0.0000E+00
  8.2248E+04  2.9330E-01  6.7800E-01  5.3000E+01  0.0000E+00  0.0000E+00
  8.2258E+04  2.9345E-01  6.7800E-01  5.3000E+01  0.0000E+00  0.0000E+00
  8.2268E+04  2.9364E-01  6.7800E-01  5.3000E+01  0.0000E+00  0.0000E+00
  8.2278E+04  2.9385E-01  6.7800E-01  5.3000E+01  0.0000E+00  0.0000E+00
  8.2288E+04  2.9402E-01  6.7800E-01  5.3000E+01  0.0000E+00  0.0000E+00
  8.2298E+04  2.9417E-01  6.7800E-01  5.3000E+01  0.0000E+00  0.0000E+00
  8.2308E+04  2.9434E-01  6.7800E-01  5.3000E+01  0.0000E+00  0.0000E+00
  8.2318E+04  2.9448E-01  6.7800E-01  5.3000E+01  0.0000E+00  0.0000E+00
  8.2328E+04  2.9457E-01  6.7800E-01  5.3000E+01  0.0000E+00  0.0000E+00
  8.2338E+04  2.9470E-01  6.7800E-01  5.3000E+01  0.0000E+00  0.0000E+00
  8.2348E+04  2.9490E-01  6.7800E-01  5.3000E+01  0.0000E+00  0.0000E+00
  8.2358E+04  2.9508E-01  6.7800E-01  5.3000E+01  0.0000E+00  0.0000E+00
  8.2368E+04  2.9522E-01  6.7800E-01  5.3000E+01  0.0000E+00  0.0000E+00
  8.2378E+04  2.9535E-01  6.7800E-01  5.3000E+01  0.0000E+00  0.0000E+00
  8.2388E+04  2.9552E-01  6.7800E-01  5.3000E+01  0.0000E+00  0.0000E+00
  8.2398E+04  2.9567E-01  6.7800E-01  5.3000E+01  0.0000E+00  0.0000E+00
  8.2408E+04  2.9578E-01  6.7800E-01  5.3000E+01  0.0000E+00  0.0000E+00
  8.2418E+04  2.9590E-01  6.7800E-01  5.3000E+01  0.0000E+00  0.0000E+00
  8.2428E+04  2.9600E-01  6.7800E-01  5.3000E+01  0.0000E+00  0.0000E+00
  8.2438E+04  2.9600E-01  6.7800E-01  5.3000E+01  0.0000E+00  0.0000E+00
  8.2448E+04  2.9609E-01  6.7800E-01  5.3000E+01  0.0000E+00  0.0000E+00
  8.2458E+04  2.9625E-01  6.7800E-01  5.3000E+01  0.0000E+00  0.0000E+00
  8.2468E+04  2.9639E-01  6.7800E-01  5.3000E+01  0.0000E+00  0.0000E+00
  8.2478E+04  2.9650E-01  6.7800E-01  5.3000E+01  0.0000E+00  0.0000E+00
  8.2488E+04  2.9660E-01  6.7800E-01  5.3000E+01  0.0000E+00  0.0000E+00
  8.2498E+04  2.9664E-01  6.7800E-01  5.3000E+01  0.0000E+00  0.0000E+00
  8.2508E+04  2.9667E-01  6.7800E-01  5.3000E+01  0.0000E+00  0.0000E+00
  8.2518E+04  2.9675E-01  6.7800E-01  5.3000E+01  0.0000E+00  0.0000E+00
  8.2528E+04  2.9687E-01  6.7800E-01  5.3000E+01  0.0000E+00  0.0000E+00
  8.2538E+04  2.9702E-01  6.7800E-01  5.3000E+01  0.0000E+00  0.0000E+00
  8.2548E+04  2.9710E-01  6.7800E-01  5.3000E+01  0.0000E+00  0.0000E+00
  8.2558E+04  2.9710E-01  6.7800E-01  5.3000E+01  0.0000E+00  0.0000E+00
  8.2568E+04  2.9716E-01  6.7800E-01  5.3000E+01  0.0000E+00  0.0000E+00
  8.2578E+04  2.9724E-01  6.7800E-01  5.3000E+01  0.0000E+00  0.0000E+00
  8.2588E+04  2.9728E-01  6.7800E-01  5.3000E+01  0.0000E+00  0.0000E+00
  8.2598E+04  2.9728E-01  6.7800E-01  5.3000E+01  0.0000E+00  0.0000E+00
  8.2608E+04  2.9726E-01  6.7800E-01  5.3000E+01  0.0000E+00  0.0000E+00
  8.2618E+04  2.9728E-01  6.7800E-01  5.3000E+01  0.0000E+00  0.0000E+00
  8.2628E+04  2.9730E-01  6.7800E-01  5.3000E+01  0.0000E+00  0.0000E+00
  8.2638E+04  2.9725E-01  6.7800E-01  5.3000E+01  0.0000E+00  0.0000E+00
  8.2648E+04  2.9714E-01  6.7800E-01  5.3000E+01  0.0000E+00  0.0000E+00
  8.2658E+04  2.9715E-01  6.7800E-01  5.3000E+01  0.0000E+00  0.0000E+00
  8.2668E+04  2.9721E-01  6.7800E-01  5.3000E+01  0.0000E+00  0.0000E+00
  8.2678E+04  2.9721E-01  6.7800E-01  5.3000E+01  0.0000E+00  0.0000E+00
  8.2688E+04  2.9726E-01  6.7800E-01  5.3000E+01  0.0000E+00  0.0000E+00
  8.2698E+04  2.9737E-01  6.7800E-01  5.3000E+01  0.0000E+00  0.0000E+00
  8.2708E+04  2.9745E-01  6.7800E-01  5.3000E+01  0.0000E+00  0.0000E+00
  8.2718E+04  2.9748E-01  6.7800E-01  5.3000E+01  0.0000E+00  0.0000E+00
  8.2728E+04  2.9749E-01  6.7800E-01  5.3000E+01  0.0000E+00  0.0000E+00
  8.2738E+04  2.9748E-01  6.7800E-01  5.3000E+01  0.0000E+00  0.0000E+00
  8.2748E+04  2.9750E-01  6.7800E-01  5.3000E+01  0.0000E+00  0.0000E+00
  8.2758E+04  2.9760E-01  6.7800E-01  5.3000E+01  0.0000E+00  0.0000E+00
  8.2768E+04  2.9776E-01  6.7800E-01  5.3000E+01  0.0000E+00  0.0000E+00
  8.2778E+04  2.9787E-01  6.7800E-01  5.3000E+01  0.0000E+00  0.0000E+00
  8.2788E+04  2.9790E-01  6.7800E-01  5.3000E+01  0.0000E+00  0.0000E+00
  8.2798E+04  2.9795E-01  6.7800E-01  5.3000E+01  0.0000E+00  0.0000E+00
  8.2808E+04  2.9802E-01  6.7800E-01  5.3000E+01  0.0000E+00  0.0000E+00
  8.2818E+04  2.9813E-01  6.7800E-01  5.3000E+01  0.0000E+00  0.0000E+00
  8.2828E+04  2.9823E-01  6.7800E-01  5.3000E+01  0.0000E+00  0.0000E+00
  8.2838E+04  2.9820E-01  6.7800E-01  5.3000E+01  0.0000E+00  0.0000E+00
  8.2848E+04  2.9831E-01  6.7800E-01  5.3000E+01  0.0000E+00  0.0000E+00
  8.2858E+04  2.9841E-01  6.7800E-01  5.3000E+01  0.0000E+00  0.0000E+00
  8.2868E+04  2.9852E-01  6.7800E-01  5.3000E+01  0.0000E+00  0.0000E+00
  8.2878E+04  2.9854E-01  6.7800E-01  5.3000E+01  0.0000E+00  0.0000E+00
  8.2888E+04  2.9850E-01  6.7800E-01  5.3000E+01  0.0000E+00  0.0000E+00
  8.2898E+04  2.9845E-01  6.7800E-01  5.3000E+01  0.0000E+00  0.0000E+00
  8.2908E+04  2.9840E-01  6.7800E-01  5.3000E+01  0.0000E+00  0.0000E+00
  8.2918E+04  2.9846E-01  6.7800E-01  5.3000E+01  0.0000E+00  0.0000E+00
  8.2928E+04  2.9847E-01  6.7800E-01  5.3000E+01  0.0000E+00  0.0000E+00
  8.2938E+04  2.9847E-01  6.7800E-01  5.3000E+01  0.0000E+00  0.0000E+00
  8.2948E+04  2.9841E-01  6.7800E-01  5.3000E+01  0.0000E+00  0.0000E+00
  8.2958E+04  2.9837E-01  6.7800E-01  5.3000E+01  0.0000E+00  0.0000E+00
  8.2968E+04  2.9843E-01  6.7800E-01  5.3000E+01  0.0000E+00  0.0000E+00
  8.2978E+04  2.9847E-01  6.7800E-01  5.3000E+01  0.0000E+00  0.0000E+00
  8.2988E+04  2.9849E-01  6.7800E-01  5.3000E+01  0.0000E+00  0.0000E+00
  8.2998E+04  2.9853E-01  6.7800E-01  5.3000E+01  0.0000E+00  0.0000E+00
  8.3008E+04  2.9862E-01  6.7800E-01  5.3000E+01  0.0000E+00  0.0000E+00
  8.3018E+04  2.9873E-01  6.7800E-01  5.3000E+01  0.0000E+00  0.0000E+00
  8.3028E+04  2.9879E-01  6.7800E-01  5.3000E+01  0.0000E+00  0.0000E+00
  8.3038E+04  2.9879E-01  6.7800E-01  5.3000E+01  0.0000E+00  0.0000E+00
  8.3048E+04  2.9879E-01  6.7800E-01  5.3000E+01  0.0000E+00  0.0000E+00
  8.3058E+04  2.9885E-01  6.7800E-01  5.3000E+01  0.0000E+00  0.0000E+00
  8.3068E+04  2.9897E-01  6.7800E-01  5.3000E+01  0.0000E+00  0.0000E+00
  8.3078E+04  2.9908E-01  6.7800E-01  5.3000E+01  0.0000E+00  0.0000E+00
  8.3088E+04  2.9914E-01  6.7800E-01  5.3000E+01  0.0000E+00  0.0000E+00
  8.3098E+04  2.9927E-01  6.7800E-01  5.3000E+01  0.0000E+00  0.0000E+00
  8.3108E+04  2.9946E-01  6.7800E-01  5.3000E+01  0.0000E+00  0.0000E+00
  8.3118E+04  2.9965E-01  6.7800E-01  5.3000E+01  0.0000E+00  0.0000E+00
  8.3128E+04  2.9981E-01  6.7800E-01  5.3000E+01  0.0000E+00  0.0000E+00
  8.3138E+04  2.9991E-01  6.7800E-01  5.3000E+01  0.0000E+00  0.0000E+00
  8.3148E+04  2.9995E-01  6.7800E-01  5.3000E+01  0.0000E+00  0.0000E+00
  8.3158E+04  2.9988E-01  6.7800E-01  5.3000E+01  0.0000E+00  0.0000E+00
  8.3168E+04  3.0001E-01  6.7800E-01  5.3000E+01  0.0000E+00  0.0000E+00
  8.3178E+04  3.0007E-01  6.7800E-01  5.3000E+01  0.0000E+00  0.0000E+00
  8.3188E+04  3.0020E-01  6.7800E-01  5.3000E+01  0.0000E+00  0.0000E+00
  8.3198E+04  3.0040E-01  6.7800E-01  5.3000E+01  0.0000E+00  0.0000E+00
  8.3208E+04  3.0060E-01  6.7800E-01  5.3000E+01  0.0000E+00  0.0000E+00
  8.3218E+04  3.0072E-01  6.7800E-01  5.3000E+01  0.0000E+00  0.0000E+00
  8.3228E+04  3.0083E-01  6.7800E-01  5.3000E+01  0.0000E+00  0.0000E+00
  8.3238E+04  3.0098E-01  6.7800E-01  5.3000E+01  0.0000E+00  0.0000E+00
  8.3248E+04  3.0117E-01  6.7800E-01  5.3000E+01  0.0000E+00  0.0000E+00
  8.3258E+04  3.0128E-01  6.7800E-01  5.3000E+01  0.0000E+00  0.0000E+00
  8.3268E+04  3.0131E-01  6.7800E-01  5.3000E+01  0.0000E+00  0.0000E+00
  8.3278E+04  3.0136E-01  6.7800E-01  5.3000E+01  0.0000E+00  0.0000E+00
  8.3288E+04  3.0151E-01  6.7800E-01  5.3000E+01  0.0000E+00  0.0000E+00
  8.3298E+04  3.0170E-01  6.7800E-01  5.3000E+01  0.0000E+00  0.0000E+00
  8.3308E+04  3.0177E-01  6.7800E-01  5.3000E+01  0.0000E+00  0.0000E+00
  8.3318E+04  3.0176E-01  6.7800E-01  5.3000E+01  0.0000E+00  0.0000E+00
  8.3328E+04  3.0174E-01  6.7800E-01  5.3000E+01  0.0000E+00  0.0000E+00
  8.3338E+04  3.0181E-01  6.7800E-01  5.3000E+01  0.0000E+00  0.0000E+00
  8.3348E+04  3.0188E-01  6.7800E-01  5.3000E+01  0.0000E+00  0.0000E+00
  8.3358E+04  3.0192E-01  6.7800E-01  5.3000E+01  0.0000E+00  0.0000E+00
  8.3368E+04  3.0189E-01  6.7800E-01  5.3000E+01  0.0000E+00  0.0000E+00
  8.3378E+04  3.0191E-01  6.7800E-01  5.3000E+01  0.0000E+00  0.0000E+00
  8.3388E+04  3.0187E-01  6.7800E-01  5.3000E+01  0.0000E+00  0.0000E+00
  8.3398E+04  3.0184E-01  6.7800E-01  5.3000E+01  0.0000E+00  0.0000E+00
  8.3408E+04  3.0181E-01  6.7800E-01  5.3000E+01  0.0000E+00  0.0000E+00
  8.3418E+04  3.0179E-01  6.7800E-01  5.3000E+01  0.0000E+00  0.0000E+00
  8.3428E+04  3.0177E-01  6.7800E-01  5.3000E+01  0.0000E+00  0.0000E+00
  8.3438E+04  3.0175E-01  6.7800E-01  5.3000E+01  0.0000E+00  0.0000E+00
  8.3448E+04  3.0179E-01  6.7800E-01  5.3000E+01  0.0000E+00  0.0000E+00
  8.3458E+04  3.0180E-01  6.7800E-01  5.3000E+01  0.0000E+00  0.0000E+00
  8.3468E+04  3.0171E-01  6.7800E-01  5.3000E+01  0.0000E+00  0.0000E+00
  8.3478E+04  3.0166E-01  6.7800E-01  5.3000E+01  0.0000E+00  0.0000E+00
  8.3488E+04  3.0167E-01  6.7800E-01  5.3000E+01  0.0000E+00  0.0000E+00
  8.3498E+04  3.0173E-01  6.7800E-01  5.3000E+01  0.0000E+00  0.0000E+00
  8.3508E+04  3.0180E-01  6.7800E-01  5.3000E+01  0.0000E+00  0.0000E+00
  8.3518E+04  3.0181E-01  6.7800E-01  5.3000E+01  0.0000E+00  0.0000E+00
  8.3528E+04  3.0177E-01  6.7800E-01  5.3000E+01  0.0000E+00  0.0000E+00
  8.3538E+04  3.0174E-01  6.7800E-01  5.3000E+01  0.0000E+00  0.0000E+00
  8.3548E+04  3.0170E-01  6.7800E-01  5.3000E+01  0.0000E+00  0.0000E+00
  8.3558E+04  3.0173E-01  6.7800E-01  5.3000E+01  0.0000E+00  0.0000E+00
  8.3568E+04  3.0178E-01  6.7800E-01  5.3000E+01  0.0000E+00  0.0000E+00
  8.3578E+04  3.0179E-01  6.7800E-01  5.3000E+01  0.0000E+00  0.0000E+00
  8.3588E+04  3.0183E-01  6.7800E-01  5.3000E+01  0.0000E+00  0.0000E+00
  8.3598E+04  3.0188E-01  6.7800E-01  5.3000E+01  0.0000E+00  0.0000E+00
  8.3608E+04  3.0187E-01  6.7800E-01  5.3000E+01  0.0000E+00  0.0000E+00
  8.3618E+04  3.0180E-01  6.7800E-01  5.3000E+01  0.0000E+00  0.0000E+00
  8.3628E+04  3.0171E-01  6.7800E-01  5.3000E+01  0.0000E+00  0.0000E+00
  8.3638E+04  3.0165E-01  6.7800E-01  5.3000E+01  0.0000E+00  0.0000E+00
  8.3648E+04  3.0161E-01  6.7800E-01  5.3000E+01  0.0000E+00  0.0000E+00
  8.3658E+04  3.0159E-01  6.7800E-01  5.3000E+01  0.0000E+00  0.0000E+00
  8.3668E+04  3.0152E-01  6.7800E-01  5.3000E+01  0.0000E+00  0.0000E+00
  8.3678E+04  3.0151E-01  6.7800E-01  5.3000E+01  0.0000E+00  0.0000E+00
  8.3688E+04  3.0151E-01  6.7800E-01  5.3000E+01  0.0000E+00  0.0000E+00
  8.3698E+04  3.0146E-01  6.7800E-01  5.3000E+01  0.0000E+00  0.0000E+00
  8.3708E+04  3.0143E-01  6.7800E-01  5.3000E+01  0.0000E+00  0.0000E+00
  8.3718E+04  3.0144E-01  6.7800E-01  5.3000E+01  0.0000E+00  0.0000E+00
  8.3728E+04  3.0147E-01  6.7800E-01  5.3000E+01  0.0000E+00  0.0000E+00
  8.3738E+04  3.0147E-01  6.7800E-01  5.3000E+01  0.0000E+00  0.0000E+00
  8.3748E+04  3.0144E-01  6.7800E-01  5.3000E+01  0.0000E+00  0.0000E+00
  8.3758E+04  3.0148E-01  6.7800E-01  5.3000E+01  0.0000E+00  0.0000E+00
  8.3768E+04  3.0149E-01  6.7800E-01  5.3000E+01  0.0000E+00  0.0000E+00
  8.3778E+04  3.0149E-01  6.7800E-01  5.3000E+01  0.0000E+00  0.0000E+00
  8.3788E+04  3.0149E-01  6.7800E-01  5.3000E+01  0.0000E+00  0.0000E+00
  8.3798E+04  3.0146E-01  6.7800E-01  5.3000E+01  0.0000E+00  0.0000E+00
  8.3808E+04  3.0151E-01  6.7800E-01  5.3000E+01  0.0000E+00  0.0000E+00
  8.3818E+04  3.0156E-01  6.7800E-01  5.3000E+01  0.0000E+00  0.0000E+00
  8.3828E+04  3.0159E-01  6.7800E-01  5.3000E+01  0.0000E+00  0.0000E+00
  8.3838E+04  3.0163E-01  6.7800E-01  5.3000E+01  0.0000E+00  0.0000E+00
  8.3848E+04  3.0169E-01  6.7800E-01  5.3000E+01  0.0000E+00  0.0000E+00
  8.3858E+04  3.0176E-01  6.7800E-01  5.3000E+01  0.0000E+00  0.0000E+00
  8.3868E+04  3.0179E-01  6.7800E-01  5.3000E+01  0.0000E+00  0.0000E+00
  8.3878E+04  3.0182E-01  6.7800E-01  5.3000E+01  0.0000E+00  0.0000E+00
  8.3888E+04  3.0191E-01  6.7800E-01  5.3000E+01  0.0000E+00  0.0000E+00
  8.3898E+04  3.0197E-01  6.7800E-01  5.3000E+01  0.0000E+00  0.0000E+00
  8.3908E+04  3.0201E-01  6.7800E-01  5.3000E+01  0.0000E+00  0.0000E+00
  8.3918E+04  3.0209E-01  6.7800E-01  5.3000E+01  0.0000E+00  0.0000E+00
  8.3928E+04  3.0222E-01  6.7800E-01  5.3000E+01  0.0000E+00  0.0000E+00
  8.3938E+04  3.0227E-01  6.7800E-01  5.3000E+01  0.0000E+00  0.0000E+00
  8.3948E+04  3.0232E-01  6.7800E-01  5.3000E+01  0.0000E+00  0.0000E+00
  8.3958E+04  3.0245E-01  6.7800E-01  5.3000E+01  0.0000E+00  0.0000E+00
  8.3968E+04  3.0257E-01  6.7800E-01  5.3000E+01  0.0000E+00  0.0000E+00
  8.3978E+04  3.0272E-01  6.7800E-01  5.3000E+01  0.0000E+00  0.0000E+00
  8.3988E+04  3.0284E-01  6.7800E-01  5.3000E+01  0.0000E+00  0.0000E+00
  8.3998E+04  3.0293E-01  6.7800E-01  5.3000E+01  0.0000E+00  0.0000E+00
  8.4008E+04  3.0305E-01  6.7800E-01  5.3000E+01  0.0000E+00  0.0000E+00
  8.4018E+04  3.0317E-01  6.7800E-01  5.3000E+01  0.0000E+00  0.0000E+00
  8.4028E+04  3.0320E-01  6.7800E-01  5.3000E+01  0.0000E+00  0.0000E+00
  8.4038E+04  3.0319E-01  6.7800E-01  5.3000E+01  0.0000E+00  0.0000E+00
  8.4048E+04  3.0320E-01  6.7800E-01  5.3000E+01  0.0000E+00  0.0000E+00
  8.4058E+04  3.0320E-01  6.7800E-01  5.3000E+01  0.0000E+00  0.0000E+00
  8.4068E+04  3.0314E-01  6.7800E-01  5.3000E+01  0.0000E+00  0.0000E+00
  8.4078E+04  3.0306E-01  6.7800E-01  5.3000E+01  0.0000E+00  0.0000E+00
  8.4088E+04  3.0301E-01  6.7800E-01  5.3000E+01  0.0000E+00  0.0000E+00
  8.4098E+04  3.0306E-01  6.7800E-01  5.3000E+01  0.0000E+00  0.0000E+00
  8.4108E+04  3.0314E-01  6.7800E-01  5.3000E+01  0.0000E+00  0.0000E+00
  8.4118E+04  3.0323E-01  6.7800E-01  5.3000E+01  0.0000E+00  0.0000E+00
  8.4128E+04  3.0326E-01  6.7800E-01  5.3000E+01  0.0000E+00  0.0000E+00
  8.4138E+04  3.0320E-01  6.7800E-01  5.3000E+01  0.0000E+00  0.0000E+00
  8.4148E+04  3.0318E-01  6.7800E-01  5.3000E+01  0.0000E+00  0.0000E+00
  8.4158E+04  3.0326E-01  6.7800E-01  5.3000E+01  0.0000E+00  0.0000E+00
  8.4168E+04  3.0332E-01  6.7800E-01  5.3000E+01  0.0000E+00  0.0000E+00
  8.4178E+04  3.0330E-01  6.7800E-01  5.3000E+01  0.0000E+00  0.0000E+00
  8.4188E+04  3.0330E-01  6.7800E-01  5.3000E+01  0.0000E+00  0.0000E+00
  8.4198E+04  3.0328E-01  6.7800E-01  5.3000E+01  0.0000E+00  0.0000E+00
  8.4208E+04  3.0329E-01  6.7800E-01  5.3000E+01  0.0000E+00  0.0000E+00
  8.4218E+04  3.0336E-01  6.7800E-01  5.3000E+01  0.0000E+00  0.0000E+00
  8.4228E+04  3.0343E-01  6.7800E-01  5.3000E+01  0.0000E+00  0.0000E+00
  8.4238E+04  3.0352E-01  6.7800E-01  5.3000E+01  0.0000E+00  0.0000E+00
  8.4248E+04  3.0362E-01  6.7800E-01  5.3000E+01  0.0000E+00  0.0000E+00
  8.4258E+04  3.0374E-01  6.7800E-01  5.3000E+01  0.0000E+00  0.0000E+00
  8.4268E+04  3.0390E-01  6.7800E-01  5.3000E+01  0.0000E+00  0.0000E+00
  8.4278E+04  3.0398E-01  6.7800E-01  5.3000E+01  0.0000E+00  0.0000E+00
  8.4288E+04  3.0405E-01  6.7800E-01  5.3000E+01  0.0000E+00  0.0000E+00
  8.4298E+04  3.0412E-01  6.7800E-01  5.3000E+01  0.0000E+00  0.0000E+00
  8.4308E+04  3.0416E-01  6.7800E-01  5.3000E+01  0.0000E+00  0.0000E+00
  8.4318E+04  3.0426E-01  6.7800E-01  5.3000E+01  0.0000E+00  0.0000E+00
  8.4328E+04  3.0441E-01  6.7800E-01  5.3000E+01  0.0000E+00  0.0000E+00
  8.4338E+04  3.0455E-01  6.7800E-01  5.3000E+01  0.0000E+00  0.0000E+00
  8.4348E+04  3.0467E-01  6.7800E-01  5.3000E+01  0.0000E+00  0.0000E+00
  8.4358E+04  3.0479E-01  6.7800E-01  5.3000E+01  0.0000E+00  0.0000E+00
  8.4368E+04  3.0491E-01  6.7800E-01  5.3000E+01  0.0000E+00  0.0000E+00
  8.4378E+04  3.0503E-01  6.7800E-01  5.3000E+01  0.0000E+00  0.0000E+00
  8.4388E+04  3.0518E-01  6.7800E-01  5.3000E+01  0.0000E+00  0.0000E+00
  8.4398E+04  3.0528E-01  6.7800E-01  5.3000E+01  0.0000E+00  0.0000E+00
  8.4408E+04  3.0541E-01  6.7800E-01  5.3000E+01  0.0000E+00  0.0000E+00
  8.4418E+04  3.0554E-01  6.7800E-01  5.3000E+01  0.0000E+00  0.0000E+00
  8.4428E+04  3.0567E-01  6.7800E-01  5.3000E+01  0.0000E+00  0.0000E+00
  8.4438E+04  3.0574E-01  6.7800E-01  5.3000E+01  0.0000E+00  0.0000E+00
  8.4448E+04  3.0573E-01  6.7800E-01  5.3000E+01  0.0000E+00  0.0000E+00
  8.4458E+04  3.0577E-01  6.7800E-01  5.3000E+01  0.0000E+00  0.0000E+00
  8.4468E+04  3.0590E-01  6.7800E-01  5.3000E+01  0.0000E+00  0.0000E+00
  8.4478E+04  3.0603E-01  6.7800E-01  5.3000E+01  0.0000E+00  0.0000E+00
  8.4488E+04  3.0612E-01  6.7800E-01  5.3000E+01  0.0000E+00  0.0000E+00
  8.4498E+04  3.0623E-01  6.7800E-01  5.3000E+01  0.0000E+00  0.0000E+00
  8.4508E+04  3.0636E-01  6.7800E-01  5.3000E+01  0.0000E+00  0.0000E+00
  8.4518E+04  3.0643E-01  6.7800E-01  5.3000E+01  0.0000E+00  0.0000E+00
  8.4528E+04  3.0642E-01  6.7800E-01  5.3000E+01  0.0000E+00  0.0000E+00
  8.4538E+04  3.0636E-01  6.7800E-01  5.3000E+01  0.0000E+00  0.0000E+00
  8.4548E+04  3.0631E-01  6.7800E-01  5.3000E+01  0.0000E+00  0.0000E+00
  8.4558E+04  3.0622E-01  6.7800E-01  5.3000E+01  0.0000E+00  0.0000E+00
  8.4568E+04  3.0613E-01  6.7800E-01  5.3000E+01  0.0000E+00  0.0000E+00
  8.4578E+04  3.0611E-01  6.7800E-01  5.3000E+01  0.0000E+00  0.0000E+00
  8.4588E+04  3.0620E-01  6.7800E-01  5.3000E+01  0.0000E+00  0.0000E+00
  8.4598E+04  3.0617E-01  6.7800E-01  5.3000E+01  0.0000E+00  0.0000E+00
  8.4608E+04  3.0616E-01  6.7800E-01  5.3000E+01  0.0000E+00  0.0000E+00
  8.4618E+04  3.0623E-01  6.7800E-01  5.3000E+01  0.0000E+00  0.0000E+00
  8.4628E+04  3.0629E-01  6.7800E-01  5.3000E+01  0.0000E+00  0.0000E+00
  8.4638E+04  3.0626E-01  6.7800E-01  5.3000E+01  0.0000E+00  0.0000E+00
  8.4648E+04  3.0617E-01  6.7800E-01  5.3000E+01  0.0000E+00  0.0000E+00
  8.4658E+04  3.0607E-01  6.7800E-01  5.3000E+01  0.0000E+00  0.0000E+00
  8.4668E+04  3.0603E-01  6.7800E-01  5.3000E+01  0.0000E+00  0.0000E+00
  8.4678E+04  3.0611E-01  6.7800E-01  5.3000E+01  0.0000E+00  0.0000E+00
  8.4688E+04  3.0621E-01  6.7800E-01  5.3000E+01  0.0000E+00  0.0000E+00
  8.4698E+04  3.0634E-01  6.7800E-01  5.3000E+01  0.0000E+00  0.0000E+00
  8.4708E+04  3.0646E-01  6.7800E-01  5.3000E+01  0.0000E+00  0.0000E+00
  8.4718E+04  3.0656E-01  6.7800E-01  5.3000E+01  0.0000E+00  0.0000E+00
  8.4728E+04  3.0661E-01  6.7800E-01  5.3000E+01  0.0000E+00  0.0000E+00
  8.4738E+04  3.0667E-01  6.7800E-01  5.3000E+01  0.0000E+00  0.0000E+00
  8.4748E+04  3.0675E-01  6.7800E-01  5.3000E+01  0.0000E+00  0.0000E+00
  8.4758E+04  3.0678E-01  6.7800E-01  5.3000E+01  0.0000E+00  0.0000E+00
  8.4768E+04  3.0682E-01  6.7800E-01  5.3000E+01  0.0000E+00  0.0000E+00
  8.4778E+04  3.0682E-01  6.7800E-01  5.3000E+01  0.0000E+00  0.0000E+00
  8.4788E+04  3.0685E-01  6.7800E-01  5.3000E+01  0.0000E+00  0.0000E+00
  8.4798E+04  3.0689E-01  6.7800E-01  5.3000E+01  0.0000E+00  0.0000E+00
  8.4808E+04  3.0696E-01  6.7800E-01  5.3000E+01  0.0000E+00  0.0000E+00
  8.4818E+04  3.0695E-01  6.7800E-01  5.3000E+01  0.0000E+00  0.0000E+00
  8.4828E+04  3.0691E-01  6.7800E-01  5.3000E+01  0.0000E+00  0.0000E+00
  8.4838E+04  3.0695E-01  6.7800E-01  5.3000E+01  0.0000E+00  0.0000E+00
  8.4848E+04  3.0702E-01  6.7800E-01  5.3000E+01  0.0000E+00  0.0000E+00
  8.4858E+04  3.0705E-01  6.7800E-01  5.3000E+01  0.0000E+00  0.0000E+00
  8.4868E+04  3.0703E-01  6.7800E-01  5.3000E+01  0.0000E+00  0.0000E+00
  8.4878E+04  3.0707E-01  6.7800E-01  5.3000E+01  0.0000E+00  0.0000E+00
  8.4888E+04  3.0708E-01  6.7800E-01  5.3000E+01  0.0000E+00  0.0000E+00
  8.4898E+04  3.0713E-01  6.7800E-01  5.3000E+01  0.0000E+00  0.0000E+00
  8.4908E+04  3.0717E-01  6.7800E-01  5.3000E+01  0.0000E+00  0.0000E+00
  8.4918E+04  3.0711E-01  6.7800E-01  5.3000E+01  0.0000E+00  0.0000E+00
  8.4928E+04  3.0706E-01  6.7800E-01  5.3000E+01  0.0000E+00  0.0000E+00
  8.4938E+04  3.0707E-01  6.7800E-01  5.3000E+01  0.0000E+00  0.0000E+00
  8.4948E+04  3.0712E-01  6.7800E-01  5.3000E+01  0.0000E+00  0.0000E+00
  8.4958E+04  3.0714E-01  6.7800E-01  5.3000E+01  0.0000E+00  0.0000E+00
  8.4968E+04  3.0717E-01  6.7800E-01  5.3000E+01  0.0000E+00  0.0000E+00
  8.4978E+04  3.0724E-01  6.7800E-01  5.3000E+01  0.0000E+00  0.0000E+00
  8.4988E+04  3.0737E-01  6.7800E-01  5.3000E+01  0.0000E+00  0.0000E+00
  8.4998E+04  3.0749E-01  6.7800E-01  5.3000E+01  0.0000E+00  0.0000E+00
  8.5008E+04  3.0751E-01  6.7800E-01  5.3000E+01  0.0000E+00  0.0000E+00
  8.5018E+04  3.0746E-01  6.7800E-01  5.3000E+01  0.0000E+00  0.0000E+00
  8.5028E+04  3.0750E-01  6.7800E-01  5.3000E+01  0.0000E+00  0.0000E+00
  8.5038E+04  3.0761E-01  6.7800E-01  5.3000E+01  0.0000E+00  0.0000E+00
  8.5048E+04  3.0777E-01  6.7800E-01  5.3000E+01  0.0000E+00  0.0000E+00
  8.5058E+04  3.0787E-01  6.7800E-01  5.3000E+01  0.0000E+00  0.0000E+00
  8.5068E+04  3.0790E-01  6.7800E-01  5.3000E+01  0.0000E+00  0.0000E+00
  8.5078E+04  3.0796E-01  6.7800E-01  5.3000E+01  0.0000E+00  0.0000E+00
  8.5088E+04  3.0800E-01  6.7800E-01  5.3000E+01  0.0000E+00  0.0000E+00
  8.5098E+04  3.0795E-01  6.7800E-01  5.3000E+01  0.0000E+00  0.0000E+00
  8.5108E+04  3.0798E-01  6.7800E-01  5.3000E+01  0.0000E+00  0.0000E+00
  8.5118E+04  3.0807E-01  6.7800E-01  5.3000E+01  0.0000E+00  0.0000E+00
  8.5128E+04  3.0814E-01  6.7800E-01  5.3000E+01  0.0000E+00  0.0000E+00
  8.5138E+04  3.0819E-01  6.7800E-01  5.3000E+01  0.0000E+00  0.0000E+00
  8.5148E+04  3.0818E-01  6.7800E-01  5.3000E+01  0.0000E+00  0.0000E+00
  8.5158E+04  3.0823E-01  6.7800E-01  5.3000E+01  0.0000E+00  0.0000E+00
  8.5168E+04  3.0828E-01  6.7800E-01  5.3000E+01  0.0000E+00  0.0000E+00
  8.5178E+04  3.0832E-01  6.7800E-01  5.3000E+01  0.0000E+00  0.0000E+00
  8.5188E+04  3.0833E-01  6.7800E-01  5.3000E+01  0.0000E+00  0.0000E+00
  8.5198E+04  3.0828E-01  6.7800E-01  5.3000E+01  0.0000E+00  0.0000E+00
  8.5208E+04  3.0825E-01  6.7800E-01  5.3000E+01  0.0000E+00  0.0000E+00
  8.5218E+04  3.0827E-01  6.7800E-01  5.3000E+01  0.0000E+00  0.0000E+00
  8.5228E+04  3.0835E-01  6.7800E-01  5.3000E+01  0.0000E+00  0.0000E+00
  8.5238E+04  3.0847E-01  6.7800E-01  5.3000E+01  0.0000E+00  0.0000E+00
  8.5248E+04  3.0859E-01  6.7800E-01  5.3000E+01  0.0000E+00  0.0000E+00
  8.5258E+04  3.0873E-01  6.7800E-01  5.3000E+01  0.0000E+00  0.0000E+00
  8.5268E+04  3.0885E-01  6.7800E-01  5.3000E+01  0.0000E+00  0.0000E+00
  8.5278E+04  3.0897E-01  6.7800E-01  5.3000E+01  0.0000E+00  0.0000E+00
  8.5288E+04  3.0907E-01  6.7800E-01  5.3000E+01  0.0000E+00  0.0000E+00
  8.5298E+04  3.0916E-01  6.7800E-01  5.3000E+01  0.0000E+00  0.0000E+00
  8.5308E+04  3.0922E-01  6.7800E-01  5.3000E+01  0.0000E+00  0.0000E+00
  8.5318E+04  3.0930E-01  6.7800E-01  5.3000E+01  0.0000E+00  0.0000E+00
  8.5328E+04  3.0938E-01  6.7800E-01  5.3000E+01  0.0000E+00  0.0000E+00
  8.5338E+04  3.0946E-01  6.7800E-01  5.3000E+01  0.0000E+00  0.0000E+00
  8.5348E+04  3.0952E-01  6.7800E-01  5.3000E+01  0.0000E+00  0.0000E+00
  8.5358E+04  3.0952E-01  6.7800E-01  5.3000E+01  0.0000E+00  0.0000E+00
  8.5368E+04  3.0960E-01  6.7800E-01  5.3000E+01  0.0000E+00  0.0000E+00
  8.5378E+04  3.0970E-01  6.7800E-01  5.3000E+01  0.0000E+00  0.0000E+00
  8.5388E+04  3.0979E-01  6.7800E-01  5.3000E+01  0.0000E+00  0.0000E+00
  8.5398E+04  3.0988E-01  6.7800E-01  5.3000E+01  0.0000E+00  0.0000E+00
  8.5408E+04  3.0994E-01  6.7800E-01  5.3000E+01  0.0000E+00  0.0000E+00
  8.5418E+04  3.1001E-01  6.7800E-01  5.3000E+01  0.0000E+00  0.0000E+00
  8.5428E+04  3.1002E-01  6.7800E-01  5.3000E+01  0.0000E+00  0.0000E+00
  8.5438E+04  3.1002E-01  6.7800E-01  5.3000E+01  0.0000E+00  0.0000E+00
  8.5448E+04  3.1008E-01  6.7800E-01  5.3000E+01  0.0000E+00  0.0000E+00
  8.5458E+04  3.1013E-01  6.7800E-01  5.3000E+01  0.0000E+00  0.0000E+00
  8.5468E+04  3.1019E-01  6.7800E-01  5.3000E+01  0.0000E+00  0.0000E+00
  8.5478E+04  3.1020E-01  6.7800E-01  5.3000E+01  0.0000E+00  0.0000E+00
  8.5488E+04  3.1027E-01  6.7800E-01  5.3000E+01  0.0000E+00  0.0000E+00
  8.5498E+04  3.1037E-01  6.7800E-01  5.3000E+01  0.0000E+00  0.0000E+00
  8.5508E+04  3.1051E-01  6.7800E-01  5.3000E+01  0.0000E+00  0.0000E+00
  8.5518E+04  3.1066E-01  6.7800E-01  5.3000E+01  0.0000E+00  0.0000E+00
  8.5528E+04  3.1077E-01  6.7800E-01  5.3000E+01  0.0000E+00  0.0000E+00
  8.5538E+04  3.1087E-01  6.7800E-01  5.3000E+01  0.0000E+00  0.0000E+00
  8.5548E+04  3.1092E-01  6.7800E-01  5.3000E+01  0.0000E+00  0.0000E+00
  8.5558E+04  3.1088E-01  6.7800E-01  5.3000E+01  0.0000E+00  0.0000E+00
  8.5568E+04  3.1082E-01  6.7800E-01  5.3000E+01  0.0000E+00  0.0000E+00
  8.5578E+04  3.1078E-01  6.7800E-01  5.3000E+01  0.0000E+00  0.0000E+00
  8.5588E+04  3.1080E-01  6.7800E-01  5.3000E+01  0.0000E+00  0.0000E+00
  8.5598E+04  3.1085E-01  6.7800E-01  5.3000E+01  0.0000E+00  0.0000E+00
  8.5608E+04  3.1089E-01  6.7800E-01  5.3000E+01  0.0000E+00  0.0000E+00
  8.5618E+04  3.1091E-01  6.7800E-01  5.3000E+01  0.0000E+00  0.0000E+00
  8.5628E+04  3.1091E-01  6.7800E-01  5.3000E+01  0.0000E+00  0.0000E+00
  8.5638E+04  3.1087E-01  6.7800E-01  5.3000E+01  0.0000E+00  0.0000E+00
  8.5648E+04  3.1086E-01  6.7800E-01  5.3000E+01  0.0000E+00  0.0000E+00
  8.5658E+04  3.1091E-01  6.7800E-01  5.3000E+01  0.0000E+00  0.0000E+00
  8.5668E+04  3.1096E-01  6.7800E-01  5.3000E+01  0.0000E+00  0.0000E+00
  8.5678E+04  3.1101E-01  6.7800E-01  5.3000E+01  0.0000E+00  0.0000E+00
  8.5688E+04  3.1103E-01  6.7800E-01  5.3000E+01  0.0000E+00  0.0000E+00
  8.5698E+04  3.1106E-01  6.7800E-01  5.3000E+01  0.0000E+00  0.0000E+00
  8.5708E+04  3.1109E-01  6.7800E-01  5.3000E+01  0.0000E+00  0.0000E+00
  8.5718E+04  3.1114E-01  6.7800E-01  5.3000E+01  0.0000E+00  0.0000E+00
  8.5728E+04  3.1116E-01  6.7800E-01  5.3000E+01  0.0000E+00  0.0000E+00
  8.5738E+04  3.1123E-01  6.7800E-01  5.3000E+01  0.0000E+00  0.0000E+00
  8.5748E+04  3.1139E-01  6.7800E-01  5.3000E+01  0.0000E+00  0.0000E+00
  8.5758E+04  3.1157E-01  6.7800E-01  5.3000E+01  0.0000E+00  0.0000E+00
  8.5768E+04  3.1176E-01  6.7800E-01  5.3000E+01  0.0000E+00  0.0000E+00
  8.5778E+04  3.1186E-01  6.7800E-01  5.3000E+01  0.0000E+00  0.0000E+00
  8.5788E+04  3.1196E-01  6.7800E-01  5.3000E+01  0.0000E+00  0.0000E+00
  8.5798E+04  3.1207E-01  6.7800E-01  5.3000E+01  0.0000E+00  0.0000E+00
  8.5808E+04  3.1219E-01  6.7800E-01  5.3000E+01  0.0000E+00  0.0000E+00
  8.5818E+04  3.1235E-01  6.7800E-01  5.3000E+01  0.0000E+00  0.0000E+00
  8.5828E+04  3.1249E-01  6.7800E-01  5.3000E+01  0.0000E+00  0.0000E+00
  8.5838E+04  3.1266E-01  6.7800E-01  5.3000E+01  0.0000E+00  0.0000E+00
  8.5848E+04  3.1284E-01  6.7800E-01  5.3000E+01  0.0000E+00  0.0000E+00
  8.5858E+04  3.1296E-01  6.7800E-01  5.3000E+01  0.0000E+00  0.0000E+00
  8.5868E+04  3.1305E-01  6.7800E-01  5.3000E+01  0.0000E+00  0.0000E+00
  8.5878E+04  3.1313E-01  6.7800E-01  5.3000E+01  0.0000E+00  0.0000E+00
  8.5888E+04  3.1323E-01  6.7800E-01  5.3000E+01  0.0000E+00  0.0000E+00
  8.5898E+04  3.1329E-01  6.7800E-01  5.3000E+01  0.0000E+00  0.0000E+00
  8.5908E+04  3.1330E-01  6.7800E-01  5.3000E+01  0.0000E+00  0.0000E+00
  8.5918E+04  3.1337E-01  6.7800E-01  5.3000E+01  0.0000E+00  0.0000E+00
  8.5928E+04  3.1351E-01  6.7800E-01  5.3000E+01  0.0000E+00  0.0000E+00
  8.5938E+04  3.1366E-01  6.7800E-01  5.3000E+01  0.0000E+00  0.0000E+00
  8.5948E+04  3.1378E-01  6.7800E-01  5.3000E+01  0.0000E+00  0.0000E+00
  8.5958E+04  3.1390E-01  6.7800E-01  5.3000E+01  0.0000E+00  0.0000E+00
  8.5968E+04  3.1404E-01  6.7800E-01  5.3000E+01  0.0000E+00  0.0000E+00
  8.5978E+04  3.1416E-01  6.7800E-01  5.3000E+01  0.0000E+00  0.0000E+00
  8.5988E+04  3.1425E-01  6.7800E-01  5.3000E+01  0.0000E+00  0.0000E+00
  8.5998E+04  3.1442E-01  6.7800E-01  5.3000E+01  0.0000E+00  0.0000E+00
  8.6008E+04  3.1463E-01  6.7800E-01  5.3000E+01  0.0000E+00  0.0000E+00
  8.6018E+04  3.1479E-01  6.7800E-01  5.3000E+01  0.0000E+00  0.0000E+00
  8.6028E+04  3.1496E-01  6.7800E-01  5.3000E+01  0.0000E+00  0.0000E+00
  8.6038E+04  3.1517E-01  6.7800E-01  5.3000E+01  0.0000E+00  0.0000E+00
  8.6048E+04  3.1531E-01  6.7800E-01  5.3000E+01  0.0000E+00  0.0000E+00
  8.6058E+04  3.1541E-01  6.7800E-01  5.3000E+01  0.0000E+00  0.0000E+00
  8.6068E+04  3.1554E-01  6.7800E-01  5.3000E+01  0.0000E+00  0.0000E+00
  8.6078E+04  3.1570E-01  6.7800E-01  5.3000E+01  0.0000E+00  0.0000E+00
  8.6088E+04  3.1582E-01  6.7800E-01  5.3000E+01  0.0000E+00  0.0000E+00
  8.6098E+04  3.1586E-01  6.7800E-01  5.3000E+01  0.0000E+00  0.0000E+00
  8.6108E+04  3.1597E-01  6.7800E-01  5.3000E+01  0.0000E+00  0.0000E+00
  8.6118E+04  3.1611E-01  6.7800E-01  5.3000E+01  0.0000E+00  0.0000E+00
  8.6128E+04  3.1628E-01  6.7800E-01  5.3000E+01  0.0000E+00  0.0000E+00
  8.6138E+04  3.1634E-01  6.7800E-01  5.3000E+01  0.0000E+00  0.0000E+00
  8.6148E+04  3.1639E-01  6.7800E-01  5.3000E+01  0.0000E+00  0.0000E+00
  8.6158E+04  3.1651E-01  6.7800E-01  5.3000E+01  0.0000E+00  0.0000E+00
  8.6168E+04  3.1668E-01  6.7800E-01  5.3000E+01  0.0000E+00  0.0000E+00
  8.6178E+04  3.1678E-01  6.7800E-01  5.3000E+01  0.0000E+00  0.0000E+00
  8.6188E+04  3.1684E-01  6.7800E-01  5.3000E+01  0.0000E+00  0.0000E+00
  8.6198E+04  3.1691E-01  6.7800E-01  5.3000E+01  0.0000E+00  0.0000E+00
  8.6208E+04  3.1700E-01  6.7800E-01  5.3000E+01  0.0000E+00  0.0000E+00
  8.6218E+04  3.1713E-01  6.7800E-01  5.3000E+01  0.0000E+00  0.0000E+00
  8.6228E+04  3.1717E-01  6.7800E-01  5.3000E+01  0.0000E+00  0.0000E+00
  8.6238E+04  3.1726E-01  6.7800E-01  5.3000E+01  0.0000E+00  0.0000E+00
  8.6248E+04  3.1732E-01  6.7800E-01  5.3000E+01  0.0000E+00  0.0000E+00
  8.6258E+04  3.1743E-01  6.7800E-01  5.3000E+01  0.0000E+00  0.0000E+00
  8.6268E+04  3.1753E-01  6.7800E-01  5.3000E+01  0.0000E+00  0.0000E+00
  8.6278E+04  3.1759E-01  6.7800E-01  5.3000E+01  0.0000E+00  0.0000E+00
  8.6288E+04  3.1763E-01  6.7800E-01  5.3000E+01  0.0000E+00  0.0000E+00
  8.6298E+04  3.1766E-01  6.7800E-01  5.3000E+01  0.0000E+00  0.0000E+00
  8.6308E+04  3.1772E-01  6.7800E-01  5.3000E+01  0.0000E+00  0.0000E+00
  8.6318E+04  3.1786E-01  6.7800E-01  5.3000E+01  0.0000E+00  0.0000E+00
  8.6328E+04  3.1797E-01  6.7800E-01  5.3000E+01  0.0000E+00  0.0000E+00
  8.6338E+04  3.1806E-01  6.7800E-01  5.3000E+01  0.0000E+00  0.0000E+00
  8.6348E+04  3.1817E-01  6.7800E-01  5.3000E+01  0.0000E+00  0.0000E+00
  8.6358E+04  3.1829E-01  6.7800E-01  5.3000E+01  0.0000E+00  0.0000E+00
  8.6368E+04  3.1841E-01  6.7800E-01  5.3000E+01  0.0000E+00  0.0000E+00
  8.6378E+04  3.1846E-01  6.7800E-01  5.3000E+01  0.0000E+00  0.0000E+00
  8.6388E+04  3.1849E-01  6.7800E-01  5.3000E+01  0.0000E+00  0.0000E+00
  8.6398E+04  3.1851E-01  6.7800E-01  5.3000E+01  0.0000E+00  0.0000E+00
  8.6408E+04  3.1861E-01  6.7800E-01  5.3000E+01  0.0000E+00  0.0000E+00
  8.6418E+04  3.1876E-01  6.7800E-01  5.3000E+01  0.0000E+00  0.0000E+00
  8.6428E+04  3.1888E-01  6.7800E-01  5.3000E+01  0.0000E+00  0.0000E+00
  8.6438E+04  3.1895E-01  6.7800E-01  5.3000E+01  0.0000E+00  0.0000E+00
  8.6448E+04  3.1907E-01  6.7800E-01  5.3000E+01  0.0000E+00  0.0000E+00
  8.6458E+04  3.1915E-01  6.7800E-01  5.3000E+01  0.0000E+00  0.0000E+00
  8.6468E+04  3.1919E-01  6.7800E-01  5.3000E+01  0.0000E+00  0.0000E+00
  8.6478E+04  3.1922E-01  6.7800E-01  5.3000E+01  0.0000E+00  0.0000E+00
  8.6488E+04  3.1932E-01  6.7800E-01  5.3000E+01  0.0000E+00  0.0000E+00
  8.6498E+04  3.1943E-01  6.7800E-01  5.3000E+01  0.0000E+00  0.0000E+00
  8.6508E+04  3.1957E-01  6.7800E-01  5.3000E+01  0.0000E+00  0.0000E+00
  8.6518E+04  3.1978E-01  6.7800E-01  5.3000E+01  0.0000E+00  0.0000E+00
  8.6528E+04  3.1993E-01  6.7800E-01  5.3000E+01  0.0000E+00  0.0000E+00
  8.6538E+04  3.2001E-01  6.7800E-01  5.3000E+01  0.0000E+00  0.0000E+00
  8.6548E+04  3.2013E-01  6.7800E-01  5.3000E+01  0.0000E+00  0.0000E+00
  8.6558E+04  3.2029E-01  6.7800E-01  5.3000E+01  0.0000E+00  0.0000E+00
  8.6568E+04  3.2048E-01  6.7800E-01  5.3000E+01  0.0000E+00  0.0000E+00
  8.6578E+04  3.2065E-01  6.7800E-01  5.3000E+01  0.0000E+00  0.0000E+00
  8.6588E+04  3.2083E-01  6.7800E-01  5.3000E+01  0.0000E+00  0.0000E+00
  8.6598E+04  3.2103E-01  6.7800E-01  5.3000E+01  0.0000E+00  0.0000E+00
  8.6608E+04  3.2124E-01  6.7800E-01  5.3000E+01  0.0000E+00  0.0000E+00
  8.6618E+04  3.2147E-01  6.7800E-01  5.3000E+01  0.0000E+00  0.0000E+00
  8.6628E+04  3.2166E-01  6.7800E-01  5.3000E+01  0.0000E+00  0.0000E+00
  8.6638E+04  3.2176E-01  6.7800E-01  5.3000E+01  0.0000E+00  0.0000E+00
  8.6648E+04  3.2190E-01  6.7800E-01  5.3000E+01  0.0000E+00  0.0000E+00
  8.6658E+04  3.2208E-01  6.7800E-01  5.3000E+01  0.0000E+00  0.0000E+00
  8.6668E+04  3.2229E-01  6.7800E-01  5.3000E+01  0.0000E+00  0.0000E+00
  8.6678E+04  3.2245E-01  6.7800E-01  5.3000E+01  0.0000E+00  0.0000E+00
  8.6688E+04  3.2254E-01  6.7800E-01  5.3000E+01  0.0000E+00  0.0000E+00
  8.6698E+04  3.2269E-01  6.7800E-01  5.3000E+01  0.0000E+00  0.0000E+00
  8.6708E+04  3.2286E-01  6.7800E-01  5.3000E+01  0.0000E+00  0.0000E+00
  8.6718E+04  3.2296E-01  6.7800E-01  5.3000E+01  0.0000E+00  0.0000E+00
  8.6728E+04  3.2309E-01  6.7800E-01  5.3000E+01  0.0000E+00  0.0000E+00
  8.6738E+04  3.2322E-01  6.7800E-01  5.3000E+01  0.0000E+00  0.0000E+00
  8.6748E+04  3.2334E-01  6.7800E-01  5.3000E+01  0.0000E+00  0.0000E+00
  8.6758E+04  3.2350E-01  6.7800E-01  5.3000E+01  0.0000E+00  0.0000E+00
  8.6768E+04  3.2373E-01  6.7800E-01  5.3000E+01  0.0000E+00  0.0000E+00
  8.6778E+04  3.2389E-01  6.7800E-01  5.3000E+01  0.0000E+00  0.0000E+00
  8.6788E+04  3.2404E-01  6.7800E-01  5.3000E+01  0.0000E+00  0.0000E+00
  8.6798E+04  3.2416E-01  6.7800E-01  5.3000E+01  0.0000E+00  0.0000E+00
  8.6808E+04  3.2424E-01  6.7800E-01  5.3000E+01  0.0000E+00  0.0000E+00
  8.6818E+04  3.2429E-01  6.7800E-01  5.3000E+01  0.0000E+00  0.0000E+00
  8.6828E+04  3.2430E-01  6.7800E-01  5.3000E+01  0.0000E+00  0.0000E+00
  8.6838E+04  3.2438E-01  6.7800E-01  5.3000E+01  0.0000E+00  0.0000E+00
  8.6848E+04  3.2451E-01  6.7800E-01  5.3000E+01  0.0000E+00  0.0000E+00
  8.6858E+04  3.2462E-01  6.7800E-01  5.3000E+01  0.0000E+00  0.0000E+00
  8.6868E+04  3.2478E-01  6.7800E-01  5.3000E+01  0.0000E+00  0.0000E+00
  8.6878E+04  3.2494E-01  6.7800E-01  5.3000E+01  0.0000E+00  0.0000E+00
  8.6888E+04  3.2500E-01  6.7800E-01  5.3000E+01  0.0000E+00  0.0000E+00
  8.6898E+04  3.2509E-01  6.7800E-01  5.3000E+01  0.0000E+00  0.0000E+00
  8.6908E+04  3.2520E-01  6.7800E-01  5.3000E+01  0.0000E+00  0.0000E+00
  8.6918E+04  3.2534E-01  6.7800E-01  5.3000E+01  0.0000E+00  0.0000E+00
  8.6928E+04  3.2550E-01  6.7800E-01  5.3000E+01  0.0000E+00  0.0000E+00
  8.6938E+04  3.2574E-01  6.7800E-01  5.3000E+01  0.0000E+00  0.0000E+00
  8.6948E+04  3.2594E-01  6.7800E-01  5.3000E+01  0.0000E+00  0.0000E+00
  8.6958E+04  3.2614E-01  6.7800E-01  5.3000E+01  0.0000E+00  0.0000E+00
  8.6968E+04  3.2637E-01  6.7800E-01  5.3000E+01  0.0000E+00  0.0000E+00
  8.6978E+04  3.2665E-01  6.7800E-01  5.3000E+01  0.0000E+00  0.0000E+00
  8.6988E+04  3.2693E-01  6.7800E-01  5.3000E+01  0.0000E+00  0.0000E+00
  8.6998E+04  3.2712E-01  6.7800E-01  5.3000E+01  0.0000E+00  0.0000E+00
  8.7008E+04  3.2730E-01  6.7800E-01  5.3000E+01  0.0000E+00  0.0000E+00
  8.7018E+04  3.2748E-01  6.7800E-01  5.3000E+01  0.0000E+00  0.0000E+00
  8.7028E+04  3.2764E-01  6.7800E-01  5.3000E+01  0.0000E+00  0.0000E+00
  8.7038E+04  3.2780E-01  6.7800E-01  5.3000E+01  0.0000E+00  0.0000E+00
  8.7048E+04  3.2806E-01  6.7800E-01  5.3000E+01  0.0000E+00  0.0000E+00
  8.7058E+04  3.2825E-01  6.7800E-01  5.3000E+01  0.0000E+00  0.0000E+00
  8.7068E+04  3.2842E-01  6.7800E-01  5.3000E+01  0.0000E+00  0.0000E+00
  8.7078E+04  3.2858E-01  6.7800E-01  5.3000E+01  0.0000E+00  0.0000E+00
  8.7088E+04  3.2871E-01  6.7800E-01  5.3000E+01  0.0000E+00  0.0000E+00
  8.7098E+04  3.2888E-01  6.7800E-01  5.3000E+01  0.0000E+00  0.0000E+00
  8.7108E+04  3.2908E-01  6.7800E-01  5.3000E+01  0.0000E+00  0.0000E+00
  8.7118E+04  3.2921E-01  6.7800E-01  5.3000E+01  0.0000E+00  0.0000E+00
  8.7128E+04  3.2926E-01  6.7800E-01  5.3000E+01  0.0000E+00  0.0000E+00
  8.7138E+04  3.2932E-01  6.7800E-01  5.3000E+01  0.0000E+00  0.0000E+00
  8.7148E+04  3.2950E-01  6.7800E-01  5.3000E+01  0.0000E+00  0.0000E+00
  8.7158E+04  3.2966E-01  6.7800E-01  5.3000E+01  0.0000E+00  0.0000E+00
  8.7168E+04  3.2972E-01  6.7800E-01  5.3000E+01  0.0000E+00  0.0000E+00
  8.7178E+04  3.2979E-01  6.7800E-01  5.3000E+01  0.0000E+00  0.0000E+00
  8.7188E+04  3.2989E-01  6.7800E-01  5.3000E+01  0.0000E+00  0.0000E+00
  8.7198E+04  3.2999E-01  6.7800E-01  5.3000E+01  0.0000E+00  0.0000E+00
  8.7208E+04  3.3016E-01  6.7800E-01  5.3000E+01  0.0000E+00  0.0000E+00
  8.7218E+04  3.3027E-01  6.7800E-01  5.3000E+01  0.0000E+00  0.0000E+00
  8.7228E+04  3.3037E-01  6.7800E-01  5.3000E+01  0.0000E+00  0.0000E+00
  8.7238E+04  3.3051E-01  6.7800E-01  5.3000E+01  0.0000E+00  0.0000E+00
  8.7248E+04  3.3071E-01  6.7800E-01  5.3000E+01  0.0000E+00  0.0000E+00
  8.7258E+04  3.3092E-01  6.7800E-01  5.3000E+01  0.0000E+00  0.0000E+00
  8.7268E+04  3.3110E-01  6.7800E-01  5.3000E+01  0.0000E+00  0.0000E+00
  8.7278E+04  3.3127E-01  6.7800E-01  5.3000E+01  0.0000E+00  0.0000E+00
  8.7288E+04  3.3142E-01  6.7800E-01  5.3000E+01  0.0000E+00  0.0000E+00
  8.7298E+04  3.3154E-01  6.7800E-01  5.3000E+01  0.0000E+00  0.0000E+00
  8.7308E+04  3.3163E-01  6.7800E-01  5.3000E+01  0.0000E+00  0.0000E+00
  8.7318E+04  3.3182E-01  6.7800E-01  5.3000E+01  0.0000E+00  0.0000E+00
  8.7328E+04  3.3202E-01  6.7800E-01  5.3000E+01  0.0000E+00  0.0000E+00
  8.7338E+04  3.3216E-01  6.7800E-01  5.3000E+01  0.0000E+00  0.0000E+00
  8.7348E+04  3.3221E-01  6.7800E-01  5.3000E+01  0.0000E+00  0.0000E+00
  8.7358E+04  3.3231E-01  6.7800E-01  5.3000E+01  0.0000E+00  0.0000E+00
  8.7368E+04  3.3251E-01  6.7800E-01  5.3000E+01  0.0000E+00  0.0000E+00
  8.7378E+04  3.3272E-01  6.7800E-01  5.3000E+01  0.0000E+00  0.0000E+00
  8.7388E+04  3.3285E-01  6.7800E-01  5.3000E+01  0.0000E+00  0.0000E+00
  8.7398E+04  3.3297E-01  6.7800E-01  5.3000E+01  0.0000E+00  0.0000E+00
  8.7408E+04  3.3317E-01  6.7800E-01  5.3000E+01  0.0000E+00  0.0000E+00
  8.7418E+04  3.3332E-01  6.7800E-01  5.3000E+01  0.0000E+00  0.0000E+00
  8.7428E+04  3.3338E-01  6.7800E-01  5.3000E+01  0.0000E+00  0.0000E+00
  8.7438E+04  3.3340E-01  6.7800E-01  5.3000E+01  0.0000E+00  0.0000E+00
  8.7448E+04  3.3350E-01  6.7800E-01  5.3000E+01  0.0000E+00  0.0000E+00
  8.7458E+04  3.3372E-01  6.7800E-01  5.3000E+01  0.0000E+00  0.0000E+00
  8.7468E+04  3.3393E-01  6.7800E-01  5.3000E+01  0.0000E+00  0.0000E+00
  8.7478E+04  3.3412E-01  6.7800E-01  5.3000E+01  0.0000E+00  0.0000E+00
  8.7488E+04  3.3435E-01  6.7800E-01  5.3000E+01  0.0000E+00  0.0000E+00
  8.7498E+04  3.3460E-01  6.7800E-01  5.3000E+01  0.0000E+00  0.0000E+00
  8.7508E+04  3.3482E-01  6.7800E-01  5.3000E+01  0.0000E+00  0.0000E+00
  8.7518E+04  3.3501E-01  6.7800E-01  5.3000E+01  0.0000E+00  0.0000E+00
  8.7528E+04  3.3525E-01  6.7800E-01  5.3000E+01  0.0000E+00  0.0000E+00
  8.7538E+04  3.3545E-01  6.7800E-01  5.3000E+01  0.0000E+00  0.0000E+00
  8.7548E+04  3.3564E-01  6.7800E-01  5.3000E+01  0.0000E+00  0.0000E+00
  8.7558E+04  3.3579E-01  6.7800E-01  5.3000E+01  0.0000E+00  0.0000E+00
  8.7568E+04  3.3589E-01  6.7800E-01  5.3000E+01  0.0000E+00  0.0000E+00
  8.7578E+04  3.3609E-01  6.7800E-01  5.3000E+01  0.0000E+00  0.0000E+00
  8.7588E+04  3.3637E-01  6.7800E-01  5.3000E+01  0.0000E+00  0.0000E+00
  8.7598E+04  3.3661E-01  6.7800E-01  5.3000E+01  0.0000E+00  0.0000E+00
  8.7608E+04  3.3682E-01  6.7800E-01  5.3000E+01  0.0000E+00  0.0000E+00
  8.7618E+04  3.3701E-01  6.7800E-01  5.3000E+01  0.0000E+00  0.0000E+00
  8.7628E+04  3.3713E-01  6.7800E-01  5.3000E+01  0.0000E+00  0.0000E+00
  8.7638E+04  3.3725E-01  6.7800E-01  5.3000E+01  0.0000E+00  0.0000E+00
  8.7648E+04  3.3743E-01  6.7800E-01  5.3000E+01  0.0000E+00  0.0000E+00
  8.7658E+04  3.3769E-01  6.7800E-01  5.3000E+01  0.0000E+00  0.0000E+00
  8.7668E+04  3.3790E-01  6.7800E-01  5.3000E+01  0.0000E+00  0.0000E+00
  8.7678E+04  3.3806E-01  6.7800E-01  5.3000E+01  0.0000E+00  0.0000E+00
  8.7688E+04  3.3814E-01  6.7800E-01  5.3000E+01  0.0000E+00  0.0000E+00
  8.7698E+04  3.3822E-01  6.7800E-01  5.3000E+01  0.0000E+00  0.0000E+00
  8.7708E+04  3.3836E-01  6.7800E-01  5.3000E+01  0.0000E+00  0.0000E+00
  8.7718E+04  3.3851E-01  6.7800E-01  5.3000E+01  0.0000E+00  0.0000E+00
  8.7728E+04  3.3859E-01  6.7800E-01  5.3000E+01  0.0000E+00  0.0000E+00
  8.7738E+04  3.3873E-01  6.7800E-01  5.3000E+01  0.0000E+00  0.0000E+00
  8.7748E+04  3.3896E-01  6.7800E-01  5.3000E+01  0.0000E+00  0.0000E+00
  8.7758E+04  3.3913E-01  6.7800E-01  5.3000E+01  0.0000E+00  0.0000E+00
  8.7768E+04  3.3931E-01  6.7800E-01  5.3000E+01  0.0000E+00  0.0000E+00
  8.7778E+04  3.3949E-01  6.7800E-01  5.3000E+01  0.0000E+00  0.0000E+00
  8.7788E+04  3.3969E-01  6.7800E-01  5.3000E+01  0.0000E+00  0.0000E+00
  8.7798E+04  3.3989E-01  6.7800E-01  5.3000E+01  0.0000E+00  0.0000E+00
  8.7808E+04  3.4009E-01  6.7800E-01  5.3000E+01  0.0000E+00  0.0000E+00
  8.7818E+04  3.4026E-01  6.7800E-01  5.3000E+01  0.0000E+00  0.0000E+00
  8.7828E+04  3.4039E-01  6.7800E-01  5.3000E+01  0.0000E+00  0.0000E+00
  8.7838E+04  3.4051E-01  6.7800E-01  5.3000E+01  0.0000E+00  0.0000E+00
  8.7848E+04  3.4062E-01  6.7800E-01  5.3000E+01  0.0000E+00  0.0000E+00
  8.7858E+04  3.4071E-01  6.7800E-01  5.3000E+01  0.0000E+00  0.0000E+00
  8.7868E+04  3.4080E-01  6.7800E-01  5.3000E+01  0.0000E+00  0.0000E+00
  8.7878E+04  3.4099E-01  6.7800E-01  5.3000E+01  0.0000E+00  0.0000E+00
  8.7888E+04  3.4125E-01  6.7800E-01  5.3000E+01  0.0000E+00  0.0000E+00
  8.7898E+04  3.4149E-01  6.7800E-01  5.3000E+01  0.0000E+00  0.0000E+00
  8.7908E+04  3.4159E-01  6.7800E-01  5.3000E+01  0.0000E+00  0.0000E+00
  8.7918E+04  3.4168E-01  6.7800E-01  5.3000E+01  0.0000E+00  0.0000E+00
  8.7928E+04  3.4176E-01  6.7800E-01  5.3000E+01  0.0000E+00  0.0000E+00
  8.7938E+04  3.4192E-01  6.7800E-01  5.3000E+01  0.0000E+00  0.0000E+00
  8.7948E+04  3.4219E-01  6.7800E-01  5.3000E+01  0.0000E+00  0.0000E+00
  8.7958E+04  3.4246E-01  6.7800E-01  5.3000E+01  0.0000E+00  0.0000E+00
  8.7968E+04  3.4262E-01  6.7800E-01  5.3000E+01  0.0000E+00  0.0000E+00
  8.7978E+04  3.4268E-01  6.7800E-01  5.3000E+01  0.0000E+00  0.0000E+00
  8.7988E+04  3.4278E-01  6.7800E-01  5.3000E+01  0.0000E+00  0.0000E+00
  8.7998E+04  3.4292E-01  6.7800E-01  5.3000E+01  0.0000E+00  0.0000E+00
  8.8008E+04  3.4308E-01  6.7800E-01  5.3000E+01  0.0000E+00  0.0000E+00
  8.8018E+04  3.4329E-01  6.7800E-01  5.3000E+01  0.0000E+00  0.0000E+00
  8.8028E+04  3.4355E-01  6.7800E-01  5.3000E+01  0.0000E+00  0.0000E+00
  8.8038E+04  3.4383E-01  6.7800E-01  5.3000E+01  0.0000E+00  0.0000E+00
  8.8048E+04  3.4404E-01  6.7800E-01  5.3000E+01  0.0000E+00  0.0000E+00
  8.8058E+04  3.4423E-01  6.7800E-01  5.3000E+01  0.0000E+00  0.0000E+00
  8.8068E+04  3.4443E-01  6.7800E-01  5.3000E+01  0.0000E+00  0.0000E+00
  8.8078E+04  3.4456E-01  6.7800E-01  5.3000E+01  0.0000E+00  0.0000E+00
  8.8088E+04  3.4469E-01  6.7800E-01  5.3000E+01  0.0000E+00  0.0000E+00
  8.8098E+04  3.4491E-01  6.7800E-01  5.3000E+01  0.0000E+00  0.0000E+00
  8.8108E+04  3.4520E-01  6.7800E-01  5.3000E+01  0.0000E+00  0.0000E+00
  8.8118E+04  3.4546E-01  6.7800E-01  5.3000E+01  0.0000E+00  0.0000E+00
  8.8128E+04  3.4565E-01  6.7800E-01  5.3000E+01  0.0000E+00  0.0000E+00
  8.8138E+04  3.4578E-01  6.7800E-01  5.3000E+01  0.0000E+00  0.0000E+00
  8.8148E+04  3.4585E-01  6.7800E-01  5.3000E+01  0.0000E+00  0.0000E+00
  8.8158E+04  3.4602E-01  6.7800E-01  5.3000E+01  0.0000E+00  0.0000E+00
  8.8168E+04  3.4624E-01  6.7800E-01  5.3000E+01  0.0000E+00  0.0000E+00
  8.8178E+04  3.4636E-01  6.7800E-01  5.3000E+01  0.0000E+00  0.0000E+00
  8.8188E+04  3.4645E-01  6.7800E-01  5.3000E+01  0.0000E+00  0.0000E+00
  8.8198E+04  3.4660E-01  6.7800E-01  5.3000E+01  0.0000E+00  0.0000E+00
  8.8208E+04  3.4678E-01  6.7800E-01  5.3000E+01  0.0000E+00  0.0000E+00
  8.8218E+04  3.4696E-01  6.7800E-01  5.3000E+01  0.0000E+00  0.0000E+00
  8.8228E+04  3.4711E-01  6.7800E-01  5.3000E+01  0.0000E+00  0.0000E+00
  8.8238E+04  3.4732E-01  6.7800E-01  5.3000E+01  0.0000E+00  0.0000E+00
  8.8248E+04  3.4753E-01  6.7800E-01  5.3000E+01  0.0000E+00  0.0000E+00
  8.8258E+04  3.4776E-01  6.7800E-01  5.3000E+01  0.0000E+00  0.0000E+00
  8.8268E+04  3.4797E-01  6.7800E-01  5.3000E+01  0.0000E+00  0.0000E+00
  8.8278E+04  3.4814E-01  6.7800E-01  5.3000E+01  0.0000E+00  0.0000E+00
  8.8288E+04  3.4834E-01  6.7800E-01  5.3000E+01  0.0000E+00  0.0000E+00
  8.8298E+04  3.4850E-01  6.7800E-01  5.3000E+01  0.0000E+00  0.0000E+00
  8.8308E+04  3.4860E-01  6.7800E-01  5.3000E+01  0.0000E+00  0.0000E+00
  8.8318E+04  3.4879E-01  6.7800E-01  5.3000E+01  0.0000E+00  0.0000E+00
  8.8328E+04  3.4900E-01  6.7800E-01  5.3000E+01  0.0000E+00  0.0000E+00
  8.8338E+04  3.4920E-01  6.7800E-01  5.3000E+01  0.0000E+00  0.0000E+00
  8.8348E+04  3.4947E-01  6.7800E-01  5.3000E+01  0.0000E+00  0.0000E+00
  8.8358E+04  3.4975E-01  6.7800E-01  5.3000E+01  0.0000E+00  0.0000E+00
  8.8368E+04  3.4994E-01  6.7800E-01  5.3000E+01  0.0000E+00  0.0000E+00
  8.8378E+04  3.5013E-01  6.7800E-01  5.3000E+01  0.0000E+00  0.0000E+00
  8.8388E+04  3.5029E-01  6.7800E-01  5.3000E+01  0.0000E+00  0.0000E+00
  8.8398E+04  3.5048E-01  6.7800E-01  5.3000E+01  0.0000E+00  0.0000E+00
  8.8408E+04  3.5075E-01  6.7800E-01  5.3000E+01  0.0000E+00  0.0000E+00
  8.8418E+04  3.5097E-01  6.7800E-01  5.3000E+01  0.0000E+00  0.0000E+00
  8.8428E+04  3.5108E-01  6.7800E-01  5.3000E+01  0.0000E+00  0.0000E+00
  8.8438E+04  3.5112E-01  6.7800E-01  5.3000E+01  0.0000E+00  0.0000E+00
  8.8448E+04  3.5126E-01  6.7800E-01  5.3000E+01  0.0000E+00  0.0000E+00
  8.8458E+04  3.5154E-01  6.7800E-01  5.3000E+01  0.0000E+00  0.0000E+00
  8.8468E+04  3.5175E-01  6.7800E-01  5.3000E+01  0.0000E+00  0.0000E+00
  8.8478E+04  3.5195E-01  6.7800E-01  5.3000E+01  0.0000E+00  0.0000E+00
  8.8488E+04  3.5212E-01  6.7800E-01  5.3000E+01  0.0000E+00  0.0000E+00
  8.8498E+04  3.5232E-01  6.7800E-01  5.3000E+01  0.0000E+00  0.0000E+00
  8.8508E+04  3.5255E-01  6.7800E-01  5.3000E+01  0.0000E+00  0.0000E+00
  8.8518E+04  3.5280E-01  6.7800E-01  5.3000E+01  0.0000E+00  0.0000E+00
  8.8528E+04  3.5294E-01  6.7800E-01  5.3000E+01  0.0000E+00  0.0000E+00
  8.8538E+04  3.5300E-01  6.7800E-01  5.3000E+01  0.0000E+00  0.0000E+00
  8.8548E+04  3.5310E-01  6.7800E-01  5.3000E+01  0.0000E+00  0.0000E+00
  8.8558E+04  3.5323E-01  6.7800E-01  5.3000E+01  0.0000E+00  0.0000E+00
  8.8568E+04  3.5334E-01  6.7800E-01  5.3000E+01  0.0000E+00  0.0000E+00
  8.8578E+04  3.5345E-01  6.7800E-01  5.3000E+01  0.0000E+00  0.0000E+00
  8.8588E+04  3.5363E-01  6.7800E-01  5.3000E+01  0.0000E+00  0.0000E+00
  8.8598E+04  3.5380E-01  6.7800E-01  5.3000E+01  0.0000E+00  0.0000E+00
  8.8608E+04  3.5388E-01  6.7800E-01  5.3000E+01  0.0000E+00  0.0000E+00
  8.8618E+04  3.5393E-01  6.7800E-01  5.3000E+01  0.0000E+00  0.0000E+00
  8.8628E+04  3.5407E-01  6.7800E-01  5.3000E+01  0.0000E+00  0.0000E+00
  8.8638E+04  3.5422E-01  6.7800E-01  5.3000E+01  0.0000E+00  0.0000E+00
  8.8648E+04  3.5432E-01  6.7800E-01  5.3000E+01  0.0000E+00  0.0000E+00
  8.8658E+04  3.5443E-01  6.7800E-01  5.3000E+01  0.0000E+00  0.0000E+00
  8.8668E+04  3.5450E-01  6.7800E-01  5.3000E+01  0.0000E+00  0.0000E+00
  8.8678E+04  3.5460E-01  6.7800E-01  5.3000E+01  0.0000E+00  0.0000E+00
  8.8688E+04  3.5480E-01  6.7800E-01  5.3000E+01  0.0000E+00  0.0000E+00
  8.8698E+04  3.5497E-01  6.7800E-01  5.3000E+01  0.0000E+00  0.0000E+00
  8.8708E+04  3.5509E-01  6.7800E-01  5.3000E+01  0.0000E+00  0.0000E+00
  8.8718E+04  3.5529E-01  6.7800E-01  5.3000E+01  0.0000E+00  0.0000E+00
  8.8728E+04  3.5547E-01  6.7800E-01  5.3000E+01  0.0000E+00  0.0000E+00
  8.8738E+04  3.5560E-01  6.7800E-01  5.3000E+01  0.0000E+00  0.0000E+00
  8.8748E+04  3.5572E-01  6.7800E-01  5.3000E+01  0.0000E+00  0.0000E+00
  8.8758E+04  3.5589E-01  6.7800E-01  5.3000E+01  0.0000E+00  0.0000E+00
  8.8768E+04  3.5615E-01  6.7800E-01  5.3000E+01  0.0000E+00  0.0000E+00
  8.8778E+04  3.5639E-01  6.7800E-01  5.3000E+01  0.0000E+00  0.0000E+00
  8.8788E+04  3.5651E-01  6.7800E-01  5.3000E+01  0.0000E+00  0.0000E+00
  8.8798E+04  3.5669E-01  6.7800E-01  5.3000E+01  0.0000E+00  0.0000E+00
  8.8808E+04  3.5693E-01  6.7800E-01  5.3000E+01  0.0000E+00  0.0000E+00
  8.8818E+04  3.5711E-01  6.7800E-01  5.3000E+01  0.0000E+00  0.0000E+00
  8.8828E+04  3.5733E-01  6.7800E-01  5.3000E+01  0.0000E+00  0.0000E+00
  8.8838E+04  3.5754E-01  6.7800E-01  5.3000E+01  0.0000E+00  0.0000E+00
  8.8848E+04  3.5770E-01  6.7800E-01  5.3000E+01  0.0000E+00  0.0000E+00
  8.8858E+04  3.5792E-01  6.7800E-01  5.3000E+01  0.0000E+00  0.0000E+00
  8.8868E+04  3.5821E-01  6.7800E-01  5.3000E+01  0.0000E+00  0.0000E+00
  8.8878E+04  3.5848E-01  6.7800E-01  5.3000E+01  0.0000E+00  0.0000E+00
  8.8888E+04  3.5875E-01  6.7800E-01  5.3000E+01  0.0000E+00  0.0000E+00
  8.8898E+04  3.5907E-01  6.7800E-01  5.3000E+01  0.0000E+00  0.0000E+00
  8.8908E+04  3.5930E-01  6.7800E-01  5.3000E+01  0.0000E+00  0.0000E+00
  8.8918E+04  3.5943E-01  6.7800E-01  5.3000E+01  0.0000E+00  0.0000E+00
  8.8928E+04  3.5959E-01  6.7800E-01  5.3000E+01  0.0000E+00  0.0000E+00
  8.8938E+04  3.5988E-01  6.7800E-01  5.3000E+01  0.0000E+00  0.0000E+00
  8.8948E+04  3.6016E-01  6.7800E-01  5.3000E+01  0.0000E+00  0.0000E+00
  8.8958E+04  3.6043E-01  6.7800E-01  5.3000E+01  0.0000E+00  0.0000E+00
  8.8968E+04  3.6066E-01  6.7800E-01  5.3000E+01  0.0000E+00  0.0000E+00
  8.8978E+04  3.6088E-01  6.7800E-01  5.3000E+01  0.0000E+00  0.0000E+00
  8.8988E+04  3.6115E-01  6.7800E-01  5.3000E+01  0.0000E+00  0.0000E+00
  8.8998E+04  3.6146E-01  6.7800E-01  5.3000E+01  0.0000E+00  0.0000E+00
  8.9008E+04  3.6165E-01  6.7800E-01  5.3000E+01  0.0000E+00  0.0000E+00
  8.9018E+04  3.6172E-01  6.7800E-01  5.3000E+01  0.0000E+00  0.0000E+00
  8.9028E+04  3.6177E-01  6.7800E-01  5.3000E+01  0.0000E+00  0.0000E+00
  8.9038E+04  3.6191E-01  6.7800E-01  5.3000E+01  0.0000E+00  0.0000E+00
  8.9048E+04  3.6210E-01  6.7800E-01  5.3000E+01  0.0000E+00  0.0000E+00
  8.9058E+04  3.6225E-01  6.7800E-01  5.3000E+01  0.0000E+00  0.0000E+00
  8.9068E+04  3.6247E-01  6.7800E-01  5.3000E+01  0.0000E+00  0.0000E+00
  8.9078E+04  3.6268E-01  6.7800E-01  5.3000E+01  0.0000E+00  0.0000E+00
  8.9088E+04  3.6279E-01  6.7800E-01  5.3000E+01  0.0000E+00  0.0000E+00
  8.9098E+04  3.6287E-01  6.7800E-01  5.3000E+01  0.0000E+00  0.0000E+00
  8.9108E+04  3.6296E-01  6.7800E-01  5.3000E+01  0.0000E+00  0.0000E+00
  8.9118E+04  3.6315E-01  6.7800E-01  5.3000E+01  0.0000E+00  0.0000E+00
