 npl time [msec]
        1230   3500.0000000000000     
 rpl   zpl  tokpl
   412.50000000000000       -28.125000000000000        9.6656576080186643E-003
   412.50000000000000       -18.750000000000000        5.4342850492022879E-002
   412.50000000000000       -9.3750000000000000        7.7382657660451673E-002
   412.50000000000000        0.0000000000000000        7.9152148554980706E-002
   412.50000000000000        9.3750000000000000        5.9690551975094611E-002
   412.50000000000000        18.750000000000000        1.8698928513224515E-002
   421.87500000000000       -65.625000000000000       0.11867844543232128     
   421.87500000000000       -56.250000000000000       0.24302839018494404     
   421.87500000000000       -46.875000000000000       0.34202707121075282     
   421.87500000000000       -37.500000000000000       0.42416501018413716     
   421.87500000000000       -28.125000000000000       0.51565485236800745     
   421.87500000000000       -18.750000000000000       0.57902393402777874     
   421.87500000000000       -9.3750000000000000       0.61105460610914941     
   421.87500000000000        0.0000000000000000       0.61408756377474871     
   421.87500000000000        9.3750000000000000       0.58818933082665636     
   421.87500000000000        18.750000000000000       0.53215968598232644     
   421.87500000000000        28.125000000000000       0.44469980442498758     
   421.87500000000000        37.500000000000000       0.35918748135150053     
   421.87500000000000        46.875000000000000       0.26646969030935475     
   421.87500000000000        56.250000000000000       0.14774429807268183     
   421.87500000000000        65.625000000000000        2.5615576369558309E-003
   431.25000000000000       -93.750000000000000        6.0027547293746909E-002
   431.25000000000000       -84.375000000000000       0.24682997639143167     
   431.25000000000000       -75.000000000000000       0.40374365930851736     
   431.25000000000000       -65.625000000000000       0.61229922218790933     
   431.25000000000000       -56.250000000000000       0.78501473859629289     
   431.25000000000000       -46.875000000000000       0.92484433385733456     
   431.25000000000000       -37.500000000000000        1.0345368747074219     
   431.25000000000000       -28.125000000000000        1.1109081390804014     
   431.25000000000000       -18.750000000000000        1.1602574437047053     
   431.25000000000000       -9.3750000000000000        1.1860908528749823     
   431.25000000000000        0.0000000000000000        1.1888994911240869     
   431.25000000000000        9.3750000000000000        1.1687358637052434     
   431.25000000000000        18.750000000000000        1.1254007073147301     
   431.25000000000000        28.125000000000000        1.0564683598541404     
   431.25000000000000        37.500000000000000       0.95524255822641435     
   431.25000000000000        46.875000000000000       0.82315169222613793     
   431.25000000000000        56.250000000000000       0.65939098945818553     
   431.25000000000000        65.625000000000000       0.45706983511223587     
   431.25000000000000        75.000000000000000       0.29009333082215977     
   431.25000000000000        84.375000000000000       0.11185015244134704     
   440.62500000000000       -112.50000000000000        2.9684514234552248E-002
   440.62500000000000       -103.12500000000000       0.25738265570489549     
   440.62500000000000       -93.750000000000000       0.47958390037908194     
   440.62500000000000       -84.375000000000000       0.74270223898146104     
   440.62500000000000       -75.000000000000000       0.96398275136402489     
   440.62500000000000       -65.625000000000000        1.1389885358650775     
   440.62500000000000       -56.250000000000000        1.2763988514944509     
   440.62500000000000       -46.875000000000000        1.3850014695866104     
   440.62500000000000       -37.500000000000000        1.4687541657929775     
   440.62500000000000       -28.125000000000000        1.5303290127956368     
   440.62500000000000       -18.750000000000000        1.5713856469680312     
   440.62500000000000       -9.3750000000000000        1.5929662760153540     
   440.62500000000000        0.0000000000000000        1.5955655302526466     
   440.62500000000000        9.3750000000000000        1.5792559395389392     
   440.62500000000000        18.750000000000000        1.5436990690947932     
   440.62500000000000        28.125000000000000        1.4880429322872994     
   440.62500000000000        37.500000000000000        1.4108537007000066     
   440.62500000000000        46.875000000000000        1.3098072451233238     
   440.62500000000000        56.250000000000000        1.1813805425547361     
   440.62500000000000        65.625000000000000        1.0203722142483822     
   440.62500000000000        75.000000000000000       0.81075033020912912     
   440.62500000000000        84.375000000000000       0.56303753490728992     
   440.62500000000000        93.750000000000000       0.31776615809509157     
   440.62500000000000        103.12500000000000       0.10148095412586540     
   450.00000000000000       -121.87500000000000       0.15651332019686087     
   450.00000000000000       -112.50000000000000       0.39378548099824046     
   450.00000000000000       -103.12500000000000       0.71369303541502060     
   450.00000000000000       -93.750000000000000       0.98711284524267839     
   450.00000000000000       -84.375000000000000        1.2006650680432831     
   450.00000000000000       -75.000000000000000        1.3737253829662099     
   450.00000000000000       -65.625000000000000        1.5152721164260459     
   450.00000000000000       -56.250000000000000        1.6307128170019958     
   450.00000000000000       -46.875000000000000        1.7234446218326114     
   450.00000000000000       -37.500000000000000        1.7957249619627720     
   450.00000000000000       -28.125000000000000        1.8491547371768224     
   450.00000000000000       -18.750000000000000        1.8849230462877353     
   450.00000000000000       -9.3750000000000000        1.9038168123527046     
   450.00000000000000        0.0000000000000000        1.9062826738232623     
   450.00000000000000        9.3750000000000000        1.8923926132570681     
   450.00000000000000        18.750000000000000        1.8618416329705922     
   450.00000000000000        28.125000000000000        1.8139725346958375     
   450.00000000000000        37.500000000000000        1.7477461183798766     
   450.00000000000000        46.875000000000000        1.6617452297921618     
   450.00000000000000        56.250000000000000        1.5539617456058143     
   450.00000000000000        65.625000000000000        1.4214724043337883     
   450.00000000000000        75.000000000000000        1.2596482988928044     
   450.00000000000000        84.375000000000000        1.0617088335165776     
   450.00000000000000        93.750000000000000       0.80689571563534890     
   450.00000000000000        103.12500000000000       0.50365960462195258     
   450.00000000000000        112.50000000000000       0.23804948799094314     
   459.37500000000000       -131.25000000000000       0.22839032293930137     
   459.37500000000000       -121.87500000000000       0.53016386460879550     
   459.37500000000000       -112.50000000000000       0.86455142969628784     
   459.37500000000000       -103.12500000000000        1.1374854866725581     
   459.37500000000000       -93.750000000000000        1.3536465727590199     
   459.37500000000000       -84.375000000000000        1.5320141320137874     
   459.37500000000000       -75.000000000000000        1.6806277723952456     
   459.37500000000000       -65.625000000000000        1.8040624540579289     
   459.37500000000000       -56.250000000000000        1.9051678193741204     
   459.37500000000000       -46.875000000000000        1.9860300352220341     
   459.37500000000000       -37.500000000000000        2.0484452929689594     
   459.37500000000000       -28.125000000000000        2.0940595789758611     
   459.37500000000000       -18.750000000000000        2.1242961601555739     
   459.37500000000000       -9.3750000000000000        2.1402129328604125     
   459.37500000000000        0.0000000000000000        2.1424246372710432     
   459.37500000000000        9.3750000000000000        2.1310308173785768     
   459.37500000000000        18.750000000000000        2.1056071616931389     
   459.37500000000000        28.125000000000000        2.0652573845426225     
   459.37500000000000        37.500000000000000        2.0086961673403252     
   459.37500000000000        46.875000000000000        1.9343675561936908     
   459.37500000000000        56.250000000000000        1.8405470800133337     
   459.37500000000000        65.625000000000000        1.7252931906458371     
   459.37500000000000        75.000000000000000        1.5861242794255095     
   459.37500000000000        84.375000000000000        1.4192110693970217     
   459.37500000000000        93.750000000000000        1.2179583960419056     
   459.37500000000000        103.12500000000000       0.97082890704941938     
   459.37500000000000        112.50000000000000       0.65414047083948801     
   459.37500000000000        121.87500000000000       0.31908874992744130     
   459.37500000000000        131.25000000000000        4.5793784765890945E-002
   468.75000000000000       -140.62500000000000       0.25164200977956275     
   468.75000000000000       -131.25000000000000       0.59275684900229364     
   468.75000000000000       -121.87500000000000       0.94589097471067618     
   468.75000000000000       -112.50000000000000        1.2213582630673943     
   468.75000000000000       -103.12500000000000        1.4452931112629879     
   468.75000000000000       -93.750000000000000        1.6321022996561834     
   468.75000000000000       -84.375000000000000        1.7891578203941441     
   468.75000000000000       -75.000000000000000        1.9202371753393581     
   468.75000000000000       -65.625000000000000        2.0276500979810570     
   468.75000000000000       -56.250000000000000        2.1134972483198431     
   468.75000000000000       -46.875000000000000        2.1800395287515921     
   468.75000000000000       -37.500000000000000        2.2296830919978468     
   468.75000000000000       -28.125000000000000        2.2647953213575982     
   468.75000000000000       -18.750000000000000        2.2874431213215032     
   468.75000000000000       -9.3750000000000000        2.2991778377793679     
   468.75000000000000        0.0000000000000000        2.3008884299839125     
   468.75000000000000        9.3750000000000000        2.2927174956984042     
   468.75000000000000        18.750000000000000        2.2740537900273146     
   468.75000000000000        28.125000000000000        2.2435857988091783     
   468.75000000000000        37.500000000000000        2.1994396857053258     
   468.75000000000000        46.875000000000000        2.1393517029001816     
   468.75000000000000        56.250000000000000        2.0609361476286696     
   468.75000000000000        65.625000000000000        1.9618889169118281     
   468.75000000000000        75.000000000000000        1.8400755340442356     
   468.75000000000000        84.375000000000000        1.6933559937066907     
   468.75000000000000        93.750000000000000        1.5186822210474067     
   468.75000000000000        103.12500000000000        1.3103262620010818     
   468.75000000000000        112.50000000000000        1.0573533532172075     
   468.75000000000000        121.87500000000000       0.73216727737321663     
   468.75000000000000        131.25000000000000       0.35286479667412868     
   468.75000000000000        140.62500000000000        6.5958619880981839E-002
   478.12500000000000       -150.00000000000000       0.22987568964097860     
   478.12500000000000       -140.62500000000000       0.58890286931762725     
   478.12500000000000       -131.25000000000000       0.96264568131119466     
   478.12500000000000       -121.87500000000000        1.2509085885779447     
   478.12500000000000       -112.50000000000000        1.4865501398961203     
   478.12500000000000       -103.12500000000000        1.6840720435321406     
   478.12500000000000       -93.750000000000000        1.8504322551327601     
   478.12500000000000       -84.375000000000000        1.9885695528466554     
   478.12500000000000       -75.000000000000000        2.1002772616491652     
   478.12500000000000       -65.625000000000000        2.1876419952075925     
   478.12500000000000       -56.250000000000000        2.2534354451862524     
   478.12500000000000       -46.875000000000000        2.3010109903111604     
   478.12500000000000       -37.500000000000000        2.3338935926204694     
   478.12500000000000       -28.125000000000000        2.3554024987325253     
   478.12500000000000       -18.750000000000000        2.3683160927308444     
   478.12500000000000       -9.3750000000000000        2.3746712306510140     
   478.12500000000000        0.0000000000000000        2.3756204491032107     
   478.12500000000000        9.3750000000000000        2.3713512202134921     
   478.12500000000000        18.750000000000000        2.3610759985142051     
   478.12500000000000        28.125000000000000        2.3430916704074707     
   478.12500000000000        37.500000000000000        2.3149045321311013     
   478.12500000000000        46.875000000000000        2.2734030548563888     
   478.12500000000000        56.250000000000000        2.2151376836159891     
   478.12500000000000        65.625000000000000        2.1366720287414029     
   478.12500000000000        75.000000000000000        2.0349949872760762     
   478.12500000000000        84.375000000000000        1.9077769102800042     
   478.12500000000000        93.750000000000000        1.7531732727116527     
   478.12500000000000        103.12500000000000        1.5689377083287970     
   478.12500000000000        112.50000000000000        1.3500817732245043     
   478.12500000000000        121.87500000000000        1.0852387549917366     
   478.12500000000000        131.25000000000000       0.74547886598548851     
   478.12500000000000        140.62500000000000       0.34386898352288003     
   478.12500000000000        150.00000000000000        3.8120714327452579E-002
   487.50000000000000       -159.37500000000000       0.16420618496441416     
   487.50000000000000       -150.00000000000000       0.52205302772972662     
   487.50000000000000       -140.62500000000000       0.92317158018291812     
   487.50000000000000       -131.25000000000000        1.2323430074077841     
   487.50000000000000       -121.87500000000000        1.4835538864264568     
   487.50000000000000       -112.50000000000000        1.6941079477984542     
   487.50000000000000       -103.12500000000000        1.8711479911846878     
   487.50000000000000       -93.750000000000000        2.0168222310620689     
   487.50000000000000       -84.375000000000000        2.1322366976484131     
   487.50000000000000       -75.000000000000000        2.2192613426198529     
   487.50000000000000       -65.625000000000000        2.2811189116597768     
   487.50000000000000       -56.250000000000000        2.3220547775104796     
   487.50000000000000       -46.875000000000000        2.3466694303383302     
   487.50000000000000       -37.500000000000000        2.3596404549961827     
   487.50000000000000       -28.125000000000000        2.3653897934564165     
   487.50000000000000       -18.750000000000000        2.3672450203097495     
   487.50000000000000       -9.3750000000000000        2.3675310596086256     
   487.50000000000000        0.0000000000000000        2.3675291325187513     
   487.50000000000000        9.3750000000000000        2.3674492023001039     
   487.50000000000000        18.750000000000000        2.3664300335605710     
   487.50000000000000        28.125000000000000        2.3625597521563355     
   487.50000000000000        37.500000000000000        2.3529365636033690     
   487.50000000000000        46.875000000000000        2.3336018941091035     
   487.50000000000000        56.250000000000000        2.2998716150520808     
   487.50000000000000        65.625000000000000        2.2472119754518496     
   487.50000000000000        75.000000000000000        2.1711716230096512     
   487.50000000000000        84.375000000000000        2.0680629343947405     
   487.50000000000000        93.750000000000000        1.9354546922916318     
   487.50000000000000        103.12500000000000        1.7720087240923543     
   487.50000000000000        112.50000000000000        1.5763047927269462     
   487.50000000000000        121.87500000000000        1.3438079519932589     
   487.50000000000000        131.25000000000000        1.0620084935043148     
   487.50000000000000        140.62500000000000       0.69808872972506963     
   487.50000000000000        150.00000000000000       0.29470843647718054     
   496.87500000000000       -168.75000000000000        5.3383177241775201E-002
   496.87500000000000       -159.37500000000000       0.38985617811328566     
   496.87500000000000       -150.00000000000000       0.82595530330148792     
   496.87500000000000       -140.62500000000000        1.1681528853017631     
   496.87500000000000       -131.25000000000000        1.4395235930767378     
   496.87500000000000       -121.87500000000000        1.6660053920421236     
   496.87500000000000       -112.50000000000000        1.8560894234265006     
   496.87500000000000       -103.12500000000000        2.0114033517035605     
   496.87500000000000       -93.750000000000000        2.1320974937128092     
   496.87500000000000       -84.375000000000000        2.2194836886582174     
   496.87500000000000       -75.000000000000000        2.2768931629946603     
   496.87500000000000       -65.625000000000000        2.3090380412127876     
   496.87500000000000       -56.250000000000000        2.3219885265482083     
   496.87500000000000       -46.875000000000000        2.3221800046170933     
   496.87500000000000       -37.500000000000000        2.3149614931421771     
   496.87500000000000       -28.125000000000000        2.3047490369879093     
   496.87500000000000       -18.750000000000000        2.2953056625010153     
   496.87500000000000       -9.3750000000000000        2.2892944747347297     
   496.87500000000000        0.0000000000000000        2.2882107440545858     
   496.87500000000000        9.3750000000000000        2.2923088305968538     
   496.87500000000000        18.750000000000000        2.3005831369711096     
   496.87500000000000        28.125000000000000        2.3108512480543886     
   496.87500000000000        37.500000000000000        2.3198020371314003     
   496.87500000000000        46.875000000000000        2.3232795590452122     
   496.87500000000000        56.250000000000000        2.3164695416448264     
   496.87500000000000        65.625000000000000        2.2934406006442138     
   496.87500000000000        75.000000000000000        2.2476385746650300     
   496.87500000000000        84.375000000000000        2.1739719726974069     
   496.87500000000000        93.750000000000000        2.0683679662392933     
   496.87500000000000        103.12500000000000        1.9285876612829935     
   496.87500000000000        112.50000000000000        1.7541225808764720     
   496.87500000000000        121.87500000000000        1.5443962688394175     
   496.87500000000000        131.25000000000000        1.2946376305215748     
   496.87500000000000        140.62500000000000       0.98976678028203291     
   496.87500000000000        150.00000000000000       0.59126312633677658     
   496.87500000000000        159.37500000000000       0.20202429555661139     
   506.25000000000000       -168.75000000000000       0.25303844520125218     
   506.25000000000000       -159.37500000000000       0.67094572627721238     
   506.25000000000000       -150.00000000000000        1.0574275704095171     
   506.25000000000000       -140.62500000000000        1.3553759875611802     
   506.25000000000000       -131.25000000000000        1.6015284693189249     
   506.25000000000000       -121.87500000000000        1.8079358456060208     
   506.25000000000000       -112.50000000000000        1.9765063340263767     
   506.25000000000000       -103.12500000000000        2.1062661653230914     
   506.25000000000000       -93.750000000000000        2.1974353634534420     
   506.25000000000000       -84.375000000000000        2.2528823616261713     
   506.25000000000000       -75.000000000000000        2.2775156583417617     
   506.25000000000000       -65.625000000000000        2.2790545250016647     
   506.25000000000000       -56.250000000000000        2.2644298796068179     
   506.25000000000000       -46.875000000000000        2.2398621248638073     
   506.25000000000000       -37.500000000000000        2.2114854572178491     
   506.25000000000000       -28.125000000000000        2.1846312910544148     
   506.25000000000000       -18.750000000000000        2.1634711322500593     
   506.25000000000000       -9.3750000000000000        2.1509332977813860     
   506.25000000000000        0.0000000000000000        2.1486430326066377     
   506.25000000000000        9.3750000000000000        2.1568763963138808     
   506.25000000000000        18.750000000000000        2.1745656704730649     
   506.25000000000000        28.125000000000000        2.1993314518295466     
   506.25000000000000        37.500000000000000        2.2275505186797977     
   506.25000000000000        46.875000000000000        2.2544310724952594     
   506.25000000000000        56.250000000000000        2.2741839673997055     
   506.25000000000000        65.625000000000000        2.2806025398518006     
   506.25000000000000        75.000000000000000        2.2673930352824896     
   506.25000000000000        84.375000000000000        2.2268743978159198     
   506.25000000000000        93.750000000000000        2.1527405517063132     
   506.25000000000000        103.12500000000000        2.0411576806610721     
   506.25000000000000        112.50000000000000        1.8906231317679965     
   506.25000000000000        121.87500000000000        1.7018047450961140     
   506.25000000000000        131.25000000000000        1.4747200906028761     
   506.25000000000000        140.62500000000000        1.2029060898595405     
   506.25000000000000        150.00000000000000       0.86398489800871892     
   506.25000000000000        159.37500000000000       0.42124875883873464     
   506.25000000000000        168.75000000000000        6.3442290506714349E-002
   515.62500000000000       -178.12500000000000        8.1465949148421049E-002
   515.62500000000000       -168.75000000000000       0.45540678775137017     
   515.62500000000000       -159.37500000000000       0.89538164637783224     
   515.62500000000000       -150.00000000000000        1.2295728666697658     
   515.62500000000000       -140.62500000000000        1.5005229994523479     
   515.62500000000000       -131.25000000000000        1.7271253479133490     
   515.62500000000000       -121.87500000000000        1.9134566455202280     
   515.62500000000000       -112.50000000000000        2.0577129038153101     
   515.62500000000000       -103.12500000000000        2.1584703432166816     
   515.62500000000000       -93.750000000000000        2.2173509490033303     
   515.62500000000000       -84.375000000000000        2.2390723240634705     
   515.62500000000000       -75.000000000000000        2.2320233116558672     
   515.62500000000000       -65.625000000000000        2.2033000850009246     
   515.62500000000000       -56.250000000000000        2.1604255559400887     
   515.62500000000000       -46.875000000000000        2.1110152375066842     
   515.62500000000000       -37.500000000000000        2.0618588363942769     
   515.62500000000000       -28.125000000000000        2.0187156714369356     
   515.62500000000000       -18.750000000000000        1.9860856593555185     
   515.62500000000000       -9.3750000000000000        1.9671126144959719     
   515.62500000000000        0.0000000000000000        1.9635375572911005     
   515.62500000000000        9.3750000000000000        1.9756620874068145     
   515.62500000000000        18.750000000000000        2.0023571327994714     
   515.62500000000000        28.125000000000000        2.0410896787075679     
   515.62500000000000        37.500000000000000        2.0879850930216275     
   515.62500000000000        46.875000000000000        2.1378940670758175     
   515.62500000000000        56.250000000000000        2.1845394510428897     
   515.62500000000000        65.625000000000000        2.2207468154601941     
   515.62500000000000        75.000000000000000        2.2388385019606818     
   515.62500000000000        84.375000000000000        2.2318467553999572     
   515.62500000000000        93.750000000000000        2.1917943418307932     
   515.62500000000000        103.12500000000000        2.1117658701998026     
   515.62500000000000        112.50000000000000        1.9887168135801201     
   515.62500000000000        121.87500000000000        1.8225784450633915     
   515.62500000000000        131.25000000000000        1.6153770439240862     
   515.62500000000000        140.62500000000000        1.3667815047901546     
   515.62500000000000        150.00000000000000        1.0657261180349782     
   515.62500000000000        159.37500000000000       0.67423187708277388     
   515.62500000000000        168.75000000000000       0.24530627327933879     
   525.00000000000000       -178.12500000000000       0.23162145601022791     
   525.00000000000000       -168.75000000000000       0.66146761017435285     
   525.00000000000000       -159.37500000000000        1.0568614303341417     
   525.00000000000000       -150.00000000000000        1.3608945404330246     
   525.00000000000000       -140.62500000000000        1.6121657089557337     
   525.00000000000000       -131.25000000000000        1.8208060215100013     
   525.00000000000000       -121.87500000000000        1.9856151606145815     
   525.00000000000000       -112.50000000000000        2.1033203633104334     
   525.00000000000000       -103.12500000000000        2.1735148467292311     
   525.00000000000000       -93.750000000000000        2.1995205568752847     
   525.00000000000000       -84.375000000000000        2.1897124994564199     
   525.00000000000000       -75.000000000000000        2.1513762157205991     
   525.00000000000000       -65.625000000000000        2.0928645733651425     
   525.00000000000000       -56.250000000000000        2.0229349961907612     
   525.00000000000000       -46.875000000000000        1.9498212542118192     
   525.00000000000000       -37.500000000000000        1.8808199627031252     
   525.00000000000000       -28.125000000000000        1.8220773581265055     
   525.00000000000000       -18.750000000000000        1.7784210339003770     
   525.00000000000000       -9.3750000000000000        1.7531955528862995     
   525.00000000000000        0.0000000000000000        1.7482707103832675     
   525.00000000000000        9.3750000000000000        1.7639738179516540     
   525.00000000000000        18.750000000000000        1.7991130884251010     
   525.00000000000000        28.125000000000000        1.8510102022166555     
   525.00000000000000        37.500000000000000        1.9155478103655748     
   525.00000000000000        46.875000000000000        1.9872515416716616     
   525.00000000000000        56.250000000000000        2.0594411271425641     
   525.00000000000000        65.625000000000000        2.1244030292265443     
   525.00000000000000        75.000000000000000        2.1737034959675752     
   525.00000000000000        84.375000000000000        2.1985958086104467     
   525.00000000000000        93.750000000000000        2.1916395956407597     
   525.00000000000000        103.12500000000000        2.1446425343116027     
   525.00000000000000        112.50000000000000        2.0513117039055291     
   525.00000000000000        121.87500000000000        1.9101674106641975     
   525.00000000000000        131.25000000000000        1.7232251285940106     
   525.00000000000000        140.62500000000000        1.4934381296974260     
   525.00000000000000        150.00000000000000        1.2176040744667176     
   525.00000000000000        159.37500000000000       0.87573957439344041     
   525.00000000000000        168.75000000000000       0.42161742758485626     
   525.00000000000000        178.12500000000000        4.6169591672889788E-002
   534.37500000000000       -178.12500000000000       0.35839007766669717     
   534.37500000000000       -168.75000000000000       0.82445077123410437     
   534.37500000000000       -159.37500000000000        1.1776167061409020     
   534.37500000000000       -150.00000000000000        1.4600954851882835     
   534.37500000000000       -140.62500000000000        1.6951890849967570     
   534.37500000000000       -131.25000000000000        1.8859606483899289     
   534.37500000000000       -121.87500000000000        2.0282477674178745     
   534.37500000000000       -112.50000000000000        2.1189079372721262     
   534.37500000000000       -103.12500000000000        2.1588050386716189     
   534.37500000000000       -93.750000000000000        2.1549519283873462     
   534.37500000000000       -84.375000000000000        2.1148857307494486     
   534.37500000000000       -75.000000000000000        2.0469837862114906     
   534.37500000000000       -65.625000000000000        1.9608084539012616     
   534.37500000000000       -56.250000000000000        1.8657552518053353     
   534.37500000000000       -46.875000000000000        1.7705492564829690     
   534.37500000000000       -37.500000000000000        1.6829739176840868     
   534.37500000000000       -28.125000000000000        1.6096171905894636     
   534.37500000000000       -18.750000000000000        1.5556151194529688     
   534.37500000000000       -9.3750000000000000        1.5244952034523300     
   534.37500000000000        0.0000000000000000        1.5181828218285613     
   534.37500000000000        9.3750000000000000        1.5370361753622146     
   534.37500000000000        18.750000000000000        1.5798239049929843     
   534.37500000000000        28.125000000000000        1.6438123396275768     
   534.37500000000000        37.500000000000000        1.7246412687894384     
   534.37500000000000        46.875000000000000        1.8165136741586918     
   534.37500000000000        56.250000000000000        1.9123174600648485     
   534.37500000000000        65.625000000000000        2.0038840740103101     
   534.37500000000000        75.000000000000000        2.0822381487310517     
   534.37500000000000        84.375000000000000        2.1379279965263516     
   534.37500000000000        93.750000000000000        2.1616507054451715     
   534.37500000000000        103.12500000000000        2.1461087244066714     
   534.37500000000000        112.50000000000000        2.0828639608591222     
   534.37500000000000        121.87500000000000        1.9678905918956680     
   534.37500000000000        131.25000000000000        1.8021367439217790     
   534.37500000000000        140.62500000000000        1.5897875722036876     
   534.37500000000000        150.00000000000000        1.3327448123016650     
   534.37500000000000        159.37500000000000        1.0198976208088872     
   534.37500000000000        168.75000000000000       0.60871796385230303     
   534.37500000000000        178.12500000000000       0.18362846854237888     
   543.75000000000000       -187.50000000000000       0.10564174456020958     
   543.75000000000000       -178.12500000000000       0.50697225754743658     
   543.75000000000000       -168.75000000000000       0.93939792357970742     
   543.75000000000000       -159.37500000000000        1.2659529085001127     
   543.75000000000000       -150.00000000000000        1.5324017304030262     
   543.75000000000000       -140.62500000000000        1.7530624814446834     
   543.75000000000000       -131.25000000000000        1.9262113412251916     
   543.75000000000000       -121.87500000000000        2.0463683254318688     
   543.75000000000000       -112.50000000000000        2.1111657779475546     
   543.75000000000000       -103.12500000000000        2.1240094100800828     
   543.75000000000000       -93.750000000000000        2.0929110289380439     
   543.75000000000000       -84.375000000000000        2.0252603242802740     
   543.75000000000000       -75.000000000000000        1.9308676816868608     
   543.75000000000000       -65.625000000000000        1.8198834353938043     
   543.75000000000000       -56.250000000000000        1.7021556471955248     
   543.75000000000000       -46.875000000000000        1.5869484342408446     
   543.75000000000000       -37.500000000000000        1.4826226807566130     
   543.75000000000000       -28.125000000000000        1.3961772548868394     
   543.75000000000000       -18.750000000000000        1.3328963681838781     
   543.75000000000000       -9.3750000000000000        1.2964634503207242     
   543.75000000000000        0.0000000000000000        1.2887755085968382     
   543.75000000000000        9.3750000000000000        1.3101786481840658     
   543.75000000000000        18.750000000000000        1.3595144855328776     
   543.75000000000000        28.125000000000000        1.4340108692692515     
   543.75000000000000        37.500000000000000        1.5292440308672919     
   543.75000000000000        46.875000000000000        1.6391560153198002     
   543.75000000000000        56.250000000000000        1.7561802450690345     
   543.75000000000000        65.625000000000000        1.8716208342601486     
   543.75000000000000        75.000000000000000        1.9760236177003168     
   543.75000000000000        84.375000000000000        2.0594371950400112     
   543.75000000000000        93.750000000000000        2.1118045802238212     
   543.75000000000000        103.12500000000000        2.1241322361218784     
   543.75000000000000        112.50000000000000        2.0892734092869993     
   543.75000000000000        121.87500000000000        1.9998761903815723     
   543.75000000000000        131.25000000000000        1.8554714776007164     
   543.75000000000000        140.62500000000000        1.6600556448399475     
   543.75000000000000        150.00000000000000        1.4184559121655294     
   543.75000000000000        159.37500000000000        1.1266196945869207     
   543.75000000000000        168.75000000000000       0.75402267372367204     
   543.75000000000000        178.12500000000000       0.28914511707836027     
   553.12500000000000       -187.50000000000000       0.18689047190799338     
   553.12500000000000       -178.12500000000000       0.61533224434438383     
   553.12500000000000       -168.75000000000000        1.0191912895146529     
   553.12500000000000       -159.37500000000000        1.3274565393803623     
   553.12500000000000       -150.00000000000000        1.5813312228938243     
   553.12500000000000       -140.62500000000000        1.7889659801067723     
   553.12500000000000       -131.25000000000000        1.9456390121189173     
   553.12500000000000       -121.87500000000000        2.0456177901411032     
   553.12500000000000       -112.50000000000000        2.0875317269083697     
   553.12500000000000       -103.12500000000000        2.0775309717673163     
   553.12500000000000       -93.750000000000000        2.0225078983878122     
   553.12500000000000       -84.375000000000000        1.9312873605935330     
   553.12500000000000       -75.000000000000000        1.8142350573237336     
   553.12500000000000       -65.625000000000000        1.6818824439757900     
   553.12500000000000       -56.250000000000000        1.5445512083961745     
   553.12500000000000       -46.875000000000000        1.4121553433067997     
   553.12500000000000       -37.500000000000000        1.2935210799303483     
   553.12500000000000       -28.125000000000000        1.1959922342434883     
   553.12500000000000       -18.750000000000000        1.1249954910364390     
   553.12500000000000       -9.3750000000000000        1.0840105806609257     
   553.12500000000000        0.0000000000000000        1.0749872371485121     
   553.12500000000000        9.3750000000000000        1.0982543983381157     
   553.12500000000000        18.750000000000000        1.1527151703529199     
   553.12500000000000        28.125000000000000        1.2356618785593096     
   553.12500000000000        37.500000000000000        1.3428232853831641     
   553.12500000000000        46.875000000000000        1.4679677486545541     
   553.12500000000000        56.250000000000000        1.6031785970232157     
   553.12500000000000        65.625000000000000        1.7391977197521862     
   553.12500000000000        75.000000000000000        1.8660145549206699     
   553.12500000000000        84.375000000000000        1.9732647351433508     
   553.12500000000000        93.750000000000000        2.0504545205203684     
   553.12500000000000        103.12500000000000        2.0875100207637067     
   553.12500000000000        112.50000000000000        2.0769373237362490     
   553.12500000000000        121.87500000000000        2.0110366606283003     
   553.12500000000000        131.25000000000000        1.8867651333796551     
   553.12500000000000        140.62500000000000        1.7074425132910716     
   553.12500000000000        150.00000000000000        1.4792829738795252     
   553.12500000000000        159.37500000000000        1.2030826561321735     
   553.12500000000000        168.75000000000000       0.86055876502567497     
   553.12500000000000        178.12500000000000       0.40077321834216328     
   553.12500000000000        187.50000000000000        1.7404526529545036E-002
   562.50000000000000       -187.50000000000000       0.24331507166953242     
   562.50000000000000       -178.12500000000000       0.68977476148604933     
   562.50000000000000       -168.75000000000000        1.0705873527241059     
   562.50000000000000       -159.37500000000000        1.3657484788306904     
   562.50000000000000       -150.00000000000000        1.6096092270766500     
   562.50000000000000       -140.62500000000000        1.8059922614468740     
   562.50000000000000       -131.25000000000000        1.9484659283312564     
   562.50000000000000       -121.87500000000000        2.0315133411423005     
   562.50000000000000       -112.50000000000000        2.0550870276390789     
   562.50000000000000       -103.12500000000000        2.0264809828310977     
   562.50000000000000       -93.750000000000000        1.9522578269058670     
   562.50000000000000       -84.375000000000000        1.8421863510228145     
   562.50000000000000       -75.000000000000000        1.7069272877061135     
   562.50000000000000       -65.625000000000000        1.5573087668785284     
   562.50000000000000       -56.250000000000000        1.4041866367131528     
   562.50000000000000       -46.875000000000000        1.2580100152692519     
   562.50000000000000       -37.500000000000000        1.1281105781461784     
   562.50000000000000       -28.125000000000000        1.0218612481790252     
   562.50000000000000       -18.750000000000000       0.94491367626925682     
   562.50000000000000       -9.3750000000000000       0.90058358945746075     
   562.50000000000000        0.0000000000000000       0.89037851642936805     
   562.50000000000000        9.3750000000000000       0.91456613327095060     
   562.50000000000000        18.750000000000000       0.97232400062992352     
   562.50000000000000        28.125000000000000        1.0614177936509390     
   562.50000000000000        37.500000000000000        1.1776157599392143     
   562.50000000000000        46.875000000000000        1.3146280215630328     
   562.50000000000000        56.250000000000000        1.4643261645967072     
   562.50000000000000        65.625000000000000        1.6169643722969991     
   562.50000000000000        75.000000000000000        1.7619664247953799     
   562.50000000000000        84.375000000000000        1.8885069571536173     
   562.50000000000000        93.750000000000000        1.9858192154269958     
   562.50000000000000        103.12500000000000        2.0434088501512262     
   562.50000000000000        112.50000000000000        2.0525424071606850     
   562.50000000000000        121.87500000000000        2.0064725934466043     
   562.50000000000000        131.25000000000000        1.8997511572571661     
   562.50000000000000        140.62500000000000        1.7348312571259399     
   562.50000000000000        150.00000000000000        1.5183570074547892     
   562.50000000000000        159.37500000000000        1.2542097889111485     
   562.50000000000000        168.75000000000000       0.92963323497045625     
   562.50000000000000        178.12500000000000       0.49684089999620473     
   562.50000000000000        187.50000000000000        9.0388624261671810E-002
   571.87500000000000       -187.50000000000000       0.27544731449929766     
   571.87500000000000       -178.12500000000000       0.73372251494930596     
   571.87500000000000       -168.75000000000000        1.0974086980883504     
   571.87500000000000       -159.37500000000000        1.3833179899241466     
   571.87500000000000       -150.00000000000000        1.6194784540987768     
   571.87500000000000       -140.62500000000000        1.8069956625111177     
   571.87500000000000       -131.25000000000000        1.9385385312133361     
   571.87500000000000       -121.87500000000000        2.0088244697766422     
   571.87500000000000       -112.50000000000000        2.0193652856596942     
   571.87500000000000       -103.12500000000000        1.9770730198727167     
   571.87500000000000       -93.750000000000000        1.8890693459470504     
   571.87500000000000       -84.375000000000000        1.7654625316726824     
   571.87500000000000       -75.000000000000000        1.6170489246350381     
   571.87500000000000       -65.625000000000000        1.4549153182058054     
   571.87500000000000       -56.250000000000000        1.2903733572876532     
   571.87500000000000       -46.875000000000000        1.1343335813336701     
   571.87500000000000       -37.500000000000000       0.99633003156092048     
   571.87500000000000       -28.125000000000000       0.88431473443801467     
   571.87500000000000       -18.750000000000000       0.80359259346476108     
   571.87500000000000       -9.3750000000000000       0.75694636786980651     
   571.87500000000000        0.0000000000000000       0.74567468836374939     
   571.87500000000000        9.3750000000000000       0.77002864622286482     
   571.87500000000000        18.750000000000000       0.82931158518429116     
   571.87500000000000        28.125000000000000       0.92173997770270977     
   571.87500000000000        37.500000000000000        1.0437356064846557     
   571.87500000000000        46.875000000000000        1.1889655610881755     
   571.87500000000000        56.250000000000000        1.3489752001038033     
   571.87500000000000        65.625000000000000        1.5136763443021726     
   571.87500000000000        75.000000000000000        1.6720348346904874     
   571.87500000000000        84.375000000000000        1.8127866820741014     
   571.87500000000000        93.750000000000000        1.9249488052374462     
   571.87500000000000        103.12500000000000        1.9978316567012848     
   571.87500000000000        112.50000000000000        2.0219143441050984     
   571.87500000000000        121.87500000000000        1.9908573892762615     
   571.87500000000000        131.25000000000000        1.8980186622529474     
   571.87500000000000        140.62500000000000        1.7448826146015770     
   571.87500000000000        150.00000000000000        1.5380480000399415     
   571.87500000000000        159.37500000000000        1.2832273321033321     
   571.87500000000000        168.75000000000000       0.97179685822999995     
   571.87500000000000        178.12500000000000       0.55914456895733644     
   571.87500000000000        187.50000000000000       0.13931306192988718     
   581.25000000000000       -187.50000000000000       0.28875043179673404     
   581.25000000000000       -178.12500000000000       0.74878890905607043     
   581.25000000000000       -168.75000000000000        1.1021322558145017     
   581.25000000000000       -159.37500000000000        1.3819500577617787     
   581.25000000000000       -150.00000000000000        1.6127551452951268     
   581.25000000000000       -140.62500000000000        1.7943097169771487     
   581.25000000000000       -131.25000000000000        1.9188902086165123     
   581.25000000000000       -121.87500000000000        1.9813942797571331     
   581.25000000000000       -112.50000000000000        1.9842491997609184     
   581.25000000000000       -103.12500000000000        1.9339284942821553     
   581.25000000000000       -93.750000000000000        1.8379701782023887     
   581.25000000000000       -84.375000000000000        1.7065641310861350     
   581.25000000000000       -75.000000000000000        1.5505240122467721     
   581.25000000000000       -65.625000000000000        1.3811108037460837     
   581.25000000000000       -56.250000000000000        1.2099070240592489     
   581.25000000000000       -46.875000000000000        1.0480668336207712     
   581.25000000000000       -37.500000000000000       0.90549706154306187     
   581.25000000000000       -28.125000000000000       0.79033240214113032     
   581.25000000000000       -18.750000000000000       0.70739379070896569     
   581.25000000000000       -9.3750000000000000       0.65993603197900264     
   581.25000000000000        0.0000000000000000       0.64793606321195207     
   581.25000000000000        9.3750000000000000       0.67136128460622191     
   581.25000000000000        18.750000000000000       0.73043022559623527     
   581.25000000000000        28.125000000000000       0.82407673506402090     
   581.25000000000000        37.500000000000000       0.94863403877769881     
   581.25000000000000        46.875000000000000        1.0983111148282692     
   581.25000000000000        56.250000000000000        1.2641737758963472     
   581.25000000000000        65.625000000000000        1.4360149156997482     
   581.25000000000000        75.000000000000000        1.6024213556557256     
   581.25000000000000        84.375000000000000        1.7518390577386838     
   581.25000000000000        93.750000000000000        1.8731460424094362     
   581.25000000000000        103.12500000000000        1.9555918425743530     
   581.25000000000000        112.50000000000000        1.9893440796685851     
   581.25000000000000        121.87500000000000        1.9679706533284533     
   581.25000000000000        131.25000000000000        1.8846083981059834     
   581.25000000000000        140.62500000000000        1.7398743111177715     
   581.25000000000000        150.00000000000000        1.5402276332534619     
   581.25000000000000        159.37500000000000        1.2922995640568615     
   581.25000000000000        168.75000000000000       0.98992405806039963     
   581.25000000000000        178.12500000000000       0.59150091956569084     
   581.25000000000000        187.50000000000000       0.16613984562373887     
   590.62500000000000       -187.50000000000000       0.28214168196750217     
   590.62500000000000       -178.12500000000000       0.73669361617910212     
   590.62500000000000       -168.75000000000000        1.0862802909691485     
   590.62500000000000       -159.37500000000000        1.3628268891197912     
   590.62500000000000       -150.00000000000000        1.5907043772407310     
   590.62500000000000       -140.62500000000000        1.7695050448285314     
   590.62500000000000       -131.25000000000000        1.8914426293999236     
   590.62500000000000       -121.87500000000000        1.9514377006487693     
   590.62500000000000       -112.50000000000000        1.9520956491239625     
   590.62500000000000       -103.12500000000000        1.8996861375917498     
   590.62500000000000       -93.750000000000000        1.8018031548653419     
   590.62500000000000       -84.375000000000000        1.6685708188448400     
   590.62500000000000       -75.000000000000000        1.5107256418038453     
   590.62500000000000       -65.625000000000000        1.3395169829108797     
   590.62500000000000       -56.250000000000000        1.1665753818661324     
   590.62500000000000       -46.875000000000000        1.0030959423285892     
   590.62500000000000       -37.500000000000000       0.85923863810589551     
   590.62500000000000       -28.125000000000000       0.74302262530683094     
   590.62500000000000       -18.750000000000000       0.65965904843394307     
   590.62500000000000       -9.3750000000000000       0.61019137294713999     
   590.62500000000000        0.0000000000000000       0.59724701999288499     
   590.62500000000000        9.3750000000000000       0.62078224744723687     
   590.62500000000000        18.750000000000000       0.67898865901080196     
   590.62500000000000        28.125000000000000       0.77204750201176231     
   590.62500000000000        37.500000000000000       0.89656509823779140     
   590.62500000000000        46.875000000000000        1.0469658869276726     
   590.62500000000000        56.250000000000000        1.2142793791548325     
   590.62500000000000        65.625000000000000        1.3881272021525097     
   590.62500000000000        75.000000000000000        1.5569922969018339     
   590.62500000000000        84.375000000000000        1.7092583353209625     
   590.62500000000000        93.750000000000000        1.8337678653837752     
   590.62500000000000        103.12500000000000        1.9198173712602506     
   590.62500000000000        112.50000000000000        1.9575453563872036     
   590.62500000000000        121.87500000000000        1.9404018448994877     
   590.62500000000000        131.25000000000000        1.8616705016349129     
   590.62500000000000        140.62500000000000        1.7214974421479268     
   590.62500000000000        150.00000000000000        1.5262612902372859     
   590.62500000000000        159.37500000000000        1.2828868932577424     
   590.62500000000000        168.75000000000000       0.98610989664073379     
   590.62500000000000        178.12500000000000       0.59576264012221458     
   590.62500000000000        187.50000000000000       0.17222755304798418     
   600.00000000000000       -187.50000000000000       0.25667797846997198     
   600.00000000000000       -178.12500000000000       0.69824469005205969     
   600.00000000000000       -168.75000000000000        1.0505721770024088     
   600.00000000000000       -159.37500000000000        1.3266181219999735     
   600.00000000000000       -150.00000000000000        1.5539810876254287     
   600.00000000000000       -140.62500000000000        1.7332464304512660     
   600.00000000000000       -131.25000000000000        1.8568654896097883     
   600.00000000000000       -121.87500000000000        1.9195974696919440     
   600.00000000000000       -112.50000000000000        1.9235096116891846     
   600.00000000000000       -103.12500000000000        1.8749262301441978     
   600.00000000000000       -93.750000000000000        1.7811212793138487     
   600.00000000000000       -84.375000000000000        1.6520315649861479     
   600.00000000000000       -75.000000000000000        1.4982215169305588     
   600.00000000000000       -65.625000000000000        1.3307335142885213     
   600.00000000000000       -56.250000000000000        1.1609962995373577     
   600.00000000000000       -46.875000000000000        1.0000422480290247     
   600.00000000000000       -37.500000000000000       0.85788707076006299     
   600.00000000000000       -28.125000000000000       0.74262191366693475     
   600.00000000000000       -18.750000000000000       0.65933203146088926     
   600.00000000000000       -9.3750000000000000       0.61031255006067164     
   600.00000000000000        0.0000000000000000       0.59565086524563604     
   600.00000000000000        9.3750000000000000       0.61882688379974049     
   600.00000000000000        18.750000000000000       0.67507626569070711     
   600.00000000000000        28.125000000000000       0.76628257494001928     
   600.00000000000000        37.500000000000000       0.88851547563653732     
   600.00000000000000        46.875000000000000        1.0362617890289914     
   600.00000000000000        56.250000000000000        1.2006179943591582     
   600.00000000000000        65.625000000000000        1.3713478097716996     
   600.00000000000000        75.000000000000000        1.5370617412276486     
   600.00000000000000        84.375000000000000        1.6862974923764518     
   600.00000000000000        93.750000000000000        1.8080437266435720     
   600.00000000000000        103.12500000000000        1.8917313532615962     
   600.00000000000000        112.50000000000000        1.9276475629045775     
   600.00000000000000        121.87500000000000        1.9093817553153474     
   600.00000000000000        131.25000000000000        1.8302846231650760     
   600.00000000000000        140.62500000000000        1.6907058863680171     
   600.00000000000000        150.00000000000000        1.4970080034832312     
   600.00000000000000        159.37500000000000        1.2558749647979635     
   600.00000000000000        168.75000000000000       0.96149925658026014     
   600.00000000000000        178.12500000000000       0.57308509443808253     
   600.00000000000000        187.50000000000000       0.15832516273012687     
   609.37500000000000       -187.50000000000000       0.21268888103065170     
   609.37500000000000       -178.12500000000000       0.63347094008331961     
   609.37500000000000       -168.75000000000000       0.99495179921680177     
   609.37500000000000       -159.37500000000000        1.2734916257261906     
   609.37500000000000       -150.00000000000000        1.5026312416148577     
   609.37500000000000       -140.62500000000000        1.6852932325523216     
   609.37500000000000       -131.25000000000000        1.8145886863357794     
   609.37500000000000       -121.87500000000000        1.8849972639904429     
   609.37500000000000       -112.50000000000000        1.8973505181812336     
   609.37500000000000       -103.12500000000000        1.8582140967370580     
   609.37500000000000       -93.750000000000000        1.7742229830057903     
   609.37500000000000       -84.375000000000000        1.6549867216840277     
   609.37500000000000       -75.000000000000000        1.5108148829330301     
   609.37500000000000       -65.625000000000000        1.3523750621216377     
   609.37500000000000       -56.250000000000000        1.1906346513194359     
   609.37500000000000       -46.875000000000000        1.0363648839213273     
   609.37500000000000       -37.500000000000000       0.89899388580255524     
   609.37500000000000       -28.125000000000000       0.78672985957090547     
   609.37500000000000       -18.750000000000000       0.70472044688287472     
   609.37500000000000       -9.3750000000000000       0.65603590732075423     
   609.37500000000000        0.0000000000000000       0.64193118994288112     
   609.37500000000000        9.3750000000000000       0.66202594920068736     
   609.37500000000000        18.750000000000000       0.71691275567700230     
   609.37500000000000        28.125000000000000       0.80484873267640222     
   609.37500000000000        37.500000000000000       0.92258818683294219     
   609.37500000000000        46.875000000000000        1.0643301164237418     
   609.37500000000000        56.250000000000000        1.2214835481514104     
   609.37500000000000        65.625000000000000        1.3841235848305322     
   609.37500000000000        75.000000000000000        1.5412775149838727     
   609.37500000000000        84.375000000000000        1.6818188390697693     
   609.37500000000000        93.750000000000000        1.7950540959428012     
   609.37500000000000        103.12500000000000        1.8706348138517519     
   609.37500000000000        112.50000000000000        1.8991873854741455     
   609.37500000000000        121.87500000000000        1.8746221948606405     
   609.37500000000000        131.25000000000000        1.7904089896865669     
   609.37500000000000        140.62500000000000        1.6476645849695273     
   609.37500000000000        150.00000000000000        1.4527870645418897     
   609.37500000000000        159.37500000000000        1.2116406564765250     
   609.37500000000000        168.75000000000000       0.91637173369635327     
   609.37500000000000        178.12500000000000       0.52395983440798377     
   609.37500000000000        187.50000000000000       0.12456946955850567     
   618.75000000000000       -187.50000000000000       0.14689209267406902     
   618.75000000000000       -178.12500000000000       0.54234373298336824     
   618.75000000000000       -168.75000000000000       0.91849189623614180     
   618.75000000000000       -159.37500000000000        1.2030823237068344     
   618.75000000000000       -150.00000000000000        1.4361802022066823     
   618.75000000000000       -140.62500000000000        1.6246412258357683     
   618.75000000000000       -131.25000000000000        1.7629508050965441     
   618.75000000000000       -121.87500000000000        1.8453269231364671     
   618.75000000000000       -112.50000000000000        1.8709343751406449     
   618.75000000000000       -103.12500000000000        1.8462745044164903     
   618.75000000000000       -93.750000000000000        1.7773525077090124     
   618.75000000000000       -84.375000000000000        1.6731953545802265     
   618.75000000000000       -75.000000000000000        1.5437696665670566     
   618.75000000000000       -65.625000000000000        1.3992706270683744     
   618.75000000000000       -56.250000000000000        1.2501039017773572     
   618.75000000000000       -46.875000000000000        1.1063837904424658     
   618.75000000000000       -37.500000000000000       0.97730263329871458     
   618.75000000000000       -28.125000000000000       0.87047569081801490     
   618.75000000000000       -18.750000000000000       0.79163849493621152     
   618.75000000000000       -9.3750000000000000       0.74409465266203556     
   618.75000000000000        0.0000000000000000       0.72949371775888971     
   618.75000000000000        9.3750000000000000       0.74834095064943540     
   618.75000000000000        18.750000000000000       0.80016163290856068     
   618.75000000000000        28.125000000000000       0.88323273230681154     
   618.75000000000000        37.500000000000000       0.99400223924499576     
   618.75000000000000        46.875000000000000        1.1263222388503693     
   618.75000000000000        56.250000000000000        1.2722272988403103     
   618.75000000000000        65.625000000000000        1.4221817948884850     
   618.75000000000000        75.000000000000000        1.5657572533074895     
   618.75000000000000        84.375000000000000        1.6924190482623773     
   618.75000000000000        93.750000000000000        1.7918439177301451     
   618.75000000000000        103.12500000000000        1.8540052396895725     
   618.75000000000000        112.50000000000000        1.8702357902438111     
   618.75000000000000        121.87500000000000        1.8344536392506541     
   618.75000000000000        131.25000000000000        1.7409659857034812     
   618.75000000000000        140.62500000000000        1.5918207733850878     
   618.75000000000000        150.00000000000000        1.3934281101436086     
   618.75000000000000        159.37500000000000        1.1500355986158139     
   618.75000000000000        168.75000000000000       0.85010822755525617     
   618.75000000000000        178.12500000000000       0.44819734291438512     
   618.75000000000000        187.50000000000000        7.0478048384954833E-002
   628.12500000000000       -187.50000000000000        5.9053303002981304E-002
   628.12500000000000       -178.12500000000000       0.42317524320585437     
   628.12500000000000       -168.75000000000000       0.81905254159512553     
   628.12500000000000       -159.37500000000000        1.1144360095936916     
   628.12500000000000       -150.00000000000000        1.3537585346640615     
   628.12500000000000       -140.62500000000000        1.5497753094164437     
   628.12500000000000       -131.25000000000000        1.6994980480737898     
   628.12500000000000       -121.87500000000000        1.7970909457557884     
   628.12500000000000       -112.50000000000000        1.8403946518331669     
   628.12500000000000       -103.12500000000000        1.8342698741817518     
   628.12500000000000       -93.750000000000000        1.7850201035302673     
   628.12500000000000       -84.375000000000000        1.7005206137094639     
   628.12500000000000       -75.000000000000000        1.5902714172479768     
   628.12500000000000       -65.625000000000000        1.4640033218219988     
   628.12500000000000       -56.250000000000000        1.3314291674199386     
   628.12500000000000       -46.875000000000000        1.2020349209246612     
   628.12500000000000       -37.500000000000000        1.0844760363660597     
   628.12500000000000       -28.125000000000000       0.98610246115000066     
   628.12500000000000       -18.750000000000000       0.91244722069080419     
   628.12500000000000       -9.3750000000000000       0.86739906548732015     
   628.12500000000000        0.0000000000000000       0.85302292390728129     
   628.12500000000000        9.3750000000000000       0.86997419129492892     
   628.12500000000000        18.750000000000000       0.91765225228340341     
   628.12500000000000        28.125000000000000       0.99397889726779631     
   628.12500000000000        37.500000000000000        1.0948988268330282     
   628.12500000000000        46.875000000000000        1.2146762108896725     
   628.12500000000000        56.250000000000000        1.3456233361609420     
   628.12500000000000        65.625000000000000        1.4788131435258129     
   628.12500000000000        75.000000000000000        1.6044834483909691     
   628.12500000000000        84.375000000000000        1.7127407931921881     
   628.12500000000000        93.750000000000000        1.7936904717240150     
   628.12500000000000        103.12500000000000        1.8377784981802199     
   628.12500000000000        112.50000000000000        1.8374573899579023     
   628.12500000000000        121.87500000000000        1.7861622165219491     
   628.12500000000000        131.25000000000000        1.6800501763957598     
   628.12500000000000        140.62500000000000        1.5220730155464626     
   628.12500000000000        150.00000000000000        1.3183177345164661     
   628.12500000000000        159.37500000000000        1.0702796235478873     
   628.12500000000000        168.75000000000000       0.76136461073719974     
   628.12500000000000        178.12500000000000       0.34318622553745098     
   637.50000000000000       -178.12500000000000       0.27594923989072873     
   637.50000000000000       -168.75000000000000       0.69164289164453308     
   637.50000000000000       -159.37500000000000        1.0056655070131362     
   637.50000000000000       -150.00000000000000        1.2541534081836874     
   637.50000000000000       -140.62500000000000        1.4589694039699086     
   637.50000000000000       -131.25000000000000        1.6213791513678129     
   637.50000000000000       -121.87500000000000        1.7363190988576611     
   637.50000000000000       -112.50000000000000        1.8006780022419762     
   637.50000000000000       -103.12500000000000        1.8163614112125106     
   637.50000000000000       -93.750000000000000        1.7904778249113813     
   637.50000000000000       -84.375000000000000        1.7294347105787100     
   637.50000000000000       -75.000000000000000        1.6420186342986987     
   637.50000000000000       -65.625000000000000        1.5374639879601628     
   637.50000000000000       -56.250000000000000        1.4248564132976658     
   637.50000000000000       -46.875000000000000        1.3129533502930397     
   637.50000000000000       -37.500000000000000        1.2098519014005287     
   637.50000000000000       -28.125000000000000        1.1224798069299284     
   637.50000000000000       -18.750000000000000        1.0563822426056524     
   637.50000000000000       -9.3750000000000000        1.0154349292155207     
   637.50000000000000        0.0000000000000000        1.0019136017626133     
   637.50000000000000        9.3750000000000000        1.0165934881718199     
   637.50000000000000        18.750000000000000        1.0587880684944482     
   637.50000000000000        28.125000000000000        1.1262524258609770     
   637.50000000000000        37.500000000000000        1.2150528685389608     
   637.50000000000000        46.875000000000000        1.3194951074541916     
   637.50000000000000        56.250000000000000        1.4324298568499068     
   637.50000000000000        65.625000000000000        1.5455143896541956     
   637.50000000000000        75.000000000000000        1.6497593169743281     
   637.50000000000000        84.375000000000000        1.7358743462753148     
   637.50000000000000        93.750000000000000        1.7944687392511418     
   637.50000000000000        103.12500000000000        1.8167453961312516     
   637.50000000000000        112.50000000000000        1.7963920072644888     
   637.50000000000000        121.87500000000000        1.7262722655191713     
   637.50000000000000        131.25000000000000        1.6052779991179607     
   637.50000000000000        140.62500000000000        1.4370142438538269     
   637.50000000000000        150.00000000000000        1.2264435710758153     
   637.50000000000000        159.37500000000000       0.97068726239679803     
   637.50000000000000        168.75000000000000       0.64167490032206675     
   637.50000000000000        178.12500000000000       0.23614821034083322     
   646.87500000000000       -178.12500000000000       0.15608631516994750     
   646.87500000000000       -168.75000000000000       0.52661193019763208     
   646.87500000000000       -159.37500000000000       0.87321542353609394     
   646.87500000000000       -150.00000000000000        1.1356177342596139     
   646.87500000000000       -140.62500000000000        1.3505119428899162     
   646.87500000000000       -131.25000000000000        1.5258528113223842     
   646.87500000000000       -121.87500000000000        1.6588456493088264     
   646.87500000000000       -112.50000000000000        1.7458083821993369     
   646.87500000000000       -103.12500000000000        1.7864655349726146     
   646.87500000000000       -93.750000000000000        1.7861256817217581     
   646.87500000000000       -84.375000000000000        1.7514919417403785     
   646.87500000000000       -75.000000000000000        1.6898050406758169     
   646.87500000000000       -65.625000000000000        1.6096338010089024     
   646.87500000000000       -56.250000000000000        1.5195247681596351     
   646.87500000000000       -46.875000000000000        1.4275779117077709     
   646.87500000000000       -37.500000000000000        1.3412384540579911     
   646.87500000000000       -28.125000000000000        1.2670199145514045     
   646.87500000000000       -18.750000000000000        1.2101696745516155     
   646.87500000000000       -9.3750000000000000        1.1745243713094407     
   646.87500000000000        0.0000000000000000        1.1623887768941301     
   646.87500000000000        9.3750000000000000        1.1746088029332651     
   646.87500000000000        18.750000000000000        1.2104555567354685     
   646.87500000000000        28.125000000000000        1.2676983879726500     
   646.87500000000000        37.500000000000000        1.3424994818273457     
   646.87500000000000        46.875000000000000        1.4295286050126703     
   646.87500000000000        56.250000000000000        1.5221216009119976     
   646.87500000000000        65.625000000000000        1.6126432411068747     
   646.87500000000000        75.000000000000000        1.6927941883441295     
   646.87500000000000        84.375000000000000        1.7538392469741562     
   646.87500000000000        93.750000000000000        1.7870697282585508     
   646.87500000000000        103.12500000000000        1.7852706719897078     
   646.87500000000000        112.50000000000000        1.7415656631697627     
   646.87500000000000        121.87500000000000        1.6510043816243729     
   646.87500000000000        131.25000000000000        1.5142066682225659     
   646.87500000000000        140.62500000000000        1.3351178170678222     
   646.87500000000000        150.00000000000000        1.1162041900899524     
   646.87500000000000        159.37500000000000       0.84806516576974600     
   646.87500000000000        168.75000000000000       0.49187329215911385     
   646.87500000000000        178.12500000000000       0.12819664797852975     
   656.25000000000000       -178.12500000000000        8.5135907724663840E-003
   656.25000000000000       -168.75000000000000       0.32777216561304806     
   656.25000000000000       -159.37500000000000       0.71105041804357239     
   656.25000000000000       -150.00000000000000       0.99513777345691845     
   656.25000000000000       -140.62500000000000        1.2227016134428381     
   656.25000000000000       -131.25000000000000        1.4107167444647066     
   656.25000000000000       -121.87500000000000        1.5609886081591910     
   656.25000000000000       -112.50000000000000        1.6704757852881846     
   656.25000000000000       -103.12500000000000        1.7377038475035347     
   656.25000000000000       -93.750000000000000        1.7645877997602104     
   656.25000000000000       -84.375000000000000        1.7578906396607870     
   656.25000000000000       -75.000000000000000        1.7239913128004993     
   656.25000000000000       -65.625000000000000        1.6701767651627386     
   656.25000000000000       -56.250000000000000        1.6043168164646657     
   656.25000000000000       -46.875000000000000        1.5339661425242801     
   656.25000000000000       -37.500000000000000        1.4659950589013786     
   656.25000000000000       -28.125000000000000        1.4063914571844558     
   656.25000000000000       -18.750000000000000        1.3600577304514532     
   656.25000000000000       -9.3750000000000000        1.3306192658663534     
   656.25000000000000        0.0000000000000000        1.3203301711165980     
   656.25000000000000        9.3750000000000000        1.3299977763413422     
   656.25000000000000        18.750000000000000        1.3589526990894729     
   656.25000000000000        28.125000000000000        1.4050415398133969     
   656.25000000000000        37.500000000000000        1.4646812445058714     
   656.25000000000000        46.875000000000000        1.5329381561690731     
   656.25000000000000        56.250000000000000        1.6037311110541068     
   656.25000000000000        65.625000000000000        1.6700522007798790     
   656.25000000000000        75.000000000000000        1.7241883882393063     
   656.25000000000000        84.375000000000000        1.7581151299987385     
   656.25000000000000        93.750000000000000        1.7644381232492614     
   656.25000000000000        103.12500000000000        1.7366739450637445     
   656.25000000000000        112.50000000000000        1.6680808827013214     
   656.25000000000000        121.87500000000000        1.5568764291374544     
   656.25000000000000        131.25000000000000        1.4047234717379060     
   656.25000000000000        140.62500000000000        1.2147425602025697     
   656.25000000000000        150.00000000000000       0.98483382270106934     
   656.25000000000000        159.37500000000000       0.69697323860179738     
   656.25000000000000        168.75000000000000       0.30925501750217210     
   665.62500000000000       -168.75000000000000       0.15578501026518077     
   665.62500000000000       -159.37500000000000       0.50124790670155417     
   665.62500000000000       -150.00000000000000       0.82684945049056324     
   665.62500000000000       -140.62500000000000        1.0730388923124841     
   665.62500000000000       -131.25000000000000        1.2743164107163774     
   665.62500000000000       -121.87500000000000        1.4401995939707641     
   665.62500000000000       -112.50000000000000        1.5704796331457840     
   665.62500000000000       -103.12500000000000        1.6632357160924167     
   665.62500000000000       -93.750000000000000        1.7188263636246774     
   665.62500000000000       -84.375000000000000        1.7404405223687509     
   665.62500000000000       -75.000000000000000        1.7350501940287135     
   665.62500000000000       -65.625000000000000        1.7088093294641111     
   665.62500000000000       -56.250000000000000        1.6683663414157133     
   665.62500000000000       -46.875000000000000        1.6206146812690405     
   665.62500000000000       -37.500000000000000        1.5718978063549125     
   665.62500000000000       -28.125000000000000        1.5277412154204129     
   665.62500000000000       -18.750000000000000        1.4926584230983506     
   665.62500000000000       -9.3750000000000000        1.4700042210401429     
   665.62500000000000        0.0000000000000000        1.4618771209074906     
   665.62500000000000        9.3750000000000000        1.4690369745892631     
   665.62500000000000        18.750000000000000        1.4908728114535248     
   665.62500000000000        28.125000000000000        1.5254052074005482     
   665.62500000000000        37.500000000000000        1.5693508080026572     
   665.62500000000000        46.875000000000000        1.6182064941426657     
   665.62500000000000        56.250000000000000        1.6664037216047611     
   665.62500000000000        65.625000000000000        1.7075075885190212     
   665.62500000000000        75.000000000000000        1.7345088292318547     
   665.62500000000000        84.375000000000000        1.7406098561585803     
   665.62500000000000        93.750000000000000        1.7195923116505809     
   665.62500000000000        103.12500000000000        1.6643756258422757     
   665.62500000000000        112.50000000000000        1.5717178859709511     
   665.62500000000000        121.87500000000000        1.4412911731709830     
   665.62500000000000        131.25000000000000        1.2751145398786690     
   665.62500000000000        140.62500000000000        1.0735243750698649     
   665.62500000000000        150.00000000000000       0.82712410577806050     
   665.62500000000000        159.37500000000000       0.50158724868017668     
   665.62500000000000        168.75000000000000       0.15648325572245589     
   675.00000000000000       -159.37500000000000       0.25682969494700381     
   675.00000000000000       -150.00000000000000       0.61652098792039067     
   675.00000000000000       -140.62500000000000       0.89629800778317537     
   675.00000000000000       -131.25000000000000        1.1147532373899838     
   675.00000000000000       -121.87500000000000        1.2951615415848208     
   675.00000000000000       -112.50000000000000        1.4432990892056050     
   675.00000000000000       -103.12500000000000        1.5588841363645201     
   675.00000000000000       -93.750000000000000        1.6412946692713919     
   675.00000000000000       -84.375000000000000        1.6920546851950322     
   675.00000000000000       -75.000000000000000        1.7147756386661326     
   675.00000000000000       -65.625000000000000        1.7158426536036067     
   675.00000000000000       -56.250000000000000        1.7012817634540294     
   675.00000000000000       -46.875000000000000        1.6766517859154249     
   675.00000000000000       -37.500000000000000        1.6476547777276545     
   675.00000000000000       -28.125000000000000        1.6193350321090973     
   675.00000000000000       -18.750000000000000        1.5958303633636537     
   675.00000000000000       -9.3750000000000000        1.5802337602727119     
   675.00000000000000        0.0000000000000000        1.5744723332404615     
   675.00000000000000        9.3750000000000000        1.5792499039393952     
   675.00000000000000        18.750000000000000        1.5940163075700053     
   675.00000000000000        28.125000000000000        1.6169758384942274     
   675.00000000000000        37.500000000000000        1.6451289615515299     
   675.00000000000000        46.875000000000000        1.6743783908553260     
   675.00000000000000        56.250000000000000        1.6996785787071866     
   675.00000000000000        65.625000000000000        1.7152596079852194     
   675.00000000000000        75.000000000000000        1.7154419786232606     
   675.00000000000000        84.375000000000000        1.6942093137949565     
   675.00000000000000        93.750000000000000        1.6449913030645493     
   675.00000000000000        103.12500000000000        1.5640362029839494     
   675.00000000000000        112.50000000000000        1.4497311196295568     
   675.00000000000000        121.87500000000000        1.3027099842256988     
   675.00000000000000        131.25000000000000        1.1234779503482024     
   675.00000000000000        140.62500000000000       0.90680231941608203     
   675.00000000000000        150.00000000000000       0.63118080477003546     
   675.00000000000000        159.37500000000000       0.27048161191254994     
   684.37500000000000       -159.37500000000000        6.2568099068821589E-002
   684.37500000000000       -150.00000000000000       0.35300107764678113     
   684.37500000000000       -140.62500000000000       0.68143157370315399     
   684.37500000000000       -131.25000000000000       0.92734436574243218     
   684.37500000000000       -121.87500000000000        1.1246752924300079     
   684.37500000000000       -112.50000000000000        1.2883251531116593     
   684.37500000000000       -103.12500000000000        1.4227497038418944     
   684.37500000000000       -93.750000000000000        1.5283133311849646     
   684.37500000000000       -84.375000000000000        1.6054038917506721     
   684.37500000000000       -75.000000000000000        1.6560914035027556     
   684.37500000000000       -65.625000000000000        1.6839685790698362     
   684.37500000000000       -56.250000000000000        1.6940808925474129     
   684.37500000000000       -46.875000000000000        1.6921405081169540     
   684.37500000000000       -37.500000000000000        1.6828554481655729     
   684.37500000000000       -28.125000000000000        1.6704630091857127     
   684.37500000000000       -18.750000000000000        1.6586490979071780     
   684.37500000000000       -9.3750000000000000        1.6502351553678771     
   684.37500000000000        0.0000000000000000        1.6469798354486698     
   684.37500000000000        9.3750000000000000        1.6495303015394358     
   684.37500000000000        18.750000000000000        1.6573951207979212     
   684.37500000000000        28.125000000000000        1.6689541205826097     
   684.37500000000000        37.500000000000000        1.6814938219818159     
   684.37500000000000        46.875000000000000        1.6913817350744353     
   684.37500000000000        56.250000000000000        1.6943577109823951     
   684.37500000000000        65.625000000000000        1.6857482906706844     
   684.37500000000000        75.000000000000000        1.6598438739115282     
   684.37500000000000        84.375000000000000        1.6113715090383995     
   684.37500000000000        93.750000000000000        1.5366111517319749     
   684.37500000000000        103.12500000000000        1.4333475822444086     
   684.37500000000000        112.50000000000000        1.3011441488255733     
   684.37500000000000        121.87500000000000        1.1398348190899648     
   684.37500000000000        131.25000000000000       0.94566692109122996     
   684.37500000000000        140.62500000000000       0.70519071326964722     
   684.37500000000000        150.00000000000000       0.38449165585350570     
   684.37500000000000        159.37500000000000        8.9118314793586562E-002
   693.75000000000000       -150.00000000000000       0.11654883709129264     
   693.75000000000000       -140.62500000000000       0.40204967704298078     
   693.75000000000000       -131.25000000000000       0.70033754366602641     
   693.75000000000000       -121.87500000000000       0.92427978954409185     
   693.75000000000000       -112.50000000000000        1.1051493336511771     
   693.75000000000000       -103.12500000000000        1.2553637136844380     
   693.75000000000000       -93.750000000000000        1.3793150879260045     
   693.75000000000000       -84.375000000000000        1.4781865881493377     
   693.75000000000000       -75.000000000000000        1.5530436274765624     
   693.75000000000000       -65.625000000000000        1.6060295126408688     
   693.75000000000000       -56.250000000000000        1.6404338949444488     
   693.75000000000000       -46.875000000000000        1.6600957205131113     
   693.75000000000000       -37.500000000000000        1.6692585872779859     
   693.75000000000000       -28.125000000000000        1.6719952426129223     
   693.75000000000000       -18.750000000000000        1.6715280538277153     
   693.75000000000000       -9.3750000000000000        1.6702087578610052     
   693.75000000000000        0.0000000000000000        1.6695237061157979     
   693.75000000000000        9.3750000000000000        1.6700391186108492     
   693.75000000000000        18.750000000000000        1.6713383183943888     
   693.75000000000000        28.125000000000000        1.6720590170770555     
   693.75000000000000        37.500000000000000        1.6699745553522367     
   693.75000000000000        46.875000000000000        1.6619442370759911     
   693.75000000000000        56.250000000000000        1.6439814499680172     
   693.75000000000000        65.625000000000000        1.6117362244804101     
   693.75000000000000        75.000000000000000        1.5613029681449655     
   693.75000000000000        84.375000000000000        1.4892650883151191     
   693.75000000000000        93.750000000000000        1.3933252041947337     
   693.75000000000000        103.12500000000000        1.2723726443522303     
   693.75000000000000        112.50000000000000        1.1254302909227885     
   693.75000000000000        121.87500000000000       0.94885131379447063     
   693.75000000000000        131.25000000000000       0.73144437562102560     
   693.75000000000000        140.62500000000000       0.44396349155666753     
   693.75000000000000        150.00000000000000       0.15122143748281727     
   703.12500000000000       -140.62500000000000       0.13441759252050273     
   703.12500000000000       -131.25000000000000       0.40358732163180017     
   703.12500000000000       -121.87500000000000       0.68041134711516793     
   703.12500000000000       -112.50000000000000       0.88879319704224335     
   703.12500000000000       -103.12500000000000        1.0569057658702872     
   703.12500000000000       -93.750000000000000        1.1962779880757959     
   703.12500000000000       -84.375000000000000        1.3118760339822773     
   703.12500000000000       -75.000000000000000        1.4056986934500313     
   703.12500000000000       -65.625000000000000        1.4792576937275852     
   703.12500000000000       -56.250000000000000        1.5345268498421769     
   703.12500000000000       -46.875000000000000        1.5741360724694284     
   703.12500000000000       -37.500000000000000        1.6010851308761738     
   703.12500000000000       -28.125000000000000        1.6183683545403063     
   703.12500000000000       -18.750000000000000        1.6286364708255985     
   703.12500000000000       -9.3750000000000000        1.6339640092940846     
   703.12500000000000        0.0000000000000000        1.6357467921156299     
   703.12500000000000        9.3750000000000000        1.6345159178104025     
   703.12500000000000        18.750000000000000        1.6298993655859597     
   703.12500000000000        28.125000000000000        1.6206246605754717     
   703.12500000000000        37.500000000000000        1.6047232868957195     
   703.12500000000000        46.875000000000000        1.5796074733619263     
   703.12500000000000        56.250000000000000        1.5422999791339851     
   703.12500000000000        65.625000000000000        1.4897587351209167     
   703.12500000000000        75.000000000000000        1.4192601723559475     
   703.12500000000000        84.375000000000000        1.3287368223552776     
   703.12500000000000        93.750000000000000        1.2166746831650241     
   703.12500000000000        103.12500000000000        1.0813435151360746     
   703.12500000000000        112.50000000000000       0.91858737375062394     
   703.12500000000000        121.87500000000000       0.71819394626616850     
   703.12500000000000        131.25000000000000       0.45403473596481847     
   703.12500000000000        140.62500000000000       0.17577656105059175     
   712.50000000000000       -131.25000000000000       0.11797249518319095     
   712.50000000000000       -121.87500000000000       0.35917411704689695     
   712.50000000000000       -112.50000000000000       0.62028416354799365     
   712.50000000000000       -103.12500000000000       0.82023097431947556     
   712.50000000000000       -93.750000000000000       0.97901547573834757     
   712.50000000000000       -84.375000000000000        1.1096181895588020     
   712.50000000000000       -75.000000000000000        1.2179321540225163     
   712.50000000000000       -65.625000000000000        1.3068104418302557     
   712.50000000000000       -56.250000000000000        1.3780798743402911     
   712.50000000000000       -46.875000000000000        1.4335223923791136     
   712.50000000000000       -37.500000000000000        1.4750871818803144     
   712.50000000000000       -28.125000000000000        1.5048196318446749     
   712.50000000000000       -18.750000000000000        1.5246377288003741     
   712.50000000000000       -9.3750000000000000        1.5361121229914738     
   712.50000000000000        0.0000000000000000        1.5402805789734748     
   712.50000000000000        9.3750000000000000        1.5375452039647461     
   712.50000000000000        18.750000000000000        1.5276329263664759     
   712.50000000000000        28.125000000000000        1.5096211338761536     
   712.50000000000000        37.500000000000000        1.4820236715705339     
   712.50000000000000        46.875000000000000        1.4429690037478116     
   712.50000000000000        56.250000000000000        1.3904101965771365     
   712.50000000000000        65.625000000000000        1.3223716577996449     
   712.50000000000000        75.000000000000000        1.2370540209371033     
   712.50000000000000        84.375000000000000        1.1327351599624591     
   712.50000000000000        93.750000000000000        1.0069342934678351     
   712.50000000000000        103.12500000000000       0.85468486630824825     
   712.50000000000000        112.50000000000000       0.66610465896465509     
   712.50000000000000        121.87500000000000       0.41690890048886370     
   712.50000000000000        131.25000000000000       0.16521227794659454     
   721.87500000000000       -121.87500000000000        6.6863680358106609E-002
   721.87500000000000       -112.50000000000000       0.26662170173673333     
   721.87500000000000       -103.12500000000000       0.51489552230537183     
   721.87500000000000       -93.750000000000000       0.71492843057321309     
   721.87500000000000       -84.375000000000000       0.86826524059165366     
   721.87500000000000       -75.000000000000000       0.99230650751506533     
   721.87500000000000       -65.625000000000000        1.0940342401537781     
   721.87500000000000       -56.250000000000000        1.1772263339517084     
   721.87500000000000       -46.875000000000000        1.2441295545845046     
   721.87500000000000       -37.500000000000000        1.2963966221000951     
   721.87500000000000       -28.125000000000000        1.3354596175141440     
   721.87500000000000       -18.750000000000000        1.3626077666542553     
   721.87500000000000       -9.3750000000000000        1.3788796935107319     
   721.87500000000000        0.0000000000000000        1.3849811272332069     
   721.87500000000000        9.3750000000000000        1.3811922991697685     
   721.87500000000000        18.750000000000000        1.3673329082133980     
   721.87500000000000        28.125000000000000        1.3427846052579413     
   721.87500000000000        37.500000000000000        1.3065741765096883     
   721.87500000000000        46.875000000000000        1.2574612859482037     
   721.87500000000000        56.250000000000000        1.1940536529571451     
   721.87500000000000        65.625000000000000        1.1147910358792918     
   721.87500000000000        75.000000000000000        1.0176499785821114     
   721.87500000000000        84.375000000000000       0.89938862752221738     
   721.87500000000000        93.750000000000000       0.75406493462508828     
   721.87500000000000        103.12500000000000       0.56758065936846158     
   721.87500000000000        112.50000000000000       0.33217227213066691     
   721.87500000000000        121.87500000000000       0.11966244177792523     
   731.25000000000000       -103.12500000000000       0.16860194968088285     
   731.25000000000000       -93.750000000000000       0.36331725505341078     
   731.25000000000000       -84.375000000000000       0.56068593076718187     
   731.25000000000000       -75.000000000000000       0.71720767729411206     
   731.25000000000000       -65.625000000000000       0.83812903964411178     
   731.25000000000000       -56.250000000000000       0.93483418479590186     
   731.25000000000000       -46.875000000000000        1.0121119256819160     
   731.25000000000000       -37.500000000000000        1.0728400631552455     
   731.25000000000000       -28.125000000000000        1.1188165333907309     
   731.25000000000000       -18.750000000000000        1.1512497444222218     
   731.25000000000000       -9.3750000000000000        1.1709863761395398     
   731.25000000000000        0.0000000000000000        1.1785381156387664     
   731.25000000000000        9.3750000000000000        1.1741105172983557     
   731.25000000000000        18.750000000000000        1.1575826665576154     
   731.25000000000000        28.125000000000000        1.1285219139053759     
   731.25000000000000        37.500000000000000        1.0861756359525563     
   731.25000000000000        46.875000000000000        1.0294598273127038     
   731.25000000000000        56.250000000000000       0.95677838021836381     
   731.25000000000000        65.625000000000000       0.86565960653167873     
   731.25000000000000        75.000000000000000       0.75196332412017308     
   731.25000000000000        84.375000000000000       0.60802240886313708     
   731.25000000000000        93.750000000000000       0.42051339291828738     
   731.25000000000000        103.12500000000000       0.21398687272550504     
   731.25000000000000        112.50000000000000        3.6832397502727418E-002
   740.62500000000000       -93.750000000000000        3.5034276913998894E-002
   740.62500000000000       -84.375000000000000       0.18811267531583484     
   740.62500000000000       -75.000000000000000       0.34786630848340494     
   740.62500000000000       -65.625000000000000       0.50505233084683621     
   740.62500000000000       -56.250000000000000       0.63348829252710592     
   740.62500000000000       -46.875000000000000       0.72842479741714738     
   740.62500000000000       -37.500000000000000       0.80154888287965631     
   740.62500000000000       -28.125000000000000       0.85611059941580137     
   740.62500000000000       -18.750000000000000       0.89433165712298601     
   740.62500000000000       -9.3750000000000000       0.91757268295344274     
   740.62500000000000        0.0000000000000000       0.92656975206006176     
   740.62500000000000        9.3750000000000000       0.92160486487587490     
   740.62500000000000        18.750000000000000       0.90253038541069841     
   740.62500000000000        28.125000000000000       0.86875955841401442     
   740.62500000000000        37.500000000000000       0.81915278150129189     
   740.62500000000000        46.875000000000000       0.75180815845180560     
   740.62500000000000        56.250000000000000       0.66398932479255857     
   740.62500000000000        65.625000000000000       0.54600220197189586     
   740.62500000000000        75.000000000000000       0.39818217218265189     
   740.62500000000000        84.375000000000000       0.22758699657853271     
   740.62500000000000        93.750000000000000        8.6028010972803354E-002
   750.00000000000000       -75.000000000000000        5.4743938300277116E-003
   750.00000000000000       -65.625000000000000       0.12982772121914149     
   750.00000000000000       -56.250000000000000       0.22905078748197502     
   750.00000000000000       -46.875000000000000       0.34479446983904466     
   750.00000000000000       -37.500000000000000       0.44096755575098867     
   750.00000000000000       -28.125000000000000       0.51402061829945511     
   750.00000000000000       -18.750000000000000       0.56606277562270291     
   750.00000000000000       -9.3750000000000000       0.59782548591233720     
   750.00000000000000        0.0000000000000000       0.61011971370648532     
   750.00000000000000        9.3750000000000000       0.60377053762601696     
   750.00000000000000        18.750000000000000       0.57834142888984630     
   750.00000000000000        28.125000000000000       0.53275908024703278     
   750.00000000000000        37.500000000000000       0.46678985076188650     
   750.00000000000000        46.875000000000000       0.37850399357602899     
   750.00000000000000        56.250000000000000       0.26411808252096508     
   750.00000000000000        65.625000000000000       0.16550913788353400     
   750.00000000000000        75.000000000000000        5.0342228798113085E-002
   759.37500000000000       -37.500000000000000        6.3611169706041776E-002
   759.37500000000000       -28.125000000000000       0.12206081424836679     
   759.37500000000000       -18.750000000000000       0.16320751597764774     
   759.37500000000000       -9.3750000000000000       0.18838321719687909     
   759.37500000000000        0.0000000000000000       0.19807877827839776     
   759.37500000000000        9.3750000000000000       0.19355657931463452     
   759.37500000000000        18.750000000000000       0.17374706512232277     
   759.37500000000000        28.125000000000000       0.13836688667445909     
   759.37500000000000        37.500000000000000        8.6327443807136195E-002
   759.37500000000000        46.875000000000000        1.5995639843772128E-002
