 ncam time [msec]
         100   3500.0000000000000     

   6.5484346609275867     

   6.3999042198342497     

   5.9580416171400739     

   5.2473347758140454     

   4.3782751905584076     

   3.5212356525853181     

   2.8124270078357729     

   2.3300011890030925     

   2.1409738969917851     

   2.1674466722020176     

   2.3810249299864377     

   2.7820832852962649     

   3.2818791543738652     

   3.7351474174084034     

   4.0354923573273318     

   4.1833184690585430     

   4.1975604873023826     

   4.1118637796167228     

   3.9833920656721480     

   3.8548948114004316     

   3.7425964872162636     

   3.6465601996071535     

   3.5594643871459009     

   3.4831661258343027     

   3.4107093122102849     

   3.3359558109235499     

   3.2543175942500833     

   3.1589986120102562     

   3.0764715147121482     

   3.0295136388215020     

   3.0247060234975152     

   3.0465290625860528     

   3.0681421671105671     

   3.0681840322382889     

   3.0245753434980713     

   2.8950748922717722     

   2.6900383046828935     

   2.4878928707555730     

   2.4209724550443497     

   2.6407656481391655     

   3.1051434391514761     

   3.5092634339771394     

   3.5944532745800188     

   3.5548351024917793     

   3.7361270000637887     

   4.2722927022346084     

   4.9358497750204151     

   5.5743490161338229     

   6.0898768874957767     

   6.4299243599493892     

   4.9365076012722868     

   5.4182304022346672     

   5.5286897533220607     

   5.3351382945027286     

   5.0298576226059613     

   4.7452890132430454     

   4.5212581058424117     

   4.3509092190145662     

   4.2165194660930938     

   4.1060157522093697     

   4.0136205487700796     

   3.9422484452222171     

   3.8816686247755987     

   3.8214725716860660     

   3.7534359012320708     

   3.6907718339051945     

   3.6505259416528997     

   3.6412615948437548     

   3.6633693959579503     

   3.6999572172398931     

   3.7099986297165017     

   3.5927936794616095     

   3.2799252660704918     

   2.8282088652079578     

   2.3999015462007671     

   2.2501503657824213     

   2.6796904439852143     

   3.6097275226711458     

   4.4388680006837831     

   4.5874211374481533     

   4.3776403125222387     

   4.5724202437062331     

   5.4690369705170596     

   6.7430038516798980     

   7.9333985558590054     

   8.7690951318614978     

   9.1733764452769648     

   9.1064250227040198     

   8.4920219853893890     

   7.3006308366664321     

   5.7158508703942594     

   4.1506836823224003     

   2.9495667972776198     

   2.2207859970933557     

   1.9436837785926713     

   1.9211354331503774     

   2.0999887766025216     

   2.5841894619886467     

   3.3364105456978623     

   4.1807266222054533     
