  ktime
        9999
 tt udd
   1.10000005224720       0.000000000000000E+000           1
   1.10200005234219       0.000000000000000E+000           2
   1.10400005243719       0.000000000000000E+000           3
   1.10600005253218       0.000000000000000E+000           4
   1.10800005262718       0.000000000000000E+000           5
   1.11000005272217       0.000000000000000E+000           6
   1.11200005281717       0.000000000000000E+000           7
   1.11400005291216       0.000000000000000E+000           8
   1.11600005300716       0.000000000000000E+000           9
   1.11800005310215       0.000000000000000E+000          10
   1.12000005319715       0.000000000000000E+000          11
   1.12200005329214       0.000000000000000E+000          12
   1.12400005338714       0.000000000000000E+000          13
   1.12600005348213       0.000000000000000E+000          14
   1.12800005357713       0.000000000000000E+000          15
   1.13000005367212       0.000000000000000E+000          16
   1.13200005376711       0.000000000000000E+000          17
   1.13400005386211       0.000000000000000E+000          18
   1.13600005395710       0.000000000000000E+000          19
   1.13800005405210       0.000000000000000E+000          20
   1.14000005414709       0.000000000000000E+000          21
   1.14200005424209       0.000000000000000E+000          22
   1.14400005433708       0.000000000000000E+000          23
   1.14600005443208       0.000000000000000E+000          24
   1.14800005452707       0.000000000000000E+000          25
   1.15000005462207       0.000000000000000E+000          26
   1.15200005471706       0.000000000000000E+000          27
   1.15400005481206       0.000000000000000E+000          28
   1.15600005490705       0.000000000000000E+000          29
   1.15800005500205       0.000000000000000E+000          30
   1.16000005509704       0.000000000000000E+000          31
   1.16200005519204       0.000000000000000E+000          32
   1.16400005528703       0.000000000000000E+000          33
   1.16600005538203       0.000000000000000E+000          34
   1.16800005547702       0.000000000000000E+000          35
   1.17000005557202       0.000000000000000E+000          36
   1.17200005566701       0.000000000000000E+000          37
   1.17400005576201       0.000000000000000E+000          38
   1.17600005585700       0.000000000000000E+000          39
   1.17800005595200       0.000000000000000E+000          40
   1.18000005604699       0.000000000000000E+000          41
   1.18200005614199       0.000000000000000E+000          42
   1.18400005623698       0.000000000000000E+000          43
   1.18600005633198       0.000000000000000E+000          44
   1.18800005642697       0.000000000000000E+000          45
   1.19000005652197       0.000000000000000E+000          46
   1.19200005661696       0.000000000000000E+000          47
   1.19400005671196       0.000000000000000E+000          48
   1.19600005680695       0.000000000000000E+000          49
   1.19800005690195       0.000000000000000E+000          50
   1.20000005699694       0.000000000000000E+000          51
   1.20200005709194       -36.5457232986577               52
   1.20400005718693        16.9001482005324               53
   1.20600005728193        16.4567473717034               54
   1.20800005737692        16.1661198216397               55
   1.21000005747192        15.7839560761768               56
   1.21200005756691        15.5600978219043               57
   1.21400005766191        15.4680714824237               58
   1.21600005775690        15.3499735714961               59
   1.21800005785190        15.3877905034460               60
   1.22000005794689        15.4402097184863               61
   1.22200005804189        15.3554649922252               62
   1.22400005813688        15.5603366274200               63
   1.22600005823188        15.4643324833550               64
   1.22800005832687        15.5846958658565               65
   1.23000005842187        15.7171685562097               66
   1.23200005851686        15.7919456606824               67
   1.23400005861185        15.8312300299574               68
   1.23600005870685        15.9047657690011               69
   1.23800005880184        15.9354192000814               70
   1.24000005889684        15.9714391053654               71
   1.24200005899183        15.9297738990188               72
   1.24400005908683        15.9457893026900               73
   1.24600005918182        16.0042537800595               74
   1.24800005927682        15.9906172134727               75
   1.25000005937181        16.0833462092094               76
   1.25200005946681        15.9572159577161               77
   1.25400005956180        16.0170564664248               78
   1.25600005965680        16.0555045205820               79
   1.25800005975179        15.9869231449720               80
   1.26000005984679        15.9986561067775               81
   1.26200005994178        15.9131046918593               82
   1.26400006003678        15.9342037945706               83
   1.26600006013177        15.8703300049249               84
   1.26800006022677        15.9123407974187               85
   1.27000006032176        15.9687151438650               86
   1.27200006041676        15.8285044698417               87
   1.27400006051175        15.9139745010249               88
   1.27600006060675        15.7465917180385               89
   1.27800006070174        15.8754706073273               90
   1.28000006079674        15.7611241347622               91
   1.28200006089173        15.7233638314717               92
   1.28400006098673        15.7107349713892               93
   1.28600006108172        15.6928516352735               94
   1.28800006117672        15.6688221708592               95
   1.29000006127171        15.5306051686406               96
   1.29200006136671        15.6874940882623               97
   1.29400006146170        15.6093737765402               98
   1.29600006155670        15.5746596092731               99
   1.29800006165169        15.5387712235656              100
   1.30000006174669        15.4862932569440              101
   1.30200006184168        15.3922684422601              102
   1.30400006193668        15.5641049138736              103
   1.30600006203167        15.4192823034991              104
   1.30800006212667        15.3774289924372              105
   1.31000006222166        15.3611433206405              106
   1.31200006231666        15.2652816140465              107
   1.31400006241165        15.3460870275367              108
   1.31600006250665        15.2941880813055              109
   1.31800006260164        15.2882887181081              110
   1.32000006269664        15.2631603204180              111
   1.32200006279163        15.2374446466379              112
   1.32400006288663        15.3030620460957              113
   1.32600006298162        15.0879481049348              114
   1.32800006307662        15.1476490051206              115
   1.33000006317161        15.2497319169343              116
   1.33200006326661        15.0288080676831              117
   1.33400006336160        15.0591012088489              118
   1.33600006345659        15.0782540284842              119
   1.33800006355159        15.0412142797187              120
   1.34000006364658        15.0210145824030              121
   1.34200006374158        14.9637029507477              122
   1.34400006383657        15.0321150857862              123
   1.34600006393157        14.8274839242082              124
   1.34800006402656        14.9381571770180              125
   1.35000006412156        14.8769839464035              126
   1.35200006421655        14.9254108368419              127
   1.35400006431155        14.8790604473930              128
   1.35600006440654        14.8512968316209              129
   1.35800006450154        14.8423943550047              130
   1.36000006459653        14.8234656449314              131
   1.36200006469153        14.8128560339846              132
   1.36400006478652        14.7686795201059              133
   1.36600006488152        14.7551932098251              134
   1.36800006497651        14.7211114946567              135
   1.37000006507151        14.7265801950544              136
   1.37200006516650        14.6815582110081              137
   1.37400006526150        14.6901410873607              138
   1.37600006535649        14.6545928178821              139
   1.37800006545149        14.6586084418278              140
   1.38000006554648        14.5816392871924              141
   1.38200006564148        14.5984302118327              142
   1.38400006573647        14.5578688039538              143
   1.38600006583147        14.5435167089663              144
   1.38800006592646        14.5287416218221              145
   1.39000006602146        14.5153458291199              146
   1.39200006611645        14.5391112533119              147
   1.39400006621145        14.4902795331087              148
   1.39600006630644        14.4801864043623              149
   1.39800006640144        14.5403990174644              150
   1.40000006649643        14.4618374493625              151
   1.40200006659143        14.4827092771046              152
   1.40400006668642        14.4608623419330              153
   1.40600006678142        14.4690446097869              154
   1.40800006687641        14.4387837514747              155
   1.41000006697141        14.4690314379986              156
   1.41200006706640        14.4269862735830              157
   1.41400006716140        14.4051127249002              158
   1.41600006725639        14.4228319933638              159
   1.41800006735139        14.4229648801778              160
   1.42000006744638        14.3868182856310              161
   1.42200006754138        14.3870605887566              162
   1.42400006763637        14.3667787541915              163
   1.42600006773137        14.3578238935582              164
   1.42800006782636        14.3355983292777              165
   1.43000006792136        14.3507595223095              166
   1.43200006801635        14.3149314164277              167
   1.43400006811135        14.3014679092914              168
   1.43600006820634        14.2844562279992              169
   1.43800006830133        14.2946352179814              170
   1.44000006839633        14.2930314849596              171
   1.44200006849132        14.2965635026712              172
   1.44400006858632        14.2992935522646              173
   1.44600006868131        14.3143385091610              174
   1.44800006877631        14.2777221423108              175
   1.45000006887130        14.2849808503315              176
   1.45200006896630        14.2836983321700              177
   1.45400006906129        14.2938005873654              178
   1.45600006915629        14.2358469330426              179
   1.45800006925128        14.2704822028056              180
   1.46000006934628        14.2450269660354              181
   1.46200006944127        14.2436193172261              182
   1.46400006953627        14.2218166363519              183
   1.46600006963126        14.1865284928028              184
   1.46800006972626        14.1692363952100              185
   1.47000006982125        14.1781727098487              186
   1.47200006991625        14.1271133886091              187
   1.47400007001124        14.1416695613880              188
   1.47600007010624        14.1271129731927              189
   1.47800007020123        14.1404985337984              190
   1.48000007029623        14.1072355273087              191
   1.48200007039122        14.0984455013834              192
   1.48400007048622        14.0691929768771              193
   1.48600007058121        14.0775539939851              194
   1.48800007067621        14.0457638793625              195
   1.49000007077120        14.0281142298970              196
   1.49200007086620        14.0532496738154              197
   1.49400007096119        14.0323023488931              198
   1.49600007105619        14.0110381795373              199
   1.49800007115118        14.0142578117829              200
   1.50000007124618        14.0079559853673              201
   1.50200007134117        13.9859381357022              202
   1.50400007143617        13.9884666587226              203
   1.50600007153116        13.9726895587426              204
   1.50800007162616        13.9550603549741              205
   1.51000007172115        13.9478792068176              206
   1.51200007181615        13.9059251831938              207
   1.51400007191114        13.9091997904796              208
   1.51600007200614        13.8538851554878              209
   1.51800007210113        13.8552124256548              210
   1.52000007219613        13.8398739759624              211
   1.52200007229112        13.7853752161749              212
   1.52400007238612        13.7751355693396              213
   1.52600007248111        13.7570541008562              214
   1.52800007257611        13.7359008897375              215
   1.53000007267110        13.7069895709399              216
   1.53200007276610        13.7115609734226              217
   1.53400007286109        13.6500443882309              218
   1.53600007295609        13.6117393342499              219
   1.53800007305108        13.5697994783614              220
   1.54000007314608        13.5169385933038              221
   1.54200007324107        13.4805666596815              222
   1.54400007333606        13.4308144750446              223
   1.54600007343106        13.3654393821675              224
   1.54800007352605        13.3150710728671              225
   1.55000007362105        13.2724912186712              226
   1.55200007371604        13.1844808690529              227
   1.55400007381104        13.1706375258137              228
   1.55600007390603        13.1050040625036              229
   1.55800007400103        13.0457382697146              230
   1.56000007409602        12.9799147498794              231
   1.56200007419102        12.9384848985076              232
   1.56400007428601        12.8707203495223              233
   1.56600007438101        12.8167825023178              234
   1.56800007447600        12.7510661764164              235
   1.57000007457100        12.6611107013095              236
   1.57200007466599        12.6356224828027              237
   1.57400007476099        12.5496704955213              238
   1.57600007485598        12.5016952684522              239
   1.57800007495098        12.4527106236760              240
   1.58000007504597        12.3770730235614              241
   1.58200007514097        12.3067539766897              242
   1.58400007523596        12.2732256580237              243
   1.58600007533096        12.1919067176897              244
   1.58800007542595        12.1364353233483              245
   1.59000007552095        12.1064377902634              246
   1.59200007561594        12.0290703697223              247
   1.59400007571094        11.9628488138132              248
   1.59600007580593        11.8983461893164              249
   1.59800007590093        11.8542264053598              250
   1.60000007599592        11.5894680986926              251
   1.60200007609092        11.9422186351009              252
   1.60400007618591        11.4887257171143              253
   1.60600007628091        11.8594686008897              254
   1.60800007637590        11.3928879143298              255
   1.61000007647090        11.5430966584850              256
   1.61200007656589        11.4757913700398              257
   1.61400007666089        11.4368848828692              258
   1.61600007675588        11.4332670214865              259
   1.61800007685088        11.3596826949064              260
   1.62000007694587        11.3389556867257              261
   1.62200007704087        11.2621787133627              262
   1.62400007713586        11.2418312928919              263
   1.62600007723086        11.2137709984183              264
   1.62800007732585        11.1776456201170              265
   1.63000007742085        11.1387243599631              266
   1.63200007751584        11.1103591368254              267
   1.63400007761084        11.0722854170203              268
   1.63600007770583        11.0318136261217              269
   1.63800007780083        11.0000224442594              270
   1.64000007789582        11.0139223137498              271
   1.64200007799082        10.9645958327409              272
   1.64400007808581        10.9277218425367              273
   1.64600007818080        10.9573310381640              274
   1.64800007827580        10.9309176062606              275
   1.65000007837079        10.8977588132583              276
   1.65200007846579        10.8855550817773              277
   1.65400007856078        10.8476910746656              278
   1.65600007865578        10.8296264055092              279
   1.65800007875077        10.8144118825905              280
   1.66000007884577        10.8027850081678              281
   1.66200007894076        10.7996867737081              282
   1.66400007903576        10.7730260010436              283
   1.66600007913075        10.7202439980954              284
   1.66800007922575        10.7422255287506              285
   1.67000007932074        10.7101972248498              286
   1.67200007941574        10.6826727867965              287
   1.67400007951073        10.7088131398987              288
   1.67600007960573        10.6312007885240              289
   1.67800007970072        10.6857591804862              290
   1.68000007979572        10.6395403998997              291
   1.68200007989071        10.6290189970750              292
   1.68400007998571        10.6081249503512              293
   1.68600008008070        10.6138806520030              294
   1.68800008017570        10.5691847432218              295
   1.69000008027069        10.5846814050525              296
   1.69200008036569        10.5534727166034              297
   1.69400008046068        10.5542110004090              298
   1.69600008055568        10.5435401105043              299
   1.69800008065067        10.5170671724994              300
   1.70000008074567        10.5055161199998              301
   1.70200008084066        10.5063538757246              302
   1.70400008093566        10.4804132466670              303
   1.70600008103065        10.4638835342415              304
   1.70800008112565        10.4628130351752              305
   1.71000008122064        10.4465103035886              306
   1.71200008131564        10.4251007404830              307
   1.71400008141063        10.4279466650821              308
   1.71600008150563        10.4158290311322              309
   1.71800008160062        10.3909061882831              310
   1.72000008169562        10.3922695604153              311
   1.72200008179061        10.3800989954919              312
   1.72400008188561        10.3546804859117              313
   1.72600008198060        10.3664251901396              314
   1.72800008207560        10.3339008434024              315
   1.73000008217059        10.3348071618658              316
   1.73200008226559        10.3421914509498              317
   1.73400008236058        10.3118389936630              318
   1.73600008245558        10.3332251544856              319
   1.73800008255057        10.2574816676415              320
   1.74000008264557        10.3118990093283              321
   1.74200008274056        10.2937160068471              322
   1.74400008283556        10.2573751189839              323
   1.74600008293055        10.2640929454379              324
   1.74800008302554        10.2450599940587              325
   1.75000008312054        10.2451146896370              326
   1.75200008321553        10.2285672631115              327
   1.75400008331053        10.2015319978632              328
   1.75600008340552        10.2013719980512              329
   1.75800008350052        10.1757184996735              330
   1.76000008359551        10.1845549865160              331
   1.76200008369051        10.1588276339509              332
   1.76400008378550        10.1547275022790              333
   1.76600008388050        10.1185212520976              334
   1.76800008397549        10.1190359090827              335
   1.77000008407049        10.1255230054911              336
   1.77200008416548        10.0857630164362              337
   1.77400008426048        10.0802309064288              338
   1.77600008435547        10.0873205174133              339
   1.77800008445047        10.0607605467737              340
   1.78000008454546        10.0583202930726              341
   1.78200008464046        10.0356935768947              342
   1.78400008473545        10.0336903564725              343
   1.78600008483045        10.0018069041800              344
   1.78800008492544        9.99268891690299              345
   1.79000008502044        10.0172898535430              346
   1.79200008511543        9.99785262723453              347
   1.79400008521043        9.96611001140438              348
   1.79600008530542        9.97241446756758              349
   1.79800008540042        9.93232824151404              350
   1.80000008549541        9.93872242469341              351
   1.80200008559041        9.93825488257222              352
   1.80400008568540        9.91733600291423              353
   1.80600008578040        9.89980360530317              354
   1.80800008587539        9.89396209118888              355
   1.81000008597039        9.88758929208852              356
   1.81200008606538        9.86768916925415              357
   1.81400008616038        9.85188590835780              358
   1.81600008625537        9.84173051629215              359
   1.81800008635037        9.80902759405784              360
   1.82000008644536        9.81551274390891              361
   1.82200008654036        9.80233534385450              362
   1.82400008663535        9.79473444307223              363
   1.82600008673035        9.76052643013187              364
   1.82800008682534        9.75348605113104              365
   1.83000008692034        9.74617878580466              366
   1.83200008701533        9.74136946034618              367
   1.83400008711033        9.70417159974575              368
   1.83600008720532        9.71533293955959              369
   1.83800008730032        9.69815655053593              370
   1.84000008739531        9.64201269903220              371
   1.84200008749031        9.69873127163388              372
   1.84400008758530        9.63352277058177              373
   1.84600008768030        9.64037962277420              374
   1.84800008777529        9.60631613539532              375
   1.85000008787028        9.60331828374416              376
   1.85200008796528        9.60340192829259              377
   1.85400008806027        9.54455657389015              378
   1.85600008815527        9.56853209966794              379
   1.85800008825026        9.53850166068412              380
   1.86000008834526        9.51200000720099              381
   1.86200008844025        9.52423971607350              382
   1.86400008853525        9.49114907973446              383
   1.86600008863024        9.47708639692515              384
   1.86800008872524        9.47404128137045              385
   1.87000008882023        9.44370730680414              386
   1.87200008891523        9.40581646082923              387
   1.87400008901022        9.41311984921806              388
   1.87600008910522        9.39516848034225              389
   1.87800008920021        9.37327025584877              390
   1.88000008929521        9.36570446122438              391
   1.88200008939020        9.34487807242200              392
   1.88400008948520        9.31232080436312              393
   1.88600008958019        9.31537277056836              394
   1.88800008967519        9.28588673777878              395
   1.89000008977018        9.27464780732989              396
   1.89200008986518        9.25698075775988              397
   1.89400008996017        9.23808160890825              398
   1.89600009005517        9.21903994808905              399
   1.89800009015016        8.92574286476709              400
   1.90000009024516        9.45449713438749              401
   1.90200009034015        8.89925394062884              402
   1.90400009043515        9.42720699848607              403
   1.90600009053014        9.12809126141481              404
   1.90800009062514        8.81485156253911              405
   1.91000009072013        9.35868524917401              406
   1.91200009081513        8.81775229278952              407
   1.91400009091012        9.31639788950793              408
   1.91600009100512        8.76352156170644              409
   1.91800009110011        8.99011767668649              410
   1.92000009119511        9.28051160414703              411
   1.92200009129010        8.71371051160619              412
   1.92400009138510        8.93542518303730              413
   1.92600009148009        8.93563268354163              414
   1.92800009157509        8.92347644311376              415
   1.93000009167008        8.90240566934459              416
   1.93200009176508        8.88629681068473              417
   1.93400009186007        8.86160380680114              418
   1.93600009195507        8.83786141770892              419
   1.93800009205006        8.82002631560899              420
   1.94000009214506        8.80997635076754              421
   1.94200009224005        8.78438669196330              422
   1.94400009233505        8.75776922518387              423
   1.94600009243004        8.74211322083138              424
   1.94800009252504        8.72036049753427              425
   1.95000009262003        8.71208282914944              426
   1.95200009271502        8.68642448560335              427
   1.95400009281002        8.66752604695037              428
   1.95600009290501        8.64468877595849              429
   1.95800009300001        8.62313191723078              430
   1.96000009309500        8.60315950399265              431
   1.96200009319000        8.58465289961547              432
   1.96400009328499        8.56383238291368              433
   1.96600009337999        8.54380500005558              434
   1.96800009347498        8.52385779974051              435
   1.97000009356998        8.50386903627776              436
   1.97200009366497        8.47597240951844              437
   1.97400009375997        8.46264272962697              438
   1.97600009385496        8.43977364763617              439
   1.97800009394996        8.42187378757633              440
   1.98000009404495        8.40270463684574              441
   1.98200009413995        8.38313495666720              442
   1.98400009423494        8.36363512293436              443
   1.98600009432994        8.34427761339582              444
   1.98800009442493        8.32520044952631              445
   1.99000009451993        8.30625311348587              446
   1.99200009461492        8.28921345536597              447
   1.99400009470992        8.26926318140701              448
   1.99600009480491        8.24980523900129              449
   1.99800009489991        8.23183657990769              450
   2.00000009499490        8.20980711091310              451
   2.00200009508990        8.20424697994255              452
   2.00400009518489        8.18622704559937              453
   2.00600009527989        8.15245876753703              454
   2.00800009537488        8.14483070908114              455
   2.01000009546988        8.13374425027519              456
   2.01200009556487        8.12288986205123              457
   2.01400009565987        8.10492471239530              458
   2.01600009575486        8.08595115859061              459
   2.01800009584986        8.05139471343719              460
   2.02000009594485        8.03212216743268              461
   2.02200009603985        8.04471880250610              462
   2.02400009613484        8.02861060692929              463
   2.02600009622984        8.01056225823238              464
   2.02800009632483        7.98172719115391              465
   2.03000009641983        7.97720590571873              466
   2.03200009651482        7.96216038916260              467
   2.03400009660982        7.94517419123091              468
   2.03600009670481        7.93132093555294              469
   2.03800009679981        7.91949071569368              470
   2.04000009689480        7.90457462388091              471
   2.04200009698980        7.88572105517611              472
   2.04400009708479        7.87928744860925              473
   2.04600009717979        7.87888145004399              474
   2.04800009727478        7.84398941380903              475
   2.05000009736978        7.83447488162667              476
   2.05200009746477        7.82701927782036              477
   2.05400009755976        7.81305034106597              478
   2.05600009765476        7.79786739769392              479
   2.05800009774975        7.77341860230081              480
   2.06000009784475        7.78296467653476              481
   2.06200009793974        7.75600594826043              482
   2.06400009803474        7.75213081415743              483
   2.06600009812973        7.74152392519638              484
   2.06800009822473        7.73959735965356              485
   2.07000009831972        7.71405275653116              486
   2.07200009841472        7.69621383076534              487
   2.07400009850971        7.70572379380465              488
   2.07600009860471        7.70549414376728              489
   2.07800009869970        7.67715800710954              490
   2.08000009879470        7.67187837857753              491
   2.08200009888969        7.66249193338677              492
   2.08400009898469        7.65146536407992              493
   2.08600009907968        7.64035013400950              494
   2.08800009917468        7.62860480252653              495
   2.09000009926967        7.61630145161413              496
   2.09200009936467        7.60341905858368              497
   2.09400009945966        7.59524709735066              498
   2.09600009955466        7.58445494207554              499
   2.09800009964965        7.57442311941646              500
   2.10000009974465        7.55459668839350              501
   2.10200009983964        7.55117618539371              502
   2.10400009993464        7.55482992845587              503
   2.10600010002963        7.52481529053301              504
   2.10800010012463        7.53785928939469              505
   2.11000010021962        7.51397627182305              506
   2.11200010031462        7.49482993368991              507
   2.11400010040961        7.50900076240301              508
   2.11600010050461        7.48233648628928              509
   2.11800010059960        7.47260659663007              510
   2.12000010069460        7.47668080420233              511
   2.12200010078959        7.45031392510980              512
   2.12400010088459        7.44515448565595              513
   2.12600010097958        7.44310270139948              514
   2.12800010107458        7.43252214168198              515
   2.13000010116957        7.43340738042258              516
   2.13200010126457        7.40445383130573              517
   2.13400010135956        7.41098146426491              518
   2.13600010145456        7.40407675357535              519
   2.13800010154955        7.41398598902859              520
   2.14000010164455        7.37307046006434              521
   2.14200010173954        7.38369154532440              522
   2.14400010183454        7.37491057313047              523
   2.14600010192953        7.36403281584382              524
   2.14800010202453        7.36027883481234              525
   2.15000010211952        7.34812256827950              526
   2.15200010221452        7.33553435165435              527
   2.15400010230951        7.34621391302906              528
   2.15600010240451        7.31616973886266              529
   2.15800010249950        7.31627768036909              530
   2.16000010259449        7.30770012398250              531
   2.16200010268949        7.29820173949003              532
   2.16400010278448        7.28856601678766              533
   2.16600010287948        7.27546038334258              534
   2.16800010297447        7.27723662566394              535
   2.17000010306947        7.26625462071039              536
   2.17200010316446        7.25494864244945              537
   2.17400010325946        7.24099153617397              538
   2.17600010335445        7.23045274518430              539
   2.17800010344945        7.22450033816509              540
   2.18000010354444        7.21876996604726              541
   2.18200010363944        7.20972867460921              542
   2.18400010373443        7.20404042600654              543
   2.18600010382943        7.18770829149522              544
   2.18800010392442        7.19672925111838              545
   2.19000010401942        7.20545947314240              546
   2.19200010411441        7.18717006810009              547
   2.19400010420941        7.18669247055426              548
   2.19600010430440        7.18565562746488              549
   2.19800010439940        7.17695835650898              550
   2.20000010449439        7.16258421617560              551
   2.20200010458939        7.15891752328724              552
   2.20400010468438        7.14888811111450              553
   2.20600010477938        7.14875368391164              554
   2.20800010487437        7.14172967324965              555
   2.21000010496937        7.16527059103362              556
   2.21200010506436        6.79018067970872              557
   2.21400010515936        7.46770249248482              558
   2.21600010525435        7.16135447856970              559
   2.21800010534935        7.13153710362501              560
   2.22000010544434        7.12971974398941              561
   2.22200010553934        7.12226802486926              562
   2.22400010563433        7.11989244287834              563
   2.22600010572933        7.11338170194998              564
   2.22800010582432        7.11040184077807              565
   2.23000010591932        7.10864842193201              566
   2.23200010601431        6.76553384294733              567
   2.23400010610931        7.43908563265577              568
   2.23600010620430        6.78865017236210              569
   2.23800010629930        7.44274979596958              570
   2.24000010639429        6.78335049877875              571
   2.24200010648929        7.42493373523466              572
   2.24400010658428        6.78725117180496              573
   2.24600010667928        7.44306706137955              574
   2.24800010677427        6.79532756108791              575
   2.25000010686927        7.44336539044045              576
   2.25200010696426        6.79549254209735              577
   2.25400010705926        7.44760834771208              578
   2.25600010715425        6.78917019193061              579
   2.25800010724925        7.45844080121256              580
   2.26000010734424        6.79258406884037              581
   2.26200010743923        7.44855053781532              582
   2.26400010753423        6.79501931808889              583
   2.26600010762922        7.46489097504877              584
   2.26800010772422        6.81836554168724              585
   2.27000010781921        7.46473696931265              586
   2.27200010791421        6.81410240376368              587
   2.27400010800920        7.47507763135247              588
   2.27600010810420        6.82722683978267              589
   2.27800010819919        7.48194406784140              590
   2.28000010829419        6.83226234969683              591
   2.28200010838918        7.48507849641144              592
   2.28400010848418        6.83781956724822              593
   2.28600010857917        7.51149469875731              594
   2.28800010867417        6.85187706665136              595
   2.29000010876916        7.52451830469072              596
   2.29200010886416        6.87246237184852              597
   2.29400010895915        7.54122119179927              598
   2.29600010905415        6.87643846550025              599
   2.29800010914914        7.54321564533748              600
   2.30000010924414        6.90530644178390              601
   2.30200010933913        7.56074124973267              602
   2.30400010943413        6.92728787341155              603
   2.30600010952912        7.59303605363704              604
   2.30800010962412        6.94280636227690              605
   2.31000010971911        7.24171617440879              606
   2.31200010981411        7.68565489886329              607
   2.31400010990910        6.98324571342208              608
   2.31600011000410        7.63269887528382              609
   2.31800011009909        6.99414951916784              610
   2.32000011019409        7.67013230421580              611
   2.32200011028908        6.99702006989159              612
   2.32400011038408        7.35178945569321              613
   2.32600011047907        7.75448062627576              614
   2.32800011057407        7.06978808170185              615
   2.33000011066906        7.74004591413774              616
   2.33200011076406        7.09664923133329              617
   2.33400011085905        7.76182134565897              618
   2.33600011095405        7.12337728501298              619
   2.33800011104904        7.81435278998688              620
   2.34000011114404        7.14312933878042              621
   2.34200011123903        7.82121061611921              622
   2.34400011133403        7.15936217977665              623
   2.34600011142902        7.46536461037584              624
   2.34800011152402        7.89299759724177              625
   2.35000011161901        7.20390082927421              626
   2.35200011171401        7.87820689993911              627
   2.35400011180900        7.21901467279531              628
   2.35600011190400        7.89313473504037              629
   2.35800011199899        7.24562238835730              630
   2.36000011209399        7.94336086792871              631
   2.36200011218898        7.27773229610175              632
   2.36400011228397        7.98026117434725              633
   2.36600011237897        7.30295230241492              634
   2.36800011247396        7.59983031119220              635
   2.37000011256896        8.04010090513155              636
   2.37200011266395        7.33678070038557              637
   2.37400011275895        8.03205010703765              638
   2.37600011285394        7.35445002522320              639
   2.37800011294894        7.67619949069805              640
   2.38000011304393        8.11386150541715              641
   2.38200011313893        7.42308751679957              642
   2.38400011323392        8.09909610393457              643
   2.38600011332892        7.43156120808795              644
   2.38800011342391        8.13732064914890              645
   2.39000011351891        7.46063452071510              646
   2.39200011361390        8.16492293820716              647
   2.39400011370890        7.49294724809937              648
   2.39600011380389        8.20254388153553              649
   2.39800011389889        7.51916239210404              650
   2.40000011399388        8.22485459195450              651
   2.40200011408888        7.54533915245906              652
   2.40400011418387        8.26898664207198              653
   2.40600011427887        7.58701671495102              654
   2.40800011437386        8.30135125604458              655
   2.41000011446886        7.61664936933667              656
   2.41200011456385        8.32882410821505              657
   2.41400011465885        7.64019951462746              658
   2.41600011475384        8.35664231122471              659
   2.41800011484884        7.67258929359727              660
   2.42000011494383        8.39786282226443              661
   2.42200011503883        7.71106685198844              662
   2.42400011513382        8.44174286691472              663
   2.42600011522882        7.74118986100890              664
   2.42800011532381        8.47549643478356              665
   2.43000011541881        7.77761222976260              666
   2.43200011551380        8.50936477761716              667
   2.43400011560880        7.81021477933042              668
   2.43600011570379        8.54720819940790              669
   2.43800011579879        7.83355870410800              670
   2.44000011589378        8.56461435721256              671
   2.44200011598878        7.89306958643720              672
   2.44400011608377        8.60115453847684              673
   2.44600011617877        7.89731148246676              674
   2.44800011627376        8.22928507860750              675
   2.45000011636876        8.69632212040946              676
   2.45200011646375        7.96098390661180              677
   2.45400011655875        8.68934759248048              678
   2.45600011665374        7.99552989345044              679
   2.45800011674874        8.73318593158387              680
   2.46000011684373        8.01718399686739              681
   2.46200011693873        8.77280413778499              682
   2.46400011703372        8.04424013935030              683
   2.46600011712871        8.78674206634983              684
   2.46800011722371        8.07817085025832              685
   2.47000011731870        8.82436017112807              686
   2.47200011741370        8.10716028449126              687
   2.47400011750869        8.85387255525217              688
   2.47600011760369        8.13009987877682              689
   2.47800011769868        8.89536532863043              690
   2.48000011779368        8.16399307806045              691
   2.48200011788867        8.90783144192770              692
   2.48400011798367        8.19038869142532              693
   2.48600011807866        8.94441723075695              694
   2.48800011817366        8.21882444970310              695
   2.49000011826865        8.97804205283523              696
   2.49200011836365        8.24596562791616              697
   2.49400011845864        9.00378194932826              698
   2.49600011855364        8.26823734122329              699
   2.49800011864863        9.03928169718012              700
   2.50000011874363        8.30118195299990              701
   2.50200011883862        9.05680537697859              702
   2.50400011893362        8.33159174325876              703
   2.50600011902861        9.09910009206273              704
   2.50800011912361        8.35592959299684              705
   2.51000011921860        9.11837434028275              706
   2.51200011931360        8.37689124068245              707
   2.51400011940859        9.15483340139501              708
   2.51600011950359        8.40759387100115              709
   2.51800011959858        9.17611797904596              710
   2.52000011969358        8.44190326069482              711
   2.52200011978857        9.21234747508541              712
   2.52400011988357        8.46624115526676              713
   2.52600011997856        9.24258125944994              714
   2.52800012007356        8.48901100778952              715
   2.53000012016855        9.25676776470617              716
   2.53200012026355        8.95368141518906              717
   2.53400012035854        8.49094733992592              718
   2.53600012045354        9.32671248764731              719
   2.53800012054853        8.56493765064515              720
   2.54000012064353        9.34942651974037              721
   2.54200012073852        8.58495855233632              722
   2.54400012083352        9.38091669647023              723
   2.54600012092851        8.60218712029047              724
   2.54800012102351        9.39646423147060              725
   2.55000012111850        8.64516770282760              726
   2.55200012121350        9.42770821140148              727
   2.55400012130849        8.66439770646393              728
   2.55600012140349        9.45081217030063              729
   2.55800012149848        8.68478235776536              730
   2.56000012159348        9.47198715782724              731
   2.56200012168847        8.71278760496527              732
   2.56400012178347        9.49618869582191              733
   2.56600012187846        8.72745799832977              734
   2.56800012197345        9.52413752906024              735
   2.57000012206845        8.74856582893990              736
   2.57200012216344        9.53786390235648              737
   2.57400012225844        8.77270494844764              738
   2.57600012235343        9.56717789953574              739
   2.57800012244843        8.78084891038015              740
   2.58000012254342        9.57624785225838              741
   2.58200012263842        8.81616205029190              742
   2.58400012273341        9.59863256767392              743
   2.58600012282841        8.82261812330224              744
   2.58800012292340        9.62052969338372              745
   2.59000012301840        8.83879136360250              746
   2.59200012311339        9.64257460056804              747
   2.59400012320839        8.85186421253719              748
   2.59600012330338        9.66099405347370              749
   2.59800012339838        8.86860621408559              750
   2.60000012349337        9.67489450342953              751
   2.60200012358837        8.89413851903752              752
   2.60400012368336        9.68202645513229              753
   2.60600012377836        8.90541782539338              754
   2.60800012387335        9.70219399672933              755
   2.61000012396835        8.91762348753400              756
   2.61200012406334        9.71330101155676              757
   2.61400012415834        8.92851777787320              758
   2.61600012425333        9.72889236875810              759
   2.61800012434833        8.94497414576821              760
   2.62000012444332        9.73488815589808              761
   2.62200012453832        8.95079541832209              762
   2.62400012463331        9.75707700928673              763
   2.62600012472831        8.96518310220912              764
   2.62800012482330        9.75779814872891              765
   2.63000012491830        8.97026695933193              766
   2.63200012501329        9.77358958953991              767
   2.63400012510829        8.97657260359265              768
   2.63600012520328        9.78008709587157              769
   2.63800012529828        8.99943983156234              770
   2.64000012539327        9.80045763944276              771
   2.64200012548827        8.98877354020253              772
   2.64400012558326        9.79492519063875              773
   2.64600012567826        9.00781963706017              774
   2.64800012577325        9.81062950563617              775
   2.65000012586825        9.02036509229802              776
   2.65200012596324        9.81960910343565              777
   2.65400012605824        9.02354635348544              778
   2.65600012615323        9.82516821938567              779
   2.65800012624823        9.02776478334330              780
   2.66000012634322        9.39086333117448              781
   2.66200012643822        9.87028489191085              782
   2.66400012653321        9.03922004093416              783
   2.66600012662821        9.84094123690389              784
   2.66800012672320        9.03483995225280              785
   2.67000012681819        9.83861680191942              786
   2.67200012691319        9.03641963506117              787
   2.67400012700818        9.40317778019235              788
   2.67600012710318        9.89387523707934              789
   2.67800012719817        9.04795292964205              790
   2.68000012729317        9.40276567834429              791
   2.68200012738816        9.89960479672998              792
   2.68400012748316        9.05361616543494              793
   2.68600012757815        9.40611379543319              794
   2.68800012767315        9.45847639714368              795
   2.69000012776814        9.90846924954094              796
   2.69200012786314        9.05853161547333              797
   2.69400012795813        9.42404855749570              798
   2.69600012805313        9.45906542188488              799
   2.69800012814812        9.46812353876419              800
   2.70000012824312        9.47403023572639              801
   2.70200012833811        9.46545317067765              802
   2.70400012843311        9.46929945006035              803
   2.70600012852810        9.46563520353287              804
   2.70800012862310        9.47350546013564              805
   2.71000012871809        9.46366565857083              806
   2.71200012881309        9.46484203169122              807
   2.71400012890808        9.46544553764164              808
   2.71600012900308        9.46499879328534              809
   2.71800012909807        9.46432485391386              810
   2.72000012919307        9.46056718030013              811
   2.72200012928806        9.46858257792890              812
   2.72400012938306        9.45730647108518              813
   2.72600012947805        9.46128743161447              814
   2.72800012957305        9.46386539013125              815
   2.73000012966804        9.45475532812998              816
   2.73200012976304        9.45922681475989              817
   2.73400012985803        9.44457450308837              818
   2.73600012995303        9.45541205606423              819
   2.73800013004802        9.45078571444377              820
   2.74000013014302        9.44902404378168              821
   2.74200013023801        9.44259382282384              822
   2.74400013033301        9.44977836254053              823
   2.74600013042800        9.45033008485101              824
   2.74800013052300        9.43676269945689              825
   2.75000013061799        9.43936001286842              826
   2.75200013071299        9.44632407722995              827
   2.75400013080798        9.43751921168528              828
   2.75600013090298        9.42939504080452              829
   2.75800013099797        9.41695312102325              830
   2.76000013109297        9.42968661959283              831
   2.76200013118796        9.42019967844710              832
   2.76400013128296        9.42237021722831              833
   2.76600013137795        9.42141258792952              834
   2.76800013147295        9.40705116873607              835
   2.77000013156794        9.41828109547496              836
   2.77200013166294        9.40910555059090              837
   2.77400013175793        9.40333139964379              838
   2.77600013185292        9.40042378660291              839
   2.77800013194792        9.39716359348968              840
   2.78000013204291        9.39703109429218              841
   2.78200013213791        9.40064743692055              842
   2.78400013223290        9.38892170636915              843
   2.78600013232790        9.37394578387961              844
   2.78800013242289        9.38750148487277              845
   2.79000013251789        9.38194720631465              846
   2.79200013261288        9.37666436449625              847
   2.79400013270788        9.36795260795392              848
   2.79600013280287        9.36327068061568              849
   2.79800013289787        9.36305211626925              850
   2.80000013299286        9.37352202632465              851
   2.80200013308786        9.35968555198051              852
   2.80400013318285        9.35673444481566              853
   2.80600013327785        9.33964014654048              854
   2.80800013337284        9.34312504615635              855
   2.81000013346784        9.34460131674074              856
   2.81200013356283        9.33654043489136              857
   2.81400013365783        9.33165489353240              858
   2.81600013375282        9.33513405869715              859
   2.81800013384782        9.32843145789579              860
   2.82000013394281        9.32875505827367              861
   2.82200013403781        9.32738181387074              862
   2.82400013413280        9.32111458355561              863
   2.82600013422780        9.31611962551251              864
   2.82800013432279        9.31493632116355              865
   2.83000013441779        9.31146087788045              866
   2.83200013451278        9.30512461349368              867
   2.83400013460778        9.29949604501948              868
   2.83600013470277        9.29246383600868              869
   2.83800013479777        9.29047044910491              870
   2.84000013489276        9.28356425731443              871
   2.84200013498776        9.28635306832381              872
   2.84400013508275        9.28164189625531              873
   2.84600013517775        9.27983858520165              874
   2.84800013527274        9.27446055388078              875
   2.85000013536774        9.26613765793853              876
   2.85200013546273        9.26568042959087              877
   2.85400013555773        9.26595728082582              878
   2.85600013565272        9.25850736475550              879
   2.85800013574772        9.25803015197627              880
   2.86000013584271        9.25142136434093              881
   2.86200013593771        9.25099499857984              882
   2.86400013603270        9.24828443685547              883
   2.86600013612770        9.25596464710310              884
   2.86800013622269        9.21503353957087              885
   2.87000013631769        9.23113138812594              886
   2.87200013641268        9.25068361892365              887
   2.87400013650768        9.24585219248198              888
   2.87600013660267        9.22755923415534              889
   2.87800013669766        9.22638144643977              890
   2.88000013679266        9.23555563574657              891
   2.88200013688765        9.23694074353203              892
   2.88400013698265        9.22833918753080              893
   2.88600013707764        9.21756437189877              894
   2.88800013717264        9.20951373062097              895
   2.89000013726763        9.22157692758366              896
   2.89200013736263        9.21768077175133              897
   2.89400013745762        9.21146158920601              898
   2.89600013755262        9.21617330535315              899
   2.89800013764761        9.20617659811862              900
   2.90000013774261        9.19804734973237              901
   2.90200013783760        9.20076259816997              902
   2.90400013793260        9.20544029822573              903
   2.90600013802759        9.19034419762902              904
   2.90800013812259        9.19240202141926              905
   2.91000013821758        9.19541108446196              906
   2.91200013831258        9.19173935445026              907
   2.91400013840757        9.18929239464924              908
   2.91600013850257        9.18547822049819              909
   2.91800013859756        9.18263538260944              910
   2.92000013869256        9.18011993802153              911
   2.92200013878755        9.17692291599698              912
   2.92400013888255        9.17410772505216              913
   2.92600013897754        9.17271896195598              914
   2.92800013907254        9.16981278654188              915
   2.93000013916753        9.16669049633667              916
   2.93200013926253        9.16553654580377              917
   2.93400013935752        9.16262597297318              918
   2.93600013945252        9.15991717495955              919
   2.93800013954751        9.15942565795034              920
   2.94000013964251        9.15542016805150              921
   2.94200013973750        9.15154080475681              922
   2.94400013983250        9.15800050258636              923
   2.94600013992749        9.15085197523236              924
   2.94800014002249        9.15040917325765              925
   2.95000014011748        9.14881396106444              926
   2.95200014021248        9.14393524688669              927
   2.95400014030747        9.14514340760186              928
   2.95600014040247        9.13717248893343              929
   2.95800014049746        9.14054567394778              930
   2.96000014059246        9.14673341781832              931
   2.96200014068745        9.14190985506401              932
   2.96400014078245        9.14557813924737              933
   2.96600014087744        9.12743085886352              934
   2.96800014097244        9.13245807297528              935
   2.97000014106743        9.12372292305343              936
   2.97200014116243        9.13112830059603              937
   2.97400014125742        9.12985574620776              938
   2.97600014135242        9.12948295818642              939
   2.97800014144741        9.11942046795972              940
   2.98000014154240        9.11953509815037              941
   2.98200014163740        9.11952549515292              942
   2.98400014173239        9.12247170127928              943
   2.98600014182739        9.12018082236871              944
   2.98800014192238        9.12500079767779              945
   2.99000014201738        9.12081304525025              946
   2.99200014211237        9.11503532177769              947
   2.99400014220737        9.11108908395283              948
   2.99600014230236        9.11704330680892              949
   2.99800014239736        9.11713409544900              950
   3.00000014249235        9.11438680875115              951
   3.00200014258735        9.11229034040123              952
   3.00400014268234        9.10418663486838              953
   3.00600014277734        9.08611570988782              954
   3.00800014287233        9.06018701967783              955
   3.01000014296733        9.03115371353924              956
   3.01200014306232        8.99335940937512              957
   3.01400014315732        8.93744600553997              958
   3.01600014325231        8.89122507168911              959
   3.01800014334731        8.84097965219989              960
   3.02000014344230        8.78621510924771              961
   3.02200014353730        8.72588472519070              962
   3.02400014363229        8.67183891958557              963
   3.02600014372729        8.61506236963905              964
   3.02800014382228        8.54989067289047              965
   3.03000014391728        8.50188584564254              966
   3.03200014401227        8.42364313013852              967
   3.03400014410727        8.36374357183464              968
   3.03600014420226        8.29496060647070              969
   3.03800014429726        8.24086154923774              970
   3.04000014439225        8.16952886100858              971
   3.04200014448725        8.11073903806508              972
   3.04400014458224        8.04542682676576              973
   3.04600014467724        7.98210518036969              974
   3.04800014477223        7.91931233243085              975
   3.05000014486723        7.85681562159210              976
   3.05200014496222        7.79471309540793              977
   3.05400014505722        7.73294292213395              978
   3.05600014515221        7.67162986868061              979
   3.05800014524721        7.60682069545612              980
   3.06000014534220        7.55570827392861              981
   3.06200014543720        7.48780808213167              982
   3.06400014553219        7.43165906764567              983
   3.06600014562719        7.36912755699828              984
   3.06800014572218        7.30721336802468              985
   3.07000014581718        7.25046598618850              986
   3.07200014591217        7.18777638243511              987
   3.07400014600717        7.15441810252145              988
   3.07600014610216        7.08233311864547              989
   3.07800014619716        7.02303049911745              990
   3.08000014629215        6.95812922608107              991
   3.08200014638714        6.91765271463431              992
   3.08400014648214        6.85908762219362              993
   3.08600014657713        6.80754621135071              994
   3.08800014667213        6.75274101604708              995
   3.09000014676712        6.70008051306009              996
   3.09200014686212        6.64765765699558              997
   3.09400014695711        6.59285541634075              998
   3.09600014705211        6.55282227906399              999
   3.09800014714710        6.50468983069994             1000
   3.10000014724210        6.44928524605930             1001
   3.10200014733709        6.40382829861715             1002
   3.10400014743209        6.35697110662237             1003
   3.10600014752708        6.30367571590468             1004
   3.10800014762208        6.26624935993925             1005
   3.11000014771707        6.22654663121328             1006
   3.11200014781207        6.17778791020624             1007
   3.11400014790706        6.13681468849070             1008
   3.11600014800206        6.08201530103572             1009
   3.11800014809705        6.04109438071027             1010
   3.12000014819205        5.99824672464281             1011
   3.12200014828704        5.96448320971802             1012
   3.12400014838204        5.92666415764950             1013
   3.12600014847703        5.88910160878673             1014
   3.12800014857203        5.83672726247460             1015
   3.13000014866702        5.78550847792067             1016
   3.13200014876202        5.74160458648577             1017
   3.13400014885701        5.69397841981612             1018
   3.13600014895201        5.66494942753576             1019
   3.13800014904700        5.62297623913735             1020
   3.14000014914200        5.59163248042576             1021
   3.14200014923699        5.55931026716717             1022
   3.14400014933199        5.51622119151987             1023
   3.14600014942698        5.50492824254558             1024
   3.14800014952198        5.46503805862740             1025
   3.15000014961697        5.42397831084207             1026
   3.15200014971197        5.41267942362465             1027
   3.15400014980696        5.38796167517081             1028
   3.15600014990196        5.34474458431825             1029
   3.15800014999695        5.31692468930036             1030
   3.16000015009195        5.28849208517000             1031
   3.16200015018694        5.24695707562380             1032
   3.16400015028194        5.21284346388653             1033
   3.16600015037693        5.17829814231023             1034
   3.16800015047193        5.16580711355433             1035
   3.17000015056692        5.10642283651978             1036
   3.17200015066192        5.09318128734827             1037
   3.17400015075691        5.06410493270494             1038
   3.17600015085191        5.03446056234650             1039
   3.17800015094690        5.01130017663352             1040
   3.18000015104190        4.99660161896609             1041
   3.18200015113689        4.97494114250876             1042
   3.18400015123188        4.95923385611735             1043
   3.18600015132688        4.93809285656549             1044
   3.18800015142187        4.91510863130912             1045
   3.19000015151687        4.89103081461973             1046
   3.19200015161186        4.86594054964371             1047
   3.19400015170686        4.83907236692496             1048
   3.19600015180185        4.81846743138507             1049
   3.19800015189685        4.80099763394333             1050
   3.20000015199184        4.77870039856993             1051
   3.20200015208684        4.75393301775679             1052
   3.20400015218183        4.73303658814169             1053
   3.20600015227683        4.71318017719314             1054
   3.20800015237182        4.69068695081398             1055
   3.21000015246682        4.66813491824083             1056
   3.21200015256181        4.64251189555973             1057
   3.21400015265681        4.62247356507927             1058
   3.21600015275180        4.60726112982258             1059
   3.21800015284680        4.58092397110537             1060
   3.22000015294179        4.55462039340287             1061
   3.22200015303679        4.54446462472901             1062
   3.22400015313178        4.51606901170686             1063
   3.22600015322678        4.50622662773356             1064
   3.22800015332177        4.51641890498809             1065
   3.23000015341677        4.48503915979527             1066
   3.23200015351176        4.46864549324848             1067
   3.23400015360676        4.45536777027883             1068
   3.23600015370175        4.43809017423540             1069
   3.23800015379675        4.44901036570780             1070
   3.24000015389174        4.44375299155712             1071
   3.24200015398674        4.41914656504057             1072
   3.24400015408173        4.42711236245930             1073
   3.24600015417673        4.42212489716709             1074
   3.24800015427172        4.39795371666551             1075
   3.25000015436672        4.41024972034618             1076
   3.25200015446171        4.39981377292424             1077
   3.25400015455671        4.39822269829921             1078
   3.25600015465170        4.39585167800076             1079
   3.25800015474670        4.39063722362742             1080
   3.26000015484169        4.38238784835674             1081
   3.26200015493669        4.37386659709737             1082
   3.26400015503168        4.36898633621633             1083
   3.26600015512668        4.36269113659859             1084
   3.26800015522167        4.35821111137979             1085
   3.27000015531667        4.37174066734500             1086
   3.27200015541166        4.37832812661305             1087
   3.27400015550666        4.38420395319350             1088
   3.27600015560165        4.37400279745460             1089
   3.27800015569665        4.37852404113859             1090
   3.28000015579164        4.35928468162194             1091
   3.28200015588664        4.37254556087777             1092
   3.28400015598163        4.37072134154849             1093
   3.28600015607662        4.36144418264739             1094
   3.28800015617162        4.37943999300711             1095
   3.29000015626661        4.36019426748157             1096
   3.29200015636161        4.35001089093275             1097
   3.29400015645660        4.35960059212521             1098
   3.29600015655160        4.36826769290492             1099
   3.29800015664659        4.38182612226345             1100
   3.30000015674159        4.37988943817094             1101
   3.30200015683658        4.39356805916876             1102
   3.30400015693158        4.39192689654417             1103
   3.30600015702657        4.40243318978697             1104
   3.30800015712157        4.38802521966398             1105
   3.31000015721656        4.38216145329177             1106
   3.31200015731156        4.42185225176625             1107
   3.31400015740655        4.42623439022340             1108
   3.31600015750155        4.42864545919932             1109
   3.31800015759654        4.44069387384690             1110
   3.32000015769154        4.44917724142782             1111
   3.32200015778653        4.45512168934569             1112
   3.32400015788153        4.45336904902011             1113
   3.32600015797652        4.47678563302383             1114
   3.32800015807152        4.46214794355445             1115
   3.33000015816651        4.46926701650955             1116
   3.33200015826151        4.48467290290631             1117
   3.33400015835650        4.49740038104355             1118
   3.33600015845150        4.52095938422717             1119
   3.33800015854649        4.54339276756160             1120
   3.34000015864149        4.55366578172892             1121
   3.34200015873648        4.55884199926630             1122
   3.34400015883148        4.58516779824160             1123
   3.34600015892647        4.61274647565559             1124
   3.34800015902147        4.62387536222115             1125
   3.35000015911646        4.62504415336065             1126
   3.35200015921146        4.63437172539532             1127
   3.35400015930645        4.65026362731122             1128
   3.35600015940145        4.66517008664086             1129
   3.35800015949644        4.67175915796310             1130
   3.36000015959144        4.70812374399975             1131
   3.36200015968643        4.71322692593560             1132
   3.36400015978143        4.71054817254655             1133
   3.36600015987642        4.74917225969955             1134
   3.36800015997142        4.75611723886803             1135
   3.37000016006641        4.77059855733067             1136
   3.37200016016141        4.78753274449147             1137
   3.37400016025640        4.79412561337464             1138
   3.37600016035140        4.82547376240604             1139
   3.37800016044639        4.83224756672047             1140
   3.38000016054139        4.85772870405577             1141
   3.38200016063638        4.87692473816685             1142
   3.38400016073138        4.89955390683375             1143
   3.38600016082637        4.92222912304103             1144
   3.38800016092137        4.93753923743032             1145
   3.39000016101636        4.96266320050694             1146
   3.39200016111135        4.98154502793215             1147
   3.39400016120635        5.00027348191477             1148
   3.39600016130134        5.02408958560787             1149
   3.39800016139634        5.03819119418971             1150
   3.40000016149133        5.07170316545293             1151
   3.40200016158633        5.08477815102786             1152
   3.40400016168132        5.11027287660167             1153
   3.40600016177632        5.13225298723206             1154
   3.40800016187131        5.14823289908469             1155
   3.41000016196631        5.18049529413693             1156
   3.41200016206130        5.20411461229436             1157
   3.41400016215630        5.21084086291492             1158
   3.41600016225129        5.23993156193756             1159
   3.41800016234629        5.26039289971814             1160
   3.42000016244128        5.29458971373737             1161
   3.42200016253628        5.30233670223504             1162
   3.42400016263127        5.32441547875293             1163
   3.42600016272627        5.35251206119545             1164
   3.42800016282126        5.37246287579648             1165
   3.43000016291626        5.39016350544989             1166
   3.43200016301125        5.43849663258530             1167
   3.43400016310625        5.42673223736696             1168
   3.43600016320124        5.45588871118613             1169
   3.43800016329624        5.47487138056196             1170
   3.44000016339123        5.51611923425458             1171
   3.44200016348623        5.53459915867075             1172
   3.44400016358122        5.55526074085385             1173
   3.44600016367622        5.57846826526336             1174
   3.44800016377121        5.60465681411326             1175
   3.45000016386621        5.61506542340852             1176
   3.45200016396120        5.64665129531175             1177
   3.45400016405620        5.65670598561876             1178
   3.45600016415119        5.68195983993821             1179
   3.45800016424619        5.70581302173436             1180
   3.46000016434118        5.72988480716012             1181
   3.46200016443618        5.74421396452002             1182
   3.46400016453117        5.76834701546468             1183
   3.46600016462617        5.79166857056320             1184
   3.46800016472116        5.81975946030579             1185
   3.47000016481616        5.82414452604018             1186
   3.47200016491115        5.87373932042159             1187
   3.47400016500615        5.89083756189793             1188
   3.47600016510114        5.91101971689612             1189
   3.47800016519614        5.94492664356716             1190
   3.48000016529113        5.95966194980778             1191
   3.48200016538613        5.99314511354081             1192
   3.48400016548112        6.01429064140655             1193
   3.48600016557612        6.05550666638650             1194
   3.48800016567111        6.06544515797868             1195
   3.49000016576611        6.09335114415735             1196
   3.49200016586110        6.11771454943344             1197
   3.49400016595609        6.15130026586354             1198
   3.49600016605109        6.17592420876958             1199
   3.49800016614608        6.19499689094722             1200
   3.50000016624108        6.21409188529477             1201
