 Time(s),Ip,I(CSU3),I(CSU2),I(CS1),I(CSL2)  
   0.0000000000000000        1.0000000000000000E-003   16.620000000000001        16.620000000000001        16.620000000000001        16.620000000000001        16.620000000000001        7.1501959999999984        1.0101139999999997        1.6016159999999998E-002  0.27969860000000002      -0.14572150000000000        7.0871969999999997     
   5.0000000000000003E-002   1.0000000000000000E-003   16.585909999999998        16.547339999999998        16.487660000000002        16.616550000000000        16.343470000000000        6.9941969999999989       0.98118449999999990        1.3847199999999997E-002  0.27621830000000003      -0.14903290000000002        7.0302350000000002     
  0.10000000000000001        1.0000000000000000E-003   16.575759999999999        16.484600000000000        16.351720000000000        16.632940000000001        16.073850000000000        6.8412509999999989       0.94385839999999988        1.7968979999999996E-002  0.27741710000000003      -0.15007780000000001        6.9771020000000004     
  0.14999999999999999        1.0000000000000000E-003   16.568510000000000        16.426439999999999        16.208770000000001        16.650430000000000        15.813300000000000        6.6959449999999991       0.90761949999999991        2.8439699999999995E-002  0.28358610000000001      -0.14819379999999999        6.9277660000000001     
  0.20000000000000001        1.0000000000000000E-003   16.563430000000000        16.372180000000000        16.062159999999999        16.668109999999999        15.559630000000000        6.5567879999999992       0.87215349999999991        4.3371079999999999E-002  0.29313010000000006      -0.14454330000000001        6.8810739999999999     
  0.25000000000000000        1.0000000000000000E-003   16.560030000000001        16.320979999999999        15.921960000000000        16.684680000000000        15.309290000000003        6.4219529999999994       0.83797069999999985        5.8056979999999994E-002  0.30206539999999998      -0.14171320000000004        6.8358319999999999     
  0.29999999999999999        1.0000000000000000E-003   16.557870000000001        16.272110000000001        15.787810000000000        16.699549999999999        15.061700000000000        6.2908699999999991       0.80489169999999988        7.2301269999999987E-002  0.31029800000000002      -0.13978209999999999        6.7917610000000002     
  0.34999999999999998        1.0000000000000000E-003   16.556229999999999        16.224460000000001        15.658390000000001        16.711739999999999        14.816839999999999        6.1630949999999993       0.77276359999999988        8.5974759999999983E-002  0.31756700000000004      -0.13889119999999999        6.7486020000000000     
  0.40000000000000002        1.0000000000000000E-003   16.552260000000000        16.173950000000001        15.529170000000002        16.716719999999999        14.576730000000001        6.0379459999999989       0.74175829999999987        9.7842139999999980E-002  0.32126490000000002      -0.14024439999999999        6.7056680000000002     
  0.45000000000000001        1.0000000000000000E-003   16.545300000000001        16.119679999999999        15.399139999999999        16.713580000000000        14.341680000000002        5.9151489999999995       0.71186609999999995       0.10772879999999999       0.32098650000000001      -0.14397789999999999        6.6628369999999997     
  0.50000000000000000        1.0000000000000000E-003   16.535350000000001        16.061550000000000        15.268150000000000        16.702449999999999        14.111540000000000        5.7945589999999987       0.68303559999999996       0.11568329999999999       0.31688480000000008      -0.14998139999999999        6.6201100000000004     
  0.55000000000000004        1.0000000000000000E-003   16.525900000000000        15.998210000000000        15.131910000000000        16.688620000000000        13.887090000000001        5.6764679999999990       0.65533199999999991       0.12057580000000000       0.31017509999999998      -0.15743320000000002        6.5771350000000002     
  0.59999999999999998        1.0000000000000000E-003   16.518770000000000        15.928970000000000        14.988289999999999        16.674840000000000        13.668630000000000        5.5609689999999992       0.62880009999999986       0.12181499999999999       0.30152380000000006      -0.16591639999999999        6.5336900000000000     
  0.65000000000000002        1.0000000000000000E-003   16.513839999999998        15.853890000000000        14.837500000000000        16.660990000000002        13.455990000000000        5.4479479999999993       0.60343839999999993       0.11945329999999998       0.29097010000000001      -0.17543180000000003        6.4897549999999997     
  0.69999999999999996        1.0000000000000000E-003   16.510480000000001        15.774030000000000        14.695819999999999        16.637820000000001        13.247320000000002        5.3373529999999993       0.57898219999999989       0.11508750000000000       0.27963310000000008      -0.18524400000000002        6.4460249999999997     
  0.75000000000000000        1.0000000000000000E-003   16.507729999999999        15.690510000000000        14.586330000000002        16.591740000000001        13.040060000000000        5.2291459999999992       0.55498239999999988       0.11100000000000000       0.26907370000000003      -0.19435060000000001        6.4034959999999996     
  0.80000000000000004        1.0000000000000000E-003   16.505479999999999        15.602869999999999        14.507630000000001        16.522980000000000        12.834200000000001        5.1232309999999988       0.53136869999999992       0.10710599999999999       0.25919310000000007      -0.20286540000000000        6.3620999999999999     
  0.84999999999999998        1.0000000000000000E-003   16.504290000000001        15.506150000000000        14.454610000000001        16.433019999999999        12.629430000000001        5.0192179999999995       0.50808379999999997       0.10339169999999999       0.24989180000000003      -0.21087970000000000        6.3217809999999997     
  0.90000000000000002        1.0000000000000000E-003   16.506840000000000        15.382849999999999        14.411849999999999        16.326750000000001        12.424790000000000        4.9159339999999991       0.48508989999999996       0.10005229999999998       0.24105620000000003      -0.21847230000000001        6.2825040000000003     
  0.94999999999999996        1.0000000000000000E-003   16.513420000000000        15.232160000000002        14.378190000000000        16.204799999999999        12.220090000000001        4.8132789999999988       0.46234149999999996        9.7045689999999990E-002  0.23261060000000003      -0.22570640000000000        6.2442169999999999     
   1.0000000000000000        1.0000000000000000E-003   16.523830000000000        15.057340000000002        14.353370000000000        16.068220000000000        12.016090000000000        4.7118459999999995       0.43977379999999994        9.4314339999999983E-002  0.22449490000000000      -0.23263390000000000        6.2068219999999998     
   1.0500000000000000        1.0000000000000000E-003   16.535229999999999        14.889540000000000        14.332140000000001        15.927230000000002        11.822660000000001        4.6185909999999994       0.41697359999999994        9.1778819999999983E-002  0.21665380000000004      -0.23929520000000004        6.1696460000000002     
   1.1000000000000001        1.0000000000000000E-003   16.546399999999998        14.736860000000002        14.312920000000000        15.784540000000000        11.642250000000001        4.5351650000000001       0.39375149999999992        8.9389229999999986E-002  0.20904360000000002      -0.24572940000000001        6.1323960000000000     
   1.1499999999999999        5.0499999999999996E-002   16.557009999999998        14.598280000000003        14.294790000000003        15.639900000000001        11.474360000000001        4.4611340000000004       0.37003279999999994        8.7046309999999988E-002  0.20155229999999999      -0.25200420000000001        6.0949609999999996     
   1.2000000000000000        9.9999999999999992E-002   16.561789999999998        14.480449999999999        14.261920000000000        15.522629999999999        11.318030000000000        4.3941469999999994       0.35656719999999992        8.4136929999999985E-002  0.19358920000000002      -0.25668330000000000        6.0605130000000003     
   1.2500000000000000       0.15454550000000000        16.556870000000000        14.388640000000001        14.204050000000001        15.453860000000001        11.172100000000000        4.3321959999999988       0.36095659999999996        8.0090979999999992E-002  0.18473880000000001      -0.25880490000000006        6.0311019999999997     
   1.3000000000000000       0.20909090000000000        16.542100000000001        14.321940000000001        14.120890000000001        15.431710000000001        11.035869999999999        4.2747139999999995       0.38243989999999994        7.4553719999999990E-002  0.17474050000000002      -0.25867270000000003        6.0061869999999997     
   1.3500000000000001       0.26363639999999994        16.516100000000002        14.272380000000002        14.020890000000000        15.439800000000000        10.906430000000000        4.2208779999999990       0.41114809999999996        6.8022799999999994E-002  0.16401430000000000      -0.25693510000000008        5.9842620000000002     
   1.3999999999999999       0.31818179999999996        16.476389999999999        14.224299999999999        13.918820000000000        15.446690000000000        10.778820000000000        4.1700100000000004       0.42805299999999996        6.1951139999999995E-002  0.15357450000000000      -0.25459820000000000        5.9629370000000002     
   1.4500000000000000       0.37272729999999998        16.423439999999999        14.177759999999999        13.815410000000000        15.452340000000000        10.653230000000002        4.1225569999999987       0.43343329999999997        5.6618989999999994E-002  0.14353220000000000      -0.25162850000000003        5.9423079999999997     
   1.5000000000000000       0.42727270000000001        16.357469999999999        14.132810000000001        13.712270000000002        15.456750000000000        10.528750000000000        4.0790689999999987       0.42955859999999996        5.1967939999999990E-002  0.13392710000000002      -0.24837630000000002        5.9226190000000001     
   1.5500000000000000       0.48181819999999992        16.277400000000000        14.087990000000000        13.617459999999999        15.457440000000000        10.399430000000001        4.0408009999999992       0.42586689999999994        4.6848409999999993E-002  0.12476080000000002      -0.24688910000000003        5.9046760000000003     
   1.6000000000000001       0.53636360000000005        16.183319999999998        14.043189999999999        13.531829999999999        15.454319999999999        10.264680000000000        4.0078069999999997       0.42359399999999997        4.1096289999999994E-002  0.11607890000000001      -0.24735330000000003        5.8887520000000002     
   1.6499999999999999       0.59090909999999996        16.076020000000000        13.998290000000003        13.455109999999999        15.447530000000000        10.125069999999999        3.9798979999999995       0.42267079999999996        3.4728879999999990E-002  0.10791160000000000      -0.24962409999999999        5.8749640000000003     
   1.7000000000000000       0.64545449999999993        15.966540000000000        13.948370000000001        13.384620000000000        15.433980000000000        9.9870730000000005        3.9550429999999994       0.42284109999999997        2.7495839999999997E-002   9.9778840000000008E-002 -0.25272860000000003        5.8629590000000000     
   1.7500000000000000       0.69999999999999996        15.859240000000002        13.891470000000000        13.318930000000002        15.412540000000000        9.8532080000000004        3.9324119999999989       0.42402199999999995        1.9309549999999998E-002   9.1498670000000004E-002 -0.25626740000000003        5.8525879999999999     
   1.8000000000000000       0.72666669999999989        15.754049999999999        13.827650000000000        13.257809999999999        15.383400000000000        9.7234029999999994        3.9119619999999995       0.42621559999999992        1.0174769999999998E-002   8.3076559999999994E-002 -0.26022339999999999        5.8438660000000002     
   1.8500000000000001       0.75333329999999987        15.654100000000001        13.760570000000000        13.200160000000000        15.342800000000002        9.6013020000000022        3.8930819999999997       0.42727979999999993        5.9827839999999997E-004   7.4396170000000011E-002 -0.26475620000000005        5.8357130000000002     
   1.8999999999999999       0.77999999999999992        15.562680000000002        13.693940000000001        13.144930000000002        15.286880000000000        9.4907629999999994        3.8751879999999996       0.42503349999999995       -8.8452219999999981E-003   6.5344260000000001E-002 -0.27000980000000002        5.8270270000000002     
   1.9500000000000000       0.80666669999999996        15.479620000000002        13.627560000000001        13.092150000000002        15.216060000000001        9.3915869999999995        3.8583259999999995       0.41961709999999997       -1.8118949999999998E-002   5.5942699999999998E-002 -0.27593830000000003        5.8178950000000000     
   2.0000000000000000       0.83333330000000005        15.404810000000001        13.561360000000001        13.041800000000000        15.130660000000001        9.3035789999999992        3.8425229999999995       0.41112019999999994       -2.7194389999999995E-002   4.6207650000000003E-002 -0.28250819999999999        5.8083869999999997     
   2.0499999999999998       0.85999999999999999        15.334020000000001        13.493820000000001        12.991730000000000        15.037150000000000        9.2201280000000008        3.8258499999999995       0.40142049999999996       -3.6090680000000000E-002   3.6250209999999998E-002 -0.28935090000000002        5.7975479999999999     
   2.1000000000000001       0.88666670000000003        15.262900000000000        13.423620000000001        12.939760000000001        14.942230000000000        9.1343619999999994        3.8063209999999996       0.39243649999999997       -4.4865269999999992E-002   2.6175230000000004E-002 -0.29607879999999998        5.7844300000000004     
   2.1499999999999999       0.91333330000000001        15.191599999999999        13.351020000000002        12.886050000000001        14.845890000000001        9.0464249999999993        3.7840669999999994       0.38411509999999993       -5.3536919999999995E-002   1.5978780000000001E-002 -0.30267539999999998        5.7691619999999997     
   2.2000000000000002       0.93999999999999995        15.120230000000001        13.276210000000003        12.830690000000001        14.748130000000000        8.9564129999999995        3.7591869999999994       0.37643139999999997       -6.2117519999999996E-002   5.6601970000000005E-003 -0.30912370000000006        5.7518320000000003     
   2.2500000000000000       0.96666669999999988        15.048819999999999        13.199360000000000        12.773770000000001        14.648999999999999        8.8644010000000009        3.7317669999999992       0.36937169999999997       -7.0615459999999991E-002  -4.7800140000000000E-003 -0.31540859999999998        5.7325049999999997     
   2.2999999999999998       0.99333329999999986        14.977430000000002        13.120559999999999        12.715350000000001        14.548500000000001        8.7704489999999993        3.7018769999999996       0.36292819999999992       -7.9036919999999983E-002  -1.5341090000000002E-002 -0.32151770000000002        5.7112290000000003     
   2.3500000000000001        1.0200000000000000        14.906060000000000        13.039899999999999        12.655480000000001        14.446680000000001        8.6746040000000004        3.6695809999999995       0.35709569999999996       -8.7386909999999998E-002  -2.6022840000000002E-002 -0.32744160000000000        5.6880420000000003     
   2.3999999999999999        1.0466670000000000        14.834720000000001        12.957440000000000        12.594180000000000        14.343530000000001        8.5769090000000006        3.6349369999999990       0.35187009999999996       -9.5669539999999983E-002  -3.6825440000000008E-002 -0.33317320000000006        5.6629779999999998     
   2.4500000000000002        1.0733329999999999        14.763410000000000        12.873220000000002        12.531480000000000        14.239089999999999        8.4774010000000004        3.5979959999999993       0.34724799999999995      -0.10388799999999998       -4.7749189999999997E-002 -0.33870749999999999        5.6360609999999998     
   2.5000000000000000        1.0999999999999999        14.692119999999999        12.787290000000002        12.467400000000001        14.133360000000000        8.3761130000000001        3.5588079999999995       0.34322639999999993      -0.11204499999999999       -5.8794340000000000E-002 -0.34404110000000004        5.6073139999999997     
   2.5499999999999998        1.1250000000000000        14.620100000000001        12.700290000000001        12.401420000000000        14.027990000000001        8.2741229999999995        3.5183369999999994       0.33952609999999994      -0.12002599999999998       -6.9813220000000009E-002 -0.34906210000000004        5.5777070000000002     
   2.6000000000000001        1.1499999999999999        14.546510000000000        12.612900000000002        12.332990000000001        13.924620000000001        8.1724910000000008        3.4775759999999996       0.33584819999999993      -0.12771210000000000       -8.0657519999999996E-002 -0.35367940000000003        5.5481889999999998     
   2.6499999999999999        1.1750000000000000        14.471360000000001        12.525110000000000        12.262150000000000        13.823140000000000        8.0711309999999994        3.4365079999999995       0.33219209999999999      -0.13510929999999996       -9.1339290000000017E-002 -0.35792380000000001        5.5186789999999997     
   2.7000000000000002        1.2000000000000000        14.394640000000001        12.436920000000001        12.188969999999999        13.723459999999999        7.9699879999999999        3.3951269999999996       0.32855699999999999      -0.14222050000000000      -0.10186580000000002      -0.36181790000000003        5.4891240000000003     
   2.7500000000000000        1.2249999999999999        14.316369999999999        12.348340000000000        12.113490000000001        13.625510000000002        7.8690239999999996        3.3534329999999994       0.32494229999999996      -0.14904659999999997      -0.11224130000000000      -0.36537910000000001        5.4594839999999998     
   2.7999999999999998        1.2500000000000000        14.236540000000002        12.259370000000001        12.035769999999999        13.529220000000000        7.7682120000000010        3.3114259999999995       0.32134849999999993      -0.15558659999999996      -0.12246770000000001      -0.36862060000000008        5.4297310000000003     
   2.8500000000000001        1.2749999999999999        14.155170000000000        12.170000000000000        11.955870000000001        13.434570000000003        7.6675360000000001        3.2691109999999997       0.31777699999999992      -0.16183899999999998      -0.13254530000000003      -0.37155220000000000        5.3998460000000001     
   2.8999999999999999        1.3000000000000000        14.072290000000001        12.080260000000001        11.873820000000002        13.341500000000000        7.5669820000000003        3.2264919999999995       0.31422929999999993      -0.16780119999999998      -0.14247370000000004      -0.37418089999999998        5.3698160000000001     
   2.9500000000000002        1.3250000000000000        13.987890000000000        11.990130000000001        11.789660000000000        13.249990000000000        7.4665439999999998        3.1835749999999994       0.31070709999999996      -0.17347129999999997      -0.15225200000000000      -0.37651200000000007        5.3396299999999997     
   3.0000000000000000        1.3499999999999999        13.901999999999999        11.899620000000001        11.703440000000001        13.160010000000000        7.3662169999999998        3.1403649999999996       0.30721199999999993      -0.17884710000000001      -0.16187940000000001      -0.37854949999999998        5.3092829999999998     
   3.0499999999999998        1.3750000000000000        13.814800000000000        11.810309999999999        11.615810000000000        13.073180000000001        7.2659779999999996        3.0970439999999995       0.30361319999999997      -0.18385079999999998      -0.17126890000000003      -0.38051840000000003        5.2789089999999996     
   3.1000000000000001        1.3999999999999999        13.726459999999999        11.723830000000000        11.527540000000000        12.991140000000001        7.1657850000000005        3.0537999999999994       0.29977989999999999      -0.18839149999999996      -0.18031710000000001      -0.38264670000000001        5.2486540000000002     
   3.1499999999999999        1.4250000000000000        13.636990000000003        11.640100000000000        11.438690000000001        12.913819999999999        7.0656260000000000        3.0106279999999996       0.29573029999999995      -0.19245199999999998      -0.18900250000000002      -0.38491470000000005        5.2185160000000002     
   3.2000000000000002        1.4500000000000000        13.546370000000000        11.559049999999999        11.349259999999999        12.841120000000000        6.9654999999999996        2.9675229999999995       0.29147519999999999      -0.19602119999999998      -0.19731130000000002      -0.38730840000000000        5.1884959999999998     
   3.2500000000000000        1.4749999999999999        13.454620000000000        11.480600000000001        11.259169999999999        12.772950000000000        6.8654039999999998        2.9244779999999997       0.28701630000000000      -0.19909739999999998      -0.20524129999999999      -0.38982210000000000        5.1585890000000001     
   3.2999999999999998        1.5000000000000000        13.361739999999999        11.404660000000000        11.168340000000001        12.709210000000001        6.7653390000000000        2.8814839999999995       0.28234969999999993      -0.20168509999999998      -0.21279810000000002      -0.39245679999999999        5.1287870000000000     
   3.3500000000000001        1.5249999999999999        13.267740000000000        11.331160000000001        11.076680000000000        12.649830000000000        6.6653050000000000        2.8385309999999997       0.27746739999999992      -0.20379289999999997      -0.21999190000000002      -0.39521760000000000        5.0990820000000001     
   3.3999999999999999        1.5499999999999998        13.172610000000001        11.260009999999999        10.984109999999999        12.594680000000000        6.5653009999999998        2.7956059999999994       0.27235929999999997      -0.20543179999999997      -0.22683590000000003      -0.39811289999999999        5.0694629999999998     
   3.4500000000000002        1.5750000000000000        13.076359999999999        11.191140000000001        10.890570000000002        12.543699999999999        6.4653250000000000        2.7526999999999995       0.26701390000000003      -0.20661369999999998      -0.23334460000000001      -0.40115290000000003        5.0399200000000004     
   3.5000000000000000        1.5999999999999999        12.978990000000000        11.124470000000001        10.795970000000002        12.496790000000001        6.3653779999999998        2.7097999999999995       0.26141900000000001      -0.20735159999999994      -0.23953340000000004      -0.40434880000000001        5.0104410000000001     
   7.5000000000000000        2.5000000000000000        13.589600000000001        12.470100000000002        8.2428000000000008        14.509800000000000        7.3314000000000004        5.8121999999999989       -1.7233999999999998       0.48529999999999995      -0.44790000000000008       -1.9005000000000001        7.5460000000000003     
   10.000000000000000        3.0999999999999996        12.705900000000000        9.9188000000000009        7.3677999999999999        13.027000000000001        7.2126999999999999        5.6556999999999995       -1.0599999999999998      -0.21559999999999996      -0.42599999999999999       -2.2515000000000005        8.2326999999999995     
   12.000000000000000        3.5000000000000000        10.760999999999999        9.1854999999999993        5.5675999999999997        12.576499999999999        6.1595000000000004        4.0854999999999988       -1.0078000000000000       0.83289999999999986       -2.0682000000000000       -2.0722999999999998        10.049200000000001     
   20.000000000000000        5.0999999999999996        13.485700000000000        3.8174999999999999        2.7285000000000004        8.5795999999999992        6.8670000000000000        5.5879999999999992       -1.5590999999999997      -0.46770000000000000       -1.3353000000000002       -3.8575000000000004        12.107300000000000     
   30.000000000000000        7.5499999999999998        8.2416000000000000        1.6982999999999999       -3.3130000000000002        3.4671000000000003        5.6934000000000005        4.8728999999999987       -1.9138999999999999       -1.2996999999999999       -1.7714000000000001       -5.9169000000000000        15.225099999999998     
   50.000000000000000        7.5499999999999998        6.4432999999999998        1.1301000000000001       -6.1490999999999998        2.7582000000000000        5.7359999999999998        4.3401999999999994       -1.4617999999999998       -2.0976999999999997       -1.9308000000000003       -4.5044000000000004        11.882199999999999     
   100.00000000000000        7.5299999999999994        2.8149000000000006       0.47750000000000004       -12.352900000000000      -0.25530000000000003        5.7511000000000001       0.56349999999999989      -0.63729999999999987       -2.7997999999999994       -2.6546000000000003       -1.8066000000000000        5.4019000000000004     
   1000.0000000000000        7.5299999999999994        2.8149000000000006       0.47750000000000004       -12.352900000000000      -0.25530000000000003        5.7511000000000001       0.56349999999999989      -0.63729999999999987       -2.7997999999999994       -2.6546000000000003       -1.8066000000000000        5.4019000000000004     
 
